1,100,12287.243243243243,287.43404212658436,7.188403417617786,37
2,100,887.7746478873239,233.16682232897043,2.8612320202995587,71
4,100,354.55882352941177,144.13257113294367,1.8383605829665721,34
5,100,709.4967948717949,187.57179656341168,2.1320618902577237,312
6,100,2002.6157894736841,141.2232014543554,3.2839964969675366,190
7,100,1237.8709677419354,149.8771714113109,3.2850589524026,93
8,100,1200.334975369458,232.01177591115933,2.280800545868385,203
9,100,1315.2456140350878,212.03120567489327,4.1599840138928625,57
10,100,6060.175,153.66600511974138,1.2369006615232694,320
11,100,1256,238.50937074415387,2.057388797323853,44
12,100,939.6206896551724,236.12807410122107,2.68837641396652,29
13,100,13664.8,237.76122123974977,13.550597214496173,5
14,100,440.75,149.00562148577922,1.4203489339577047,40
15,3,2164.6531165311653,136.4238009560078,1.3660922332535954,369
16,3,4770.341935483871,146.04733745715566,1.131681059257035,155
17,100,690.7557251908397,154.58314217010027,1.63640813555087,131
18,100,386.97058823529414,212.12319509417443,1.5097997928567575,34
19,100,357.8333333333333,120,0.8531322950760146,6
20,100,1702.860465116279,202.37297275424717,5.074936381877408,43
21,3,7192.6,203.87492816237898,2.0041677142652405,330
22,100,668.797783933518,168.6744271343625,2.034610150648463,361
23,3,1081.4964285714286,162.1341430599308,1.4045021565006997,280
24,100,2391.1893203883496,149.47312056250607,3.242533873043904,206
25,20,10578.777777777777,265.0943369108658,11.099415881773258,9
26,20,8194.619047619048,298.9461771939298,5.808116287241312,42
27,100,437.40625,138.2024872057305,1.833909059088035,32
28,3,226.66666666666666,111.85201507319448,2.2212895036998455,3
29,100,112.88235294117646,109.52802021715942,3.2615723243117163,17
30,100,299.2909090909091,153.7382053571819,1.134538129564658,55
31,100,162.42857142857142,122.62378009477568,3.2690557113069083,7
32,100,4683.868421052632,286.761938605847,8.234657664737592,38
33,100,56,180,3.2390002784739624,3
34,100,226.3,164.97448812969424,2.0375495815812803,10
35,100,711.8157894736842,233.8340908087911,1.4259058747934894,38
36,20,786.0888888888888,130.4707970751048,1.6019638218940875,90
37,20,3784.4,295.3189952159621,7.31811315239779,45
38,100,312.65384615384613,158.8600141140357,2.0593931947911877,52
39,3,6984.6,153.24563910074482,1.8193524139242743,30
40,20,3758.7293233082705,199.69829613217925,5.493924824502306,133
42,100,99,135,3.6231884057971016,2
43,100,389.44444444444446,123.42638969496407,1.5126657383468907,27
44,3,761.5806451612904,187.96391170275072,2.3327057914183578,31
45,3,7424,73.347849831846,0.977829609262181,7
47,20,218.875,166.8431101621178,1.7609699420476133,8
50,100,837.1964285714286,270.18944855745946,2.8720349263390754,56
51,20,3340.3299663299663,189.25091510960473,2.9627218097981367,297
52,100,227.66666666666666,102.5,1.0510954106207304,18
53,20,4256.284768211921,208.92307056162298,4.907181937690308,151
54,100,1428.8032128514055,218.38721633976508,1.7580829492672423,249
55,100,1339.6626794258373,158.7379282199597,1.194095256406386,418
57,100,495.25,101.25,0.7937551147787338,4
58,100,946.828793774319,149.75400399381778,2.045379279500336,257
59,20,47.666666666666664,187.2671364954506,1.92951884386094,3
60,100,3740.2075471698113,295.08618870430155,6.194048926317164,53
61,20,1321.952380952381,195.45248631682932,1.3785106590006866,210
62,100,896.3884892086331,247.78680338721742,3.0965589238483515,139
63,100,140.33333333333334,96.144982940974,1.1411136461251141,3
64,20,865.9208333333333,165.74067314080693,1.5434576971480118,240
65,100,930.6574074074074,145.6032979056627,1.6775483173119201,108
66,100,60.75,126.0951334360218,2.5757817053023353,12
67,100,3008.903381642512,243.81641565104175,2.084071737446126,207
68,100,167.23529411764707,180.6246856044797,1.0413578147627374,17
69,100,394.36,222.2866538328833,1.6522765244049231,25
70,100,324.51724137931035,129.23379250296247,1.0631851681389795,58
71,100,912.8173913043478,152.56512324358425,3.2410219987541655,115
72,100,58.666666666666664,112.5,1.2343058720465627,6
73,3,14366.104972375691,172.1221921226747,3.158404515856152,543
74,20,117.5,152.8912627942695,0.9283624708096863,4
75,100,185.83333333333334,170.74915602168042,5.641716145870935,6
76,100,368.8333333333333,190.0468069033745,1.61851639308338,18
77,100,1264.6451612903227,240.27300916326527,10.135640538031575,31
79,3,746.0833333333334,68.9533609702403,5.967234332642814,24
80,100,1096.4606741573034,135.19222763650507,3.9948637118448342,89
81,100,480.5128205128205,161.80865122635473,2.1920885755918422,39
82,100,226.20408163265307,125.44010308524649,0.917579340384548,49
83,100,677.6206896551724,164.03055740352406,1.7572385249680682,29
85,20,4977.241134751773,131.41429301271523,2.8511913380608784,141
86,100,536.2,157.81798301198643,1.16387502924468,10
87,100,1384.6528925619834,255.13244884057625,2.377195681870418,121
88,20,143.16666666666666,233.48435685229506,1.9683974226010001,6
89,100,1468.0714285714287,224.23839133651296,3.1966053832251924,14
90,100,977.5677419354839,221.8003606006079,2.5714177168610735,155
91,20,4519.076738609113,172.1951230244994,2.372454627054006,417
92,100,869.0952380952381,287.7031695617525,2.2514267501367287,84
93,100,1368.1180555555557,224.7176601416251,1.750804226445392,144
94,100,429.55555555555554,230.4516723530087,1.3360891081172808,18
95,100,691.5483870967741,213.60664475427015,1.9129717485216773,93
97,100,562.5,85.40045068855939,2.3486449331261556,6
98,100,1706.3684210526317,232.73749011729868,2.406657921605518,152
99,3,2022.6708860759493,147.3695753963237,2.4534429286292068,158
100,3,3572.0333333333333,294.7488761456279,5.5057726036026375,60
101,100,102.57142857142857,129.57401739056618,1.1006679065679366,14
102,100,1163.3103448275863,197.077492762988,1.9901748839696538,29
103,100,1723.6726457399104,235.34179223898667,2.7008962680571527,223
104,100,1257.9285714285713,140.68721886351227,1.9465025620083476,84
105,100,1100.139689578714,181.92478735631903,2.2425530969940253,451
106,3,1140.498366013072,146.94971341989694,1.3872898232806257,612
107,100,1354.9708737864078,146.11943585556824,2.0884018530982407,206
108,20,227.9375,136.54937338836982,3.3952452041929155,16
109,100,522.0769230769231,191.5126901024294,1.275864374881211,39
110,100,1642.1354166666667,79.71968736627424,4.128005433246561,96
111,3,1488.4701754385965,147.13675580150706,1.7239414832549382,285
112,100,178,162.69306367051146,2.0100654425503115,4
113,20,1937.08,139.12675181645085,1.77630750410714,225
114,100,1712.5978260869565,198.28443633409793,2.9092336474132923,184
115,100,1628.6470588235295,175.05150719475998,2.5703145907384344,34
116,100,411.84615384615387,186.25269758393586,1.9702003793865652,26
117,100,1709.5762711864406,240.25423728813558,1.1454527240880457,59
118,100,58.25,130.78874155925251,1.271284962870627,8
119,20,6102.669117647059,153.6556890594572,4.093484601614771,136
120,3,3841.576923076923,213.7050255151077,2.4585339390658483,156
121,100,1097.12,207.68660434391003,1.5934311631489961,50
122,100,1185.25,294.2170335382028,3.407413051839488,8
123,100,1433.3191489361702,193.72320556617188,5.11997590157238,47
124,100,1551.576923076923,204.21524956591404,3.4702844418489867,26
125,100,85.7,153,0.965179003254487,30
126,100,435.1162790697674,210.34883720930233,1.3779122762265914,43
127,100,1386.4766355140187,229.29465671812676,2.5367983553399776,214
128,20,14291.495762711864,209.37393588843335,3.3366166894144746,236
130,20,8738.861111111111,293.03606222095846,6.436345141502777,36
132,100,1425.3709677419354,213.16771222731225,4.768622021062748,62
133,100,341.8909090909091,144.50171283602518,1.546139063911326,55
134,100,95.5,67.5,0.8859482456564804,6
136,100,619.7878787878788,202.19784265785307,1.5705202254728425,33
137,100,782.8130841121496,152.45873103605572,2.2741288426121433,214
138,100,978,173.35326441193814,4.9505382435002545,19
139,100,1497.8333333333333,241.89704499012575,5.124745303914623,12
140,100,554.7391304347826,177.55174206634695,1.173836117626087,23
141,3,919.9157894736842,154.72438159953188,2.0392401560624767,190
142,100,1005.1860465116279,206.27063112442556,2.583893660138447,43
143,100,1316.2323232323233,202.3408762857456,4.529201651619226,99
144,100,1373.952380952381,181.0506964800872,5.419318874052502,21
145,100,2014.5808219178082,210.45601291198213,1.6311482599511509,365
146,100,2251.8333333333335,156.7101076371829,1.4748325517477225,78
147,100,447.85981308411215,156.9189478088613,1.3463196725104103,107
148,100,1259.5666666666666,154.6604914042962,2.2439989161447715,60
150,100,526.2272727272727,226.58079270833113,1.3291333655615014,44
151,20,5288.3,294.74149385336955,7.281377303500276,30
152,3,6110.486111111111,291.28590101007234,4.242241117087003,72
153,100,377.7368421052632,221.8752685449556,1.2542787691862387,38
154,100,443.44827586206895,191.29197467386723,1.3262755846609033,29
155,3,1117.1813186813188,148.43767894573753,2.0109774741471114,182
156,100,1517.7839721254356,144.09972419139572,1.6599337275079058,287
157,20,74,144,1.0285224322625328,10
159,100,3344.374269005848,142.06393762047716,2.1378984589868915,171
160,3,425.5,116.92750852951299,1.4930690059293763,6
162,100,2429.9285714285716,188.36869071017858,2.920512073672757,84
163,100,232.12,147.18041498918862,1.6596252042784627,50
164,100,2112,177.1323746112753,3.4332812535249406,143
165,100,976.7906976744187,224.87595223394058,1.6374028877212619,86
166,20,5348.408450704225,299.18436850703216,4.318003442235021,71
167,100,184.875,145.4198421507163,0.948290517863083,32
168,20,519.8888888888889,138.23731756942405,3.1542796057838762,18
169,3,1502.3884615384616,185.381775481579,2.881953369290787,260
170,100,127.21875,174.05143551267057,1.3493927822462937,32
171,100,1057.735294117647,145.63921992491652,1.4388826245989763,374
172,3,921.9545454545455,183.5768212511809,1.2090077964997632,22
174,3,10787.579710144928,291.9845419153829,4.617516662805232,69
175,100,2665.5057471264367,165.8698719499759,1.787179193201899,174
176,3,7239.7307692307695,283.892273022307,3.182206085775126,104
177,20,150.8,203.3130102354156,1.2006930421612636,5
178,100,706.3333333333334,147.68087761941925,3.461768282793937,27
179,100,1501.3154761904761,167.17242648016412,1.7370762480381319,672
182,3,1359.9381443298969,146.56819934707048,2.6208152883712343,97
183,100,293.07142857142856,189.55701192396768,1.0341154417604335,14
184,100,314.6666666666667,202.5,1.2891009609473392,6
185,20,181.9090909090909,134.25665009378616,5.292079955039055,11
186,100,818.4193548387096,155.9095231911884,1.7370152078611258,31
187,100,121.44444444444444,141.58465931474458,2.2986818892286056,18
188,100,140.61111111111111,113.82437445462064,1.6743245536811586,18
189,100,1295.729411764706,145.09464031837248,2.8975892518423056,85
190,100,296,172.78657200036184,3.631713647928161,6
191,100,1043.111111111111,152.68036518544147,5.567975639344003,9
192,100,266.8157894736842,147.1289659142941,1.0300414566260887,76
193,100,473.25,119.93622032423556,3.969162281445462,4
194,100,825.1967213114754,152.97046753941558,1.5360980707136873,122
195,20,166.06451612903226,138.8443176104461,1.8555368622841197,31
196,100,1347.6832740213524,147.13197218002762,1.7890785896133414,281
197,100,91,35.78252558853899,1.2162606385262997,2
198,100,289.06060606060606,214.89591064172964,1.1633534142156334,33
199,3,1534.7416666666666,150.5469822940389,2.2845363421826925,240
200,3,2030.5903614457832,197.03131225843347,1.3909303378768183,249
201,3,1968.1951219512196,100.47176536679892,4.487712137697918,41
202,100,600.5,96.6412627942695,1.1777793991739272,4
203,3,4030.427807486631,117.76203246268905,3.5232780435634536,187
204,100,3136.850980392157,146.67487218223906,2.053572137945745,255
205,3,1439.375,173.95746322482924,1.628125485217771,264
206,20,284.97701149425285,166.79495700938884,1.0345282542874021,87
207,3,274.4166666666667,179.88726303200625,1.3273810299902309,36
208,20,119,133.5757885475294,1.6087577034246976,27
209,100,426.19718309859155,154.45989770181916,1.477476339629488,71
211,20,9695.947368421053,290.8236160272522,7.121648464847797,19
212,100,8079,296.5632754150488,6.23014499586954,32
213,100,1429.6486486486488,303.10974859311574,8.738255789383969,37
215,100,12,0,0.7194244604316548,2
216,100,742.68,158.75248847973563,1.5453613166715259,75
218,100,8070.365853658536,282.16912975834225,3.4242535783226136,123
219,20,1351.538812785388,149.3138024713991,1.0383623588601225,219
220,100,1283.983606557377,147.62397012089733,2.9598334218784235,122
221,20,516.8620689655172,156.86283980622773,1.5305871022600361,29
222,100,930.0084033613446,154.43911887552164,3.176757288276781,119
224,3,13002.984615384616,245.9751313077563,3.685288708282306,130
225,100,2864.7063197026023,145.47725257336398,1.184532248972895,269
226,100,119.7,157.5,0.7209313322932746,10
227,20,602.375,145.92367149678662,2.4279418324677344,40
229,100,4097.609756097561,170.79215923640703,3.3838482227893865,205
231,100,1593.483870967742,172.12008151343028,1.6240278830406918,31
232,100,606.578947368421,206.23923222197155,1.3428120489088706,133
233,100,258.1,132.3434948822922,1.3701971996978164,10
234,100,921.3870967741935,276.4424615658348,3.816053177284141,62
235,100,929,113.6160451916909,2.880850673924476,91
236,100,10745.905263157894,172.84971237028537,2.176601171005673,665
237,100,817.4675052410902,164.95264664736692,1.1909146658420475,477
238,100,453.5652173913044,173.63869858808607,0.8864272903907898,23
239,100,485.63157894736844,142.90948018082557,2.3734468072873853,38
240,20,2382.7272727272725,130.99180837757316,2.5773566065248708,143
241,100,848.4745762711865,145.92191500474544,1.5766112545442805,295
242,100,1941.3703703703704,212.06451199162382,3.7218254902913435,81
243,100,476.16438356164383,251.79944835925986,2.1635733055187263,73
244,100,599.8181818181819,104.81165515218464,1.5003042140270388,22
245,3,2545.6975945017184,165.00748389731746,1.2299462467523543,291
248,100,475.1875,151.26355639373628,2.4695078444148004,16
249,3,5844.724137931034,290.16256995648877,6.692324395801241,29
251,100,1767.6165413533834,166.95708714188586,1.5486210230316877,532
252,20,73,191.30622666456253,3.8888363597260422,7
254,100,1338.8666666666666,251.76332568595632,2.446131987609557,120
256,100,2794.592039800995,221.7105448571441,2.5121963863990593,201
257,3,951.0958904109589,182.02578261003146,3.3586515930931142,73
258,100,2029.1597633136096,245.4420123832252,2.2354116638620907,169
259,100,62.5,90,0.3597122302158274,2
260,100,686.719387755102,148.328107308953,1.5868564766907853,196
261,3,6109.833333333333,244.12370192205591,4.1075548011703775,96
262,100,924,197.87357739978506,4.839390099907446,7
263,3,5161.991150442478,278.8377812518222,3.008352061711296,113
264,100,258.34285714285716,163.40528331786052,1.4776365784808163,35
265,100,980.7398843930636,226.66106624126965,2.5586326587758585,173
266,100,1602.1666666666667,66.0224608577815,4.231434583162555,42
268,3,8847.923664122138,248.46195130852234,2.9571279044463736,131
269,100,1201.5384615384614,258.2261949606893,3.093265848513133,39
270,3,1446.15625,185.1730149182048,4.186247111085668,160
271,3,1228.8936170212767,137.92699312123685,3.1542368549421433,141
272,100,281.6136363636364,192.97957204431506,1.9858255665823774,44
273,100,90.85714285714286,190.6778401852775,1.5839026285463997,7
274,3,979.7764227642276,154.84046292713543,1.9739167439133554,246
276,100,517,254.8795304334908,2.4153007277404086,8
278,3,14160.09090909091,250.42372116957597,3.1181423295172994,143
279,100,197.5,172.30321877848533,2.3590988395632317,12
280,100,138,202.5,0.9733089241285963,4
282,100,139.33333333333334,128.85501705902598,0.7996239813036463,3
283,20,2786.2541666666666,130.96382277033507,1.6584088898352864,240
284,3,11758.666666666666,274.6915171794661,7.189891378465069,9
285,3,2775.1825396825398,133.36753692486175,2.014699986291222,252
286,100,250.68965517241378,155.03223961458352,1.1710041174573331,58
288,3,5762.980295566503,254.58407961932494,1.9327990351173927,203
291,100,908.6279069767442,150.82553560808915,2.577610661058814,43
292,3,3010.237885462555,133.58757191402486,2.0169312882106856,227
293,100,1148.7,144,0.769456265158045,10
294,20,508.8333333333333,165.47244858682194,2.5459178507256635,12
295,100,778.8448275862069,219.3538001623556,1.0515588303935843,58
297,20,6482.469512195122,164.95555310456865,2.220871120653092,492
298,100,596.59375,128.48730739060807,2.54888177025981,32
299,100,643.1923076923077,153.20578782814286,1.2756093464872,26
300,100,167.6,138.6869897645844,1.840184765403586,5
301,100,1060.9607843137255,246.69579554698575,3.9825904112649106,51
302,100,534.7,160.51593114799132,1.6963916246536002,60
303,20,274.04761904761904,172.45244925352605,2.0899680232880717,21
304,3,2008.0526315789473,120.8271796343475,3.3684592154838278,38
305,20,6691.581395348837,183.51280774286633,2.438876280397857,387
306,100,215.19736842105263,121.85792880644749,1.6223254876492144,76
307,100,5801.06462585034,186.98001510983732,3.206602033785047,294
308,3,1892.5208333333333,133.4466463863591,3.100520563210212,48
309,100,1528.892857142857,90.91009331637171,2.661376518788866,28
310,100,161.94285714285715,182.0447157479165,0.9694226213217635,35
312,3,3068.6277372262775,132.28293097034856,1.790323717917049,274
313,100,255.35555555555555,133.3130102354156,1.2820480992406007,45
315,100,1005.9698795180723,141.29928882814554,1.4692635162367707,332
316,100,855.8232044198895,139.57922226584094,1.7914967732627658,362
317,20,1157.93006993007,152.21724433410793,2.531081059345455,143
318,100,856.8,148.4719158579753,1.0800575962497783,30
319,3,5779.421052631579,190.76763156510347,2.4505345781429146,361
320,3,1625.1555555555556,151.609445871017,1.5147811738012396,540
321,100,1810.904761904762,245.66515921340513,3.290273634500232,126
322,100,983.21875,136.0750556166255,3.9216102098918997,32
326,3,3602.280991735537,131.94784886279953,2.1307149131489216,242
327,100,223.33333333333334,175.13543058168125,3.575321690572291,9
328,100,833.8378378378378,156.17087960393366,2.216848278169583,111
329,100,251,153.8797410709991,4.35200007362636,5
330,100,334.8,99.63596602397286,2.4254819114520663,5
332,100,547.1714285714286,205.41986152946384,1.232931152173129,35
333,20,2554.7256637168143,132.93153900494153,2.0081025938416706,226
334,100,1143.3333333333333,117.37661429410907,4.281414258514681,9
335,100,552.9387755102041,96.1210512620512,0.8613819915672041,49
336,100,5580.083333333333,292.5747539526545,3.858502117455939,84
337,100,2309.76953125,233.43185935284293,2.0026957620507133,256
338,100,594.925925925926,163.589304708112,1.4848972564397813,27
339,100,750.2470588235294,115.96152492707922,1.5023272706578636,85
340,100,332.03508771929825,172.96144089367974,1.7824355258402225,171
341,20,42.333333333333336,30,0.4678420171377918,3
342,100,1447.6,284.18592504127474,6.856152579960852,35
343,100,179.2173913043478,104.38893025656186,0.9715970982491141,23
344,20,3050.1768292682927,128.89512948097467,2.5895856110560693,164
345,3,2025,240.06377967576444,2.9148602164189503,4
346,100,24,90,0.33557046979865773,2
347,100,251.96666666666667,148.05051078037903,1.4027803362493918,30
348,100,1253.945652173913,247.4183940862416,3.271433708359777,92
349,100,128.20652173913044,170.68288321614554,1.007224892114653,92
352,20,1752.6966292134832,137.68471497653186,2.3623022072581525,178
353,3,2889.4166666666665,259.19237729862135,2.160377845740856,156
354,100,1095.544776119403,256.5346540868872,2.45084947259727,134
356,100,112.16666666666667,122.44606552290834,2.3739578861411434,6
358,3,1335.7173913043478,179.59692613350416,7.6584738725299015,46
359,100,452.27777777777777,190.90334470601735,1.250354546483728,18
360,20,356.08,202.03203576796975,2.3315851191071326,25
361,100,946.2335329341317,239.20841932153496,2.703150462696655,167
362,100,1253.7222222222222,303.3061043296414,8.49275317270169,36
363,3,1468.7674418604652,140.945813077815,3.1266672104713584,43
364,20,6985.8,281.5079902999892,2.87831750788683,100
365,100,595.0555555555555,130.4233174934019,1.3616777173984418,198
366,20,558.1130952380952,134.354553876054,1.131401892361118,168
367,100,771.2323943661971,272.6222366616422,2.4277514084006873,142
368,100,225.7,138.65045883540068,1.5510141537339623,20
369,100,918.1395348837209,163.09716543260532,2.1225899047272727,258
370,100,268.07894736842104,164.57348787904024,1.4018314315850433,38
372,100,1600.5584415584415,154.67229264517167,2.6122025306943057,77
373,100,674.0759493670886,166.69864668624697,1.3615875552406347,158
374,100,623.5930232558139,157.40397009059376,2.2759572926433838,86
375,100,206.0327868852459,69.01463371829492,1.3795259420017272,61
376,100,339,112.27821008385017,2.2055981475514517,7
377,100,1123.6958762886597,148.4614544598615,1.8384514450206602,194
379,100,1681.5853658536585,137.24634512588756,3.0651359528105124,41
380,100,1745.1315789473683,133.97469512188238,3.4618853223699952,38
381,100,595.8333333333334,252.53800593952067,2.481918488966469,24
382,100,491.0967741935484,133.7944373984364,1.0854792719990767,62
383,100,9769.067632850241,160.151512090476,2.0246768031864493,207
384,100,90,117.1087372057305,1.0575803564922852,4
385,100,77.30434782608695,177.59544145787973,1.2046930018234898,23
386,100,2388.2608695652175,149.59690666615558,1.7844935337073657,138
388,100,1840.5363372093022,144.23729883608527,1.5563433121998347,688
389,100,476.14912280701753,149.08461519624578,1.8864938125676247,114
390,100,241.55555555555554,99.34376209846995,2.4091765401645477,9
391,20,2451.513043478261,145.6464722870771,3.370985540452743,115
392,100,171.46875,156.17894721855959,0.9526132561742661,32
393,100,1446.0264317180618,176.2699256775394,1.5270591288157833,454
394,100,855.1132075471698,145.73522940193732,1.2375568474629781,53
395,100,1537.3820224719102,114.65498649240692,1.1666857194056572,178
396,3,893.3221476510067,149.0968826380453,1.895537207715423,298
397,20,3649.3739837398375,188.75313937166786,5.309592759380976,123
398,100,959.5903614457832,149.27795817583313,1.768973224293406,249
399,100,407.1304347826087,154.86077750001246,1.5074208781118366,23
400,3,2203.5775862068967,143.90897032355969,1.7922307080290307,116
401,3,433.5550458715596,148.41743119266056,0.9485895367010532,218
403,100,1427.0742705570292,145.99434710407547,1.514880721530527,377
404,100,2180.5868263473053,254.94334894202603,2.2209318707448165,167
405,100,475.8645833333333,140.08857214940085,1.7717969560372513,96
406,20,2533,205.651764431621,4.393960056208181,99
407,100,1290.3777777777777,287.3230284473654,4.8604544560875205,45
408,100,725.8545454545455,159.68574875275107,1.2030683680379497,55
409,100,1404.1296296296296,153.17327302235987,3.5959336486647313,54
410,100,889.2317073170732,238.21846296958813,2.680101261386231,164
411,100,1053.6153846153845,264.1633954426459,1.7986835068406437,52
412,100,11883.337164750958,223.41736097926358,2.469432466130052,261
413,100,930.8641975308642,149.92875063050477,2.358414181678314,162
414,3,9107.435726210351,203.0932290089218,1.460392133078619,599
415,20,2439.5229357798166,134.39173356882114,3.6568340060234354,109
416,3,3161.167597765363,261.0649777506019,2.3638530044945334,179
417,100,9927.46288209607,219.5963749134129,2.2635697639893864,229
418,20,4799.285714285715,210.4059761017513,10.523833490293487,14
419,100,1433.1870503597122,170.00298211503056,2.0945735618776156,139
420,100,2402.6236559139784,148.1519797036307,2.5708722478903523,93
421,100,178.91666666666666,147.192494372835,1.5191218966159858,12
422,100,512.468992248062,142.88858510028487,1.060059183649676,258
423,100,166.8095238095238,146.82359681371813,2.346468247352012,105
424,100,7155.7307692307695,255.4543129808176,5.409053822238109,26
425,100,297,137.82748311850506,2.581252055744612,4
426,100,1280.6837606837607,164.97786510383847,2.0182942435076185,117
427,100,345.1666666666667,152.38642646292124,1.4956336652887898,54
428,100,967.195652173913,185.6810879743982,1.9577865214919463,46
429,20,2139.2315789473682,132.905489121472,4.004761557871028,95
430,100,1593.7820069204151,147.41596495783102,1.7767732864885168,289
431,100,950.6274509803922,240.12132551684311,1.9671199489666078,51
432,100,1703.4751203852327,176.72634137911965,1.7836751698684503,623
433,20,902.3709677419355,171.90752645289157,3.897031384175372,62
434,20,3433.471875,170.14366945132673,1.274692573802739,640
436,3,821.4117647058823,157.7135882673493,1.6032946644454293,17
437,100,769.5833333333334,117.3899054864448,1.0675860183820736,156
438,100,1752.595238095238,175.73143160833158,2.5753523355625454,84
439,100,1581.725806451613,229.44093726709409,4.964492020066719,62
440,20,8124.546153846154,198.96942294998587,3.5584406669497226,260
441,100,592.8235294117648,154.63368979249063,2.2122362167301683,17
442,100,118.42857142857143,108.98270051476266,3.991882352415147,7
445,100,2154.375,164.55500163148108,4.19244082061883,128
446,100,357.90909090909093,174.23318647064343,1.7724116288589213,22
447,100,1957.9857142857143,149.92171445409141,1.3398168707205578,70
448,100,4208.555555555556,181.37044965233727,5.810755252896856,54
449,100,1915.8285256410256,202.29738577759915,2.1640324081606317,624
450,100,5516.483050847458,284.723260483812,3.2623454461724677,118
451,100,594.9906542056075,165.42325593590823,1.338856431808763,107
452,100,490.46056782334387,169.8135612028765,1.2548419447757895,317
453,100,769.4976303317535,161.4823464713703,1.4680346466806495,211
454,3,1071.275,163.08551731725362,3.7846770703017825,40
455,3,2172.25,136.43502821374233,1.1615726749423823,328
456,100,2538.8928571428573,183.97872367851605,4.846732190764564,28
457,100,531.9672131147541,86.45856764942454,1.117731754147335,61
458,20,834.25,112.352109145303,1.5785791018917739,28
459,100,291.6666666666667,146.61516906329206,1.005313421584277,120
460,3,1044.944572748268,163.5378087991555,2.0375464470175118,433
461,3,512.4444444444445,113.86734199082078,2.8234497686429405,9
462,100,472.53225806451616,131.2775355404027,1.0782145215318595,62
463,100,405.64864864864865,216.86110885305462,1.1837705172847275,37
464,3,1557.9208860759493,149.43496435011596,1.7649058705247544,316
465,20,7700.096774193548,297.36800211187995,7.131634917851606,31
466,3,5814.520833333333,300.280742362066,5.777884563331255,48
467,3,6130.162790697675,143.6111051593829,3.339659949580042,86
469,20,2375.431472081218,150.09581955676708,2.5384680370325783,197
470,3,1014.5157480314961,129.82304919706252,2.5621380800504325,254
471,3,847.3870967741935,129.19354838709677,0.7611435287959947,31
473,20,11712.710575139146,187.58359839065042,2.1477454162507352,539
476,20,12639.204918032787,244.89419103212248,2.97712155240042,122
478,20,506.1747572815534,141.73580413974742,1.3086860157403373,103
479,3,991.3934426229508,165.52701822402025,5.260878706993177,61
480,100,1169.478021978022,139.85139419394824,2.340873643034625,182
481,20,14768.02380952381,287.23722895256566,4.306021883497883,42
487,20,7188.941176470588,272.6371717166293,3.401927945087914,85
488,20,97.03448275862068,137.5942540748862,3.7201620817459444,29
490,20,25.333333333333332,202.42342264001843,4.407823214553875,3
492,3,156.8,108,1.0710598434737135,5
493,3,5666.515151515152,275.6878468226874,3.3592973394521635,99
494,3,1228.791907514451,155.17194408632452,2.2913960350019402,173
495,100,1343.5721393034826,146.74710929622935,2.1263464148344275,201
497,3,1838.138364779874,144.0273116793352,2.0665615392512966,159
499,20,179,76.1221535544766,3.266018372206658,3
500,20,1328.474820143885,142.35540969157145,2.4735092933173686,139
501,20,82.84615384615384,176.86037816347064,1.9281246299092443,13
502,100,697.9375,154.71890893766417,1.6944281335156304,32
503,100,1785.8415841584158,155.97663610988945,2.289625300682403,101
504,100,8023.566371681416,269.25325523930337,2.7552024989999078,113
505,20,374.7358490566038,147.637840964005,1.4026673534992604,53
506,100,1451.8849557522124,147.87889647246013,2.8995052986155425,113
507,20,6644.9915254237285,240.03837413654216,2.7731781257571866,118
508,3,6277.25641025641,253.09693909748165,1.8275838870410488,195
510,20,258.5,169.45473891070216,1.8469232261589694,28
511,100,322.3448275862069,159.23783693210166,1.2716140946419239,29
512,100,2008.060606060606,135.1268156401551,1.7788857805147376,33
513,100,1236.73,146.08585317429083,2.1772440210234247,100
514,100,56.57142857142857,156.91927840327457,1.5289260444635318,7
515,100,347.96666666666664,158.48451729481422,1.4316423236395448,30
516,100,3187.5785123966944,154.20092952050317,2.2144103300688665,121
517,100,375.75,152.5349055987106,1.2141271565197655,48
518,100,1009.4444444444445,207.70874638747162,1.9830511058372307,63
519,100,988.7128712871287,142.4013515477588,1.220859050832332,101
520,100,518.3111111111111,179.84166630335773,1.1533800350365058,45
521,100,145.41860465116278,272.6134915128363,1.5569813858409183,43
523,20,11523.383233532933,138.92331181497707,2.035164659534847,334
524,20,881.75,148.21863179601414,1.1888177369497446,228
526,20,77.22222222222223,157.32749673188346,2.2018354049933206,9
527,100,192.83333333333334,165.50773097144466,2.2335288893052003,12
528,3,703.8333333333334,236.51258304251314,2.817914244204648,6
530,100,1110.8983050847457,253.48387275427592,1.5285750738811894,59
531,100,227.33333333333334,161.80668941203464,1.261960124857942,9
532,100,2599.4895833333335,149.96782244076613,2.580721441539158,192
534,3,1441.341463414634,148.23618318777693,2.9651432081762255,82
535,3,4688.922330097087,147.409282559303,2.9641298561591483,103
536,100,532.6,206.15774831185053,1.3835079094969285,40
537,100,573.2307692307693,144.1584605869761,1.4119124575985678,104
538,100,1232.0359408033826,153.39784991532005,1.1385953748722715,473
540,20,112.47368421052632,169.98395544901234,1.2815924690108105,19
541,100,445.9795918367347,171.8488575091524,1.7078216277287295,49
542,100,96,48.76997749134008,1.4367226017846768,3
544,100,1434.36,160.17232222511302,3.0178020346280827,25
545,3,4679.632653061224,185.41504811852522,4.5715301227987535,98
549,3,5588.016483516483,127.31841088167351,2.077195076310618,182
551,3,1044.6822916666667,153.44240261620286,2.1045589500803255,192
553,100,439.5,154.8771307469171,3.6133553795554603,4
554,100,1611.6739130434783,151.61862887622343,1.4849820368737539,46
555,100,2138.8333333333335,271.6860884331058,3.6660090947200907,24
556,3,1427.7619047619048,184.76429155350883,5.396115600457004,42
558,100,697.7272727272727,213.17105332860885,3.549703356923541,11
559,100,1497.5294117647059,152.98183784256437,3.0273289810887367,51
560,100,569.0416666666666,153.99572770608484,2.1437653786387827,96
561,100,979.5263157894736,159.1692082795587,1.645061573794952,152
562,100,1623.3653846153845,186.80315261799856,8.398062420991947,52
563,100,2282.2014925373132,152.93753759653524,1.6367391689668798,134
564,100,1960.6,159.17569976608388,2.112476027851545,235
565,100,17465.6,245.65338754636082,2.610161489759391,190
566,3,1064.3,197.72736890060938,1.2873435568206169,10
567,100,920.0592105263158,148.9434783855058,2.3355960404827614,152
569,3,228.16666666666666,131.927508529513,2.7633469840091176,6
570,3,1146.590909090909,146.87925748827976,3.2056449735961237,44
571,100,842.7480314960629,237.16001129517204,2.8574720699317497,127
573,3,1443.4257425742574,149.77978490205993,1.660664201771056,303
574,100,1521.157894736842,267.65919328480476,5.959957378478642,38
575,100,642.9,129.92551897511922,2.1680395031106086,50
576,3,1475.2058823529412,151.36150986784614,1.937096574910294,204
578,100,1421.765625,125.94833521503561,1.1004455268977695,192
579,100,1644.7820512820513,154.3754537487495,2.185955169660009,234
580,20,5797.137168141593,136.51496166475977,1.8221981418485558,226
581,100,2362.6622950819674,152.10418982671362,1.5432803905135357,305
582,3,1498.9174311926606,137.93160952891142,4.138603342480836,109
583,20,22.166666666666668,255.88284135076614,3.720587871288514,6
584,100,857.1056910569106,160.29467724116725,1.7456196656099443,123
585,100,4934.8,308.1261476691839,6.194091864831731,20
586,100,269.6279069767442,142.9199991900424,0.899054532509415,43
587,100,186.66666666666666,105,2.656231855660398,3
588,20,40.13333333333333,286.52663289892905,2.5754213003006208,30
589,3,11030.95,274.9019319181192,5.643915608101971,20
590,100,422.22727272727275,188.02839190472113,1.8201678804639216,22
591,3,13318.58849557522,130.45419333995727,2.315768876038051,226
592,20,834.6521739130435,132.6533640602219,1.9304412705784515,23
593,100,2142.4824561403507,148.9786951399654,2.825383652424131,114
595,100,865.3214285714286,148.47491581740525,3.5588653473786516,28
596,100,185.5,125.64866084214786,3.1411817186675766,4
597,20,654.1864406779661,125.58483307459086,1.338144244965045,59
598,100,195.8235294117647,107.77530793584731,2.6746811704021547,17
599,3,436.3181818181818,141.5127840663641,2.2847579495691828,22
600,100,1124.9467455621302,158.13647484301762,2.7520994454175955,169
601,100,1472.4,285.74048983177494,3.4941810044704056,40
602,100,1541.2619047619048,301.0730179561883,3.4876095309095128,42
603,3,1400.851851851852,158.2327063329829,1.866125078752047,27
605,20,10116.92857142857,279.2730081808481,6.282479905195385,14
607,100,9081.21052631579,300.5345852317537,4.963692536005492,38
608,20,80.57142857142857,99.69052202541681,1.1991233386923477,7
609,3,2164.921875,160.91136329976956,1.4640584372066097,64
610,100,1749.2088888888889,135.80884757118525,1.3924196173881938,225
611,100,893.7916666666666,152.21480398904816,2.5748849194476344,168
612,100,1328.0806451612902,173.76449583692312,2.2059610028558883,186
613,3,5457.958904109589,129.26721734746113,3.1709753080807332,146
615,100,611.1333333333333,116.91874165099125,1.1056066948439551,15
616,20,749.8494623655914,131.40444283826244,1.5231225976098868,93
617,100,672.2962962962963,262.60578098483523,2.74121375702355,108
618,3,1810.6144578313254,151.55350674746978,2.5125741281771177,83
619,100,1309.8636363636363,114.185640622873,1.031380921340444,154
620,100,845.3194444444445,253.9596617660983,3.6513074716313727,72
625,100,3600.3841463414633,166.17186173960977,2.144983484002679,164
628,100,2805.6176470588234,264.6646353609446,2.6765480391844663,136
629,100,1143.5,136.86573378890947,1.1127970184973626,34
630,3,523.3913043478261,136.18986988148117,3.4614041052896156,23
631,100,827.0344827586207,174.15233985342297,1.488319941911854,29
633,20,522.6666666666666,158.5307557585928,3.0864708889379666,36
634,3,9867.9,267.8935999942941,4.212954290909448,10
635,3,1117.0636363636363,146.04650442115997,2.6945244321525563,110
636,100,741.9285714285714,279.1774586620474,2.3382691920237226,28
638,100,19411.86046511628,193.6737725729797,2.9989132153015894,129
639,3,13764.976744186046,233.67691937848275,1.889188560935539,43
641,100,199.8,137.80724869358528,1.5216313644289161,5
642,100,2057.3688524590166,176.1334847818386,2.6688925487146418,122
643,100,1037.3783783783783,146.04453791184383,2.6968442475038144,74
645,100,1845.5289256198348,197.63843695521632,2.7305664468015163,121
647,100,393.57142857142856,102.85714285714286,1.753003478208933,7
648,100,1323.7540983606557,144.58172564776982,3.0057747746003733,61
650,3,4603.137931034483,181.60447608209242,2.4650548367824445,58
651,100,517.6458333333334,193.04892057437874,2.0641988453430535,48
652,100,140.69444444444446,236.23402121713914,3.3123890932485147,36
653,100,991.5,148.1618452585347,3.774168460393889,46
654,20,85,142.73295196004148,5.206203891772577,7
655,100,3339.903846153846,192.27950193283766,1.7671353317054515,52
656,100,200.86486486486487,157.5827017614006,1.4346049179338756,37
657,100,278.15,241.52911262758363,1.8098838876386936,20
658,3,3778.9565217391305,163.02563477860355,2.8622545929970697,69
660,100,1817,155.59296258285482,7.486018177982149,2
661,100,1948.2857142857142,196.32728034405014,5.317035312295963,7
662,20,94.81818181818181,169.83623550124074,1.7694579590935633,11
663,100,316.8125,193.2566409971949,2.7837825239377514,16
664,3,731.5,189,2.158649763408633,10
665,3,670,122.57388971009054,2.712136353294422,10
667,100,6449.1875,254.71971715713252,3.7500529464733408,48
669,100,1087.4516129032259,226.07987994503557,1.6994253699687356,31
670,3,9745.2,237.57837542583962,7.995492057174005,5
671,100,707.2758620689655,172.9401005885251,2.1532687745346415,29
672,100,2067.8260869565215,252.77712115313383,3.4818633001123436,23
673,100,217,98.11779807271213,2.1707518576568408,4
674,20,9229.619047619048,250.2225585547942,3.255448113048193,21
675,20,9719.0625,131.8327277897779,8.719363045468787,16
676,3,910.2857142857143,30.764132120620182,6.6928745202150575,14
677,100,242.9375,119.88024384840708,2.272485440952151,16
678,100,327.3333333333333,140.37000290234803,1.728581683833981,12
680,100,1215,137.40164210475405,1.1979301226434957,9
681,3,4856.75,265.3912627942695,1.4922674546980303,8
682,100,833.3333333333334,180,0.7213608957795005,3
683,3,536,6.056936329488536,6.535641422788029,4