1,100,4659.75,227.57621161719152,1.8368591374531686,4
6,20,960.933774834437,131.53629544646796,1.5149058837980949,151
10,100,6079.172413793103,154.1477167345368,1.2407780930640946,319
15,100,1954.5702247191011,136.52307365596945,1.25785691454953,356
16,3,4801.318181818182,146.99569679129303,1.1390296375638989,154
17,100,492.0689655172414,159.07225191812068,1.9641366721560378,58
21,3,5416.471830985915,190.15455375251491,1.311878650715288,284
22,100,618.0254237288135,176.20528780712192,1.1279965763710111,118
23,3,1417.8757763975154,168.9422598355485,1.460487630894948,161
24,20,1096.2847682119204,128.89028506138862,1.518290116134151,151
32,100,3455.5,281.52774924771023,4.906923072763358,14
36,100,506.1794871794872,136.68356179649507,1.5667974708495203,39
37,20,1589.8,300.31307246395124,3.4059156785854072,20
40,20,2475.3411764705884,185.70998369218947,2.9397008651284042,85
42,100,198,270,7.246376811594203,1
43,100,271.6666666666667,68.855017059026,1.0262717689270435,3
51,20,1786.8774703557312,181.85279769211533,1.6637470661273728,253
53,20,2436.298969072165,198.3027185540384,2.632761517582592,97
54,100,1337.2954545454545,178.77791370528843,1.4174576636481646,88
55,100,1275.3868613138686,169.66524772946428,1.1016344176944206,274
60,100,1710.84,299.11816979208373,2.927830235744801,25
61,20,784.25,164.93622032423556,1.7152512961296456,4
63,100,210.5,144.217474411461,1.7116704691876712,2
64,100,1026.3181818181818,192.54230680348445,1.2751620484004054,44
66,100,66.27272727272727,137.55832738475104,2.8099436785116385,11
68,100,177.6875,191.91372845475968,1.1064426781854084,16
70,100,330.2105263157895,131.50105202055832,1.0818375395098387,57
72,100,70.4,135,1.4811670464558753,5
73,20,9648.849462365592,172.8440838891797,1.5077414065749646,372
80,100,486.7352941176471,130.82690333962293,1.6525937954513121,34
82,100,230.91666666666666,128.05343856618913,0.9366955766425594,48
83,100,701.8214285714286,169.88879159650705,1.8199970437169277,28
85,20,2787.6363636363635,129.201009645608,1.608596096575529,88
86,100,595.7777777777778,175.3533144577627,1.2931944769385335,9
91,20,2417.753846153846,161.87748109158338,1.6107449569202303,260
100,3,1563.9411764705883,293.3957981780471,2.6837675536231402,34
101,100,110.46153846153847,139.5412494975328,1.185334668611624,13
106,100,588.5785440613026,144.1705765890237,1.183575922473263,261
113,100,978.5221238938053,151.70606905191556,1.6258244286200174,113
116,100,428.32,193.7028054872933,2.049008394562028,25
119,20,5338.168539325843,164.6655146257824,3.5654019516010615,89
125,100,88.65517241379311,158.27586206896552,0.9984610378494693,29
126,100,445.4761904761905,215.35714285714286,1.4107197113748438,42
128,20,5058.017241379311,192.76136913616838,2.3555392256432075,116
145,100,750.7586206896551,176.1206896551724,1.0119032792532885,58
152,3,2003,299.3975239595953,2.4955609540348416,15
154,100,459.2857142857143,198.12383091221963,1.3736425698273642,28
160,3,510.6,140.3130102354156,1.7916828071152515,5
163,100,236.85714285714286,150.1840969277435,1.6934951064065946,49
166,20,1970.2,308.1795700709865,3.501313809336523,15
167,100,190.83870967741936,150.1108048007394,0.9788805345683438,31
170,100,131.32258064516128,179.66599794856316,1.3929215816735934,31
171,100,478.6575342465753,138.83979241738035,0.9009762248331855,73
172,3,965.8571428571429,192.31857464409427,1.2665795963330853,21
174,3,4265.222222222223,304.4672940285907,2.708289908906532,18
176,3,1724.142857142857,296.3587407116001,2.109745881534977,28
186,100,845.7,161.10650729756134,1.79491571478983,30
187,100,135.07142857142858,147.4352756347307,1.213992909090729,14
196,100,1171.5555555555557,134.96970765562327,1.0944588617077513,90
200,3,1185.0869565217392,199.12389897124993,0.9207490739659122,92
202,100,800.6666666666666,128.85501705902598,1.5703725322319029,3
203,100,1293.3490566037735,135.64318069659288,1.736328976681666,106
204,100,1193,124.56589631192438,1.3461748370817466,11
205,3,604.9620253164557,163.81890540850858,1.3537297334005232,79
206,20,288.2906976744186,168.73443325368405,1.0465576525930695,86
207,3,282.25714285714287,185.02689911863501,1.3653062022756661,35
213,100,714.3333333333334,307.24599560904676,4.0183061512422205,9
215,100,24,0,1.4388489208633095,1
218,100,3346.0238095238096,279.4593038953921,1.880033899430344,84
219,20,1357.7385321100917,149.9987281708092,1.0431254889466368,218
224,3,12090.176470588236,232.43640319207893,2.0275692901425257,102
225,100,2875.39552238806,146.0200781426676,1.1889521454242866,268
226,100,133,175,0.8010348136591939,9
229,100,2666.732283464567,164.21044216332444,1.9814784264413208,127
232,100,580.9239130434783,202.92725704474032,1.3052861995534593,92
236,20,7420.192792792793,170.7947652950618,1.382029421584601,555
237,100,597.2867132867133,163.04204382128714,1.0643239975766272,286
240,20,1149.2072072072071,131.43942843287425,1.6223989576865163,111
244,100,628.3809523809524,109.80268634990773,1.5717472718378502,21
245,3,2554.4758620689654,165.5764752211013,1.2341874407066726,290
246,100,7295.790697674419,288.26584621268296,2.1436697224403662,43
249,3,2972.5,293.29495752996604,3.2641014181796706,4
251,100,2552.8333333333335,151.35337648816682,1.0831351175765345,30
261,3,2268.6666666666665,304.2836808863955,2.973815166832499,18
263,3,2115.574468085106,253.08543380440375,1.6912486277916656,47
268,3,3917.8507462686566,222.17310332922685,1.500781123373323,67
278,3,2750.464285714286,215.28223444488796,2.175585711499109,56
280,100,184,270,1.2977452321714618,3
283,20,2528.766055045872,130.98038072801202,1.343002527243835,218
285,20,1620.5592417061612,134.00445644500314,1.177958390618428,211
286,100,255.08771929824562,157.75210346747093,1.1915480493425494,57
288,3,1591.7325581395348,240.594707130477,1.3900264306687569,86
292,20,1413.5374149659865,131.7065062132521,1.3222893225276229,147
297,20,3352.3288409703505,159.4229918388454,1.5456223000571987,371
298,100,615.8387096774194,132.632059241918,2.631103762848836,31
299,100,668.92,159.33401934126857,1.326633720346688,25
300,100,209.5,173.3587372057305,2.3002309567544827,4
303,20,287.75,181.07507171620236,2.194466424452475,20
305,20,1707.9690721649486,159.20755076447904,1.7547093037664137,194
306,100,218.06666666666666,123.48270119053346,1.643956494151204,75
307,20,2328.0779220779223,171.26580670559346,1.7801821115728669,154
310,100,166.7058823529412,187.3989720934435,0.9979350513606389,34
312,20,1839.088785046729,130.58434213610175,1.1909506764040594,214
313,100,261.15909090909093,136.3428513771296,1.3111855560415235,44
315,100,1005.7017543859649,149.77836637846588,1.4792745929704556,228
316,100,575.6153846153846,116.27423470592908,0.887815423150591,13
319,20,2639.161616161616,173.11965306795315,1.591184147324438,198
320,100,758.9285714285714,146.8965655264445,1.249372323544191,84
326,20,1895.82,131.33830397329297,1.214157024550066,200
332,100,563.2647058823529,211.46162216268337,1.2691938331193975,34
333,20,1453.2602040816328,133.38382427492638,1.163763912674471,196
335,100,473.9,118.49657559202538,0.7704868722319153,20
336,100,2377.3214285714284,304.54663999561274,3.596320253857562,28
340,100,324.06493506493507,172.07810147555685,1.6509234350865682,154
341,20,63.5,45,0.7017630257066877,2
342,100,745.2,298.75948214199826,3.741721538551574,5
343,100,187.36363636363637,109.13388163186013,1.015760602714983,22
344,20,1418.7307692307693,127.74757381212257,1.3092874186096153,130
346,100,48,180,0.6711409395973155,1
347,100,265.6842105263158,146.13238544270365,1.67338012440834,19
349,100,129.6153846153846,172.55851929544386,1.018293297522506,91
352,20,1128.1923076923076,138.91837981154166,1.489046730260702,156
356,100,134.6,146.93527862749002,2.848749463369372,5
362,100,437.42105263157896,309.38890215839234,3.6151151301590425,19
364,20,2440.8,308.3047443407795,3.641018868980493,5
365,100,598.0761421319797,131.0853647903227,1.368589787029906,197
366,100,417.765306122449,142.0536755582481,1.0811509088781215,98
367,100,335.2875,262.45767835378547,1.2407541975439522,80
370,100,275.3243243243243,169.02141998387916,1.4397187675738283,37
373,100,678.3694267515923,167.7604215059046,1.3702600874396196,157
375,100,209.46666666666667,70.16487761359983,1.4025180410350895,60
382,100,499.1475409836066,135.98778883119766,1.103274014162996,61
383,100,780.8901098901099,122.55203114265467,1.1034862207570408,91
385,100,80.81818181818181,185.667961524147,1.2594517746336484,22
388,100,2029.6549520766773,150.13689810173398,1.3323059002373225,313
389,100,480.3628318584071,150.40394807408865,1.9031884480770729,113
390,100,271.75,111.7617323607787,2.7103236076851163,8
391,20,1242.280487804878,151.96384567411152,1.9840355791590605,82
392,100,177,161.216977773997,0.9833427160508553,31
393,100,1573.6,171.88700727043252,1.327938494469877,215
394,100,32,133.81249727518303,1.7508662347528645,6
395,100,1277.7777777777778,120.56436440550036,1.015087511665787,90
397,20,1974.5925925925926,164.03544058018764,2.734338880533317,54
399,100,425.6363636363636,161.899903750013,1.5759400089351019,22
401,3,435.55299539170505,149.10138248847926,0.9529609170545142,217
405,100,480.87368421052633,141.56318869834192,1.7904474503113277,95
406,20,1660.313432835821,219.32917870889545,2.8745326057680973,67
408,100,193.83333333333334,200.1704191092753,1.9878342971939285,12
412,100,3948.763285024155,209.09711507315822,1.481850356291661,207
414,3,4868.787946428572,192.6482565614987,1.2324494715389882,448
415,20,1369.5294117647059,135.21858052911443,2.112904781501243,85
416,3,1568.1015625,244.27242107535815,1.190466950392801,128
417,100,4466.533333333334,199.6962858339654,1.4265514675047695,180
421,100,195.1818181818182,160.57363022491091,1.657223887217439,11
422,100,514.4630350194552,143.44457181273734,1.0641839275549276,257
425,100,396,183.7699774913401,3.4416694076594827,3
426,100,1244.2058823529412,157.82062318372314,2.0923006003793434,102
427,100,351.6792452830189,155.26164205656127,1.5238531684074463,53
428,100,264.0243902439024,178.63717361361265,1.256277993554661,41
429,20,1275.3947368421052,134.25985040475365,2.407930118735996,76
433,20,1395.421052631579,142.10526315789474,1.0211301340986967,19
434,100,2399.5185185185187,177.2261558390102,1.0316596185779876,243
437,100,670.3333333333334,119.38503913054244,1.0676284752995078,96
440,20,5178.696808510638,191.74242649806686,2.1906887882771713,188
445,100,499.93939393939394,137.72727272727272,1.12036448106562,33
450,100,1211.8955223880596,271.7401003450497,1.516219464656872,67
451,100,640.5,192.48757200723432,1.2431437453628662,34
452,20,508.6802973977695,174.36030098642323,1.2691486483230576,269
453,100,479.59638554216866,135.2618042204808,1.285881702838959,166
455,100,2159.8153153153153,148.33458885247427,1.1773103483956757,222
457,100,476,180,1.4285714285714286,1
458,100,159.47619047619048,70.32713798313543,1.1686882499374653,21
459,100,2064,315,2.1107665110046194,1
460,100,417.64912280701753,132.2741687814171,1.2762412776356176,57
462,100,480.27868852459017,133.42962628696668,1.0958901694258243,61
463,100,416.9166666666667,222.88502854341723,1.2166530316537478,36
466,3,2211.5,303.63356824772535,2.857315463384547,6
469,20,1678.2203389830509,152.44504200488603,1.6407146770831995,177
470,100,628.68,135.73739795291687,1.0144908395658236,25
471,3,875.6333333333333,133.5,0.7865149797558612,30
473,20,6506.641791044776,179.41818478752714,1.512870079262503,469
476,20,2761.0625,311.0132926553729,3.4317864667257894,16
478,20,511.1372549019608,143.12537084699983,1.321516270796615,102
487,20,2340,313.34366437263515,3.5866749691057236,5
493,3,1856.5294117647059,303.10588372466015,3.177127443338045,17
504,100,3004.4666666666667,304.6049467569534,2.7104787479204995,15
505,20,381.9423076923077,150.4770302133128,1.4296417256819385,52
507,20,2028.1904761904761,296.6741035148369,1.8378166452354148,21
508,3,1910.1060606060605,237.43796409808846,1.1420777112520937,66
510,20,268.0740740740741,175.73084035183928,1.9153277900907832,27
511,100,333.85714285714283,164.9249025368196,1.3170288837362782,28
514,100,66,183.072491470487,1.7837470518741203,6
517,100,383.74468085106383,155.78032912208744,1.2399596492116756,47
519,100,998.6,143.82536506323638,1.2330676413406554,100
520,100,530.0909090909091,183.92897690116132,1.1795932176509718,44
521,100,148.88095238095238,279.10428892980855,1.594052371218083,42
523,100,5980.878787878788,135.7952979944198,1.0969008860303062,264
524,20,885.6343612334801,148.871577310534,1.1940548194913734,227
526,20,86.875,176.9934338233689,2.477064830617486,8
527,100,210.36363636363637,180.5538883324851,2.436576970151128,11
530,100,1130.051724137931,257.85428435348757,1.5549298165343135,58
531,100,255.75,182.032525588539,1.4197051404651848,8
535,20,2347.1929824561403,156.05649249761672,1.482961111875531,57
537,100,348.6666666666667,75,0.6956046170116578,6
538,100,879.5677966101695,148.90511178241638,1.0076525567444483,236
539,100,21385.622807017542,166.5797870491535,1.7126016633445633,114
540,20,118.72222222222223,179.42750852951303,1.3527920506225222,18
549,100,2739.4871794871797,119.79153583707294,0.93460526139961,39
565,100,7278.459183673469,245.29132773112337,1.8589323942316172,98
578,100,999.7899159663865,127.60519966717466,0.9431506585144506,119
580,20,3504.901234567901,131.97538724655394,1.5377165546331188,81
586,100,276.04761904761904,146.32285631361486,0.9204605928072582,42
591,20,14028,124.5725783580102,3.1782177332706505,54
609,3,2199.285714285714,163.46551192357543,1.487297460019413,63
610,100,1672.03125,166.7676578492837,0.8755235194868032,32
613,20,3782.78125,138.59873579369943,2.0880785175459478,32
616,100,386.25925925925924,140.23482191651522,2.1748786296839517,27
619,100,1499.18,114.3,0.8632466893176998,100
631,100,856.5714285714286,180.3720662767595,1.541474225551563,28
638,100,13536.655555555555,213.80492974452423,2.3443614629143728,90
650,3,4683.894736842105,184.79051952212913,2.5083014128663472,57
656,100,206.44444444444446,161.95999903255063,1.4744550545431498,36
662,20,104.3,186.81985905136483,1.9464037550029196,10
664,3,812.7777777777778,210,2.3984997371207033,9