306,100,684,45,4.419417382415922
306,100,665,26.565051177077976,3.1493915176053378
306,100,665,63.434948822922024,5.7335076346148455
306,100,665,56.30993247402023,5.150787536377127
306,100,665,21.801409486351815,4.048996095589852
306,100,665,38.65980825409008,4.268749491621899
306,100,665,73.30075576600638,7.006917120074195
306,100,665,33.69006752597977,2.5753937681885635
306,100,665,21.801409486351815,3.84654629081036
306,100,646,36.86989764584405,3.4482758620689653
306,100,627,51.34019174590992,4.573660169594892
306,100,627,74.05460409907715,5.090985936559803
306,100,798,135,4.658585852523137
306,100,780,101.30993247402023,7.131495823206692
306,100,760,110.5560452195835,5.852057359806528
306,100,760,123.69006752597977,5.225436631107231
306,100,760,135,0.9304036594559837
306,100,740,116.56505117707798,4.9325028915436535
306,100,720,180,3.4246575342465753
306,100,760,135,3.6495833867692777
306,100,740,111.80140948635182,8.547880646245245
306,100,855,135,1.8486451795726735
306,100,864,135,3.119588740528886
306,100,3996,303.69006752597977,2.521364528296496
306,100,3504,270,0.6896551724137931
306,100,3240,0,0.6666666666666667
306,100,3432,225,3.2888687497048723
306,100,3311,45,1.0101525445522108
306,100,3600,63.434948822922024,1.49071198499986
306,100,3996,36.86989764584405,3.7037037037037033
306,100,3225,255.9637565320735,2.660068145559781
306,100,3108,0,0.7692307692307693
306,100,3150,198.43494882292202,2.2587697572631282
306,100,3000,194.03624346792648,3.0769444967295976
306,100,2960,206.56505117707798,1.5315534092464314
306,100,2847,180,2.2900763358778624
306,100,2622,0,0.6711409395973155
306,100,2516,45,1.032272673265033
306,100,2442,0,0.7462686567164178
306,100,3102,90,2.097902097902098
306,100,2496,296.565051177078,1.6321664069341533
306,100,2394,270,0.7352941176470588
306,100,2331,198.43494882292202,2.1808811449437098
306,100,2835,45,3.166149766506929
306,100,2688,243.43494882292202,1.5636839003495033
306,100,2752,18.434948822922024,2.2750198994017117
306,100,2904,180,1.36986301369863
306,100,2574,270,0.7299270072992701
306,100,3216,18.434948822922024,2.1223340001130064
306,100,2800,206.56505117707798,1.5858638138296381
306,100,3150,191.3099324740202,3.5165651817881276
306,100,3276,206.56505117707798,3.105649968749708
306,100,3600,180,4.3478260869565215
306,100,4214,90,1.9607843137254901
306,100,3936,198.43494882292202,2.4513780311382787
306,100,3936,194.03624346792648,2.9035955109983522
306,100,3840,198.43494882292202,2.1081851067789197
306,100,3880,206.56505117707798,1.5636839003495033
306,100,3880,198.43494882292202,2.3252041618885144
306,100,3920,225,0.936565273094765
306,100,3900,180,2.941176470588235
306,100,4000,0,1.4184397163120568
306,100,3880,18.434948822922024,6.728250340783785
306,100,3840,11.30993247402023,3.4924791188991673
306,100,3840,18.434948822922024,4.5830111016933035
306,100,3840,206.56505117707798,1.5211346785712856
306,100,3880,198.43494882292202,2.2750198994017117
306,100,3840,0,0.7092198581560284
306,100,3840,18.434948822922024,2.1223340001130064
306,100,3880,0,4.166666666666666
306,100,3920,0,1.2903225806451613
306,100,3960,180,3.787878787878788
306,100,3960,194.03624346792648,2.92418838696288
306,100,4000,206.56505117707798,1.5746957588026689
306,100,4000,206.56505117707798,1.5421158465515792
306,100,4141,189.4623222080256,4.22414064604043
306,100,4134,333.434948822922,1.6321664069341533
306,100,4200,270,0.7194244604316548
306,100,3990,333.434948822922,1.6086819982012877
306,100,3990,90,0.7042253521126761
306,100,3990,180,2.083333333333333
306,100,3990,194.03624346792648,3.031695312954162
306,100,3990,198.43494882292202,4.392052305789416
306,100,3708,71.56505117707798,2.3776523760664507
306,100,3708,11.30993247402023,3.3993463423951895
306,100,3708,333.434948822922,1.5211346785712856
306,100,3708,0,1.550387596899225
306,100,3708,18.434948822922024,2.1223340001130064
306,100,3744,26.565051177077976,1.5421158465515792
306,100,3708,21.801409486351815,4.048996095589852
306,100,3636,206.56505117707798,6.388765649999399
306,100,3636,26.565051177077976,2.9421947072365655
306,100,3600,198.43494882292202,4.684855792842043
306,100,3663,191.3099324740202,3.4452834551302596
306,100,3564,0,4.477611940298507
306,100,3600,0,2.083333333333333
306,100,3737,165.9637565320735,2.8435211211156277
306,100,3744,206.56505117707798,3.2643328138683065
306,100,3959,194.03624346792648,2.9035955109983522
306,100,3675,12.528807709151522,6.18761372972677
306,100,3675,0,2.2388059701492535
306,100,3675,0,0.6896551724137931
306,100,3605,135,1.1135539861205472
306,100,3605,180,0.6493506493506493
306,100,3605,180,2.112676056338028
306,100,3640,0,1.4492753623188406
306,100,3640,90,0.7042253521126761
306,100,3780,206.56505117707798,4.594660227739293
306,100,3816,194.03624346792648,2.9035955109983522
306,100,3922,180,0.7462686567164178
306,100,3885,14.036243467926454,5.687042242231255
306,100,3952,206.56505117707798,1.5746957588026689
306,100,3774,26.565051177077976,4.79157423749955
306,100,3774,201.80140948635182,3.7396977827322946
306,100,3774,26.565051177077976,3.0842316931031584
306,100,3774,0,0.7246376811594203
306,100,3737,180,0.8064516129032258
306,100,3737,0,0.6369426751592357
306,100,3876,270,0.7407407407407408
306,100,3978,90,0.6944444444444444
306,100,3744,0,0.6944444444444444
306,100,3744,270,0.7299270072992701
306,100,3780,180,0.7462686567164178
306,100,3675,90,0.6622516556291391
306,100,3744,333.434948822922,1.4333769086537114
306,100,3744,153.43494882292202,1.9111692115382817
306,100,3708,341.565051177078,2.2427501135945955
306,100,3605,90,0.7042253521126761
306,100,3605,0,0.7142857142857143
306,100,3605,180,0.6369426751592357
306,100,3500,180,0.6896551724137931
306,100,3535,180,0.6896551724137931
306,100,3605,180,0.6944444444444444
306,100,3605,90,0.7246376811594203
306,100,3570,180,2.9629629629629632
306,100,3500,206.56505117707798,4.724087276408007
306,100,3465,194.03624346792648,5.8901508937395155
306,100,3528,198.43494882292202,6.825059698205135
306,100,3960,14.036243467926454,5.7665812945701544
306,100,4104,14.036243467926454,2.748737083745107
306,100,3888,18.434948822922024,9.166022203386607
306,100,3852,0,1.3605442176870748
306,100,3816,0,0.7092198581560284
306,100,3675,45,0.9428090415820635
306,100,3570,270,0.6896551724137931
306,100,3536,180,1.4388489208633095
306,100,3536,0,0.7518796992481203
306,100,3570,198.43494882292202,4.028379184927872
306,100,3570,194.03624346792648,3.325085181949726
306,100,3570,18.434948822922024,6.54264343483113
306,100,3604,206.56505117707798,2.98142396999972
306,100,3465,33.69006752597977,2.403700850309326
306,100,3465,0,0.7633587786259541
306,100,3570,0,0.6666666666666667
306,100,3502,180,0.7352941176470588
306,100,3468,0,0.6666666666666667
306,100,3366,90,0.7462686567164178
306,100,3399,180,0.684931506849315
306,100,3399,195.94539590092288,5.020765440883116
306,100,3672,210.96375653207352,4.194929420752016
306,100,3468,188.13010235415598,4.944802665640193
306,100,3468,198.43494882292202,6.776309271789384
306,100,3468,192.52880770915152,6.72959449437437
306,100,3434,0,1.3157894736842104
306,100,3528,18.434948822922024,4.485500227189191
306,100,3384,33.69006752597977,2.6511406437235214
306,100,3293,180,2.73972602739726
306,100,2975,206.56505117707798,3.042269357142571
306,100,2592,11.30993247402023,3.80523844297969
306,100,2464,18.434948822922024,6.874516652539955
306,100,2250,20.55604521958344,5.892416376081055
306,100,2117,180,2.112676056338028
306,100,1943,189.4623222080256,4.22414064604043
306,100,1820,194.03624346792648,5.609667517847157
306,100,1728,189.4623222080256,4.643330175800167
306,100,2048,180,2.666666666666667
306,100,1984,45,0.9620500424306769
306,100,1856,45,1.0475656017578483
306,100,1674,45,0.9753196981883415
306,100,1450,45,1.024792436502243
306,100,1316,180,1.342281879194631
306,100,1118,45,1.0029883421085781
306,100,975,90,0.6944444444444444
306,100,972,119.74488129694225,5.972042776517443
306,100,910,90,1.2987012987012987
306,100,4104,300.9637565320735,3.9133905334532217
306,100,3185,270,5
306,100,2480,315,5.123962182511215
306,100,2160,239.03624346792648,3.966633942071633
306,100,1421,264.80557109226515,8.304782719689669
306,100,1247,270,0.6993006993006993
306,100,1102,270,1.3793103448275863
306,100,1064,18.434948822922024,2.4513780311382787
306,100,1170,45,1.0101525445522108
306,100,1209,45,0.9428090415820635
306,100,1209,18.434948822922024,2.3424278964210217
306,100,1320,0,0.6451612903225806
306,100,1320,194.03624346792648,3.1716197120135847
306,100,1470,11.30993247402023,3.5908588123892846
306,100,1628,18.434948822922024,2.1808811449437098
306,100,1540,198.43494882292202,4.7913297881339085
306,100,1540,210.96375653207352,3.7863323992501954
306,100,1634,191.3099324740202,3.6421567954234173
306,100,1344,180,0.684931506849315
306,100,1271,180,2.2388059701492535
306,100,1344,203.19859051364818,5.216282949221855
306,100,1496,180,3.0534351145038165
306,100,1760,0,2.054794520547945
306,100,1716,194.03624346792648,2.767184983636014
306,100,1710,90,0.6369426751592357
306,100,1548,18.434948822922024,4.422765958277454
306,100,1677,0,0.7299270072992701
306,100,1716,198.43494882292202,2.094223616005549
306,100,1716,198.43494882292202,2.3252041618885144
306,100,1760,198.43494882292202,4.4539121974202525
306,100,1936,198.43494882292202,4.550039798803423
306,100,2790,0,2.0689655172413794
306,100,3358,206.56505117707798,1.6687074458953657
306,20,374,195.94539590092288,5.23748912897879
306,20,357,180,2.6143790849673203
306,20,340,198.43494882292202,4.902756062276557
306,20,304,191.3099324740202,3.5908588123892846
306,20,272,180,4.666666666666667
306,20,225,194.03624346792648,5.7665812945701544
306,20,195,180,3.6764705882352944
306,20,180,188.13010235415598,4.682826365473825
306,20,165,210.96375653207352,4.287464628562721
306,100,816,303.69006752597977,2.6907099070626788
306,100,752,315,5.0870991452269605
306,100,738,315,1.977921066256077
306,100,1404,36.86989764584405,3.64963503649635
306,100,1100,333.434948822922,4.442519160595609
306,100,1044,0,1.4705882352941175
306,100,918,305.5376777919744,6.0579755401708635
306,100,884,306.86989764584405,3.597122302158273
306,100,1392,90,2.0689655172413794
306,100,867,321.3401917459099,9.556901846914698
306,100,816,321.3401917459099,4.4777092569460475
306,100,1276,345.96375653207355,8.898789120038115
306,100,1176,338.1985905136482,3.688469045982537
306,100,1353,315,1.032272673265033
306,100,1312,14.036243467926454,2.9035955109983522
306,100,1230,338.1985905136482,3.6142045685466466
306,100,1120,324.4623222080256,6.10093990570399
306,100,1053,14.036243467926454,3.0541523152723413
306,100,208,218.65980825409008,4.240479627438972
306,100,232,216.86989764584402,3.6764705882352944
306,100,203,210.96375653207352,4.135426875776809
306,20,48,203.19859051364818,5.30715895879018
306,20,384,172.8749836510982,5.410911240468825
306,20,3774,225,3.0968180197950983
306,20,2940,353.6598082540901,6.658371425101042
306,20,1932,8.130102354155952,9.304036594559836
306,20,1836,180,2.2222222222222223
306,20,1846,270,0.7462686567164178
306,20,1750,135,0.9686394262829419
306,20,1825,180,2.097902097902098
306,20,1850,0,1.36986301369863
306,20,1875,180,0.7407407407407408
306,20,1900,90,0.6993006993006993
306,20,1900,270,0.6993006993006993
306,20,2002,191.3099324740202,3.4452834551302596
306,20,2080,191.3099324740202,3.5165651817881276
306,20,2214,194.03624346792648,3.0095661500858837
306,20,2133,11.30993247402023,6.984958237798335
306,20,2106,14.036243467926454,2.8240449490531923
306,20,2028,0,0.7407407407407408
306,20,2054,189.4623222080256,4.376088151293683
306,20,2992,206.56505117707798,1.5421158465515792
306,20,2184,45,3.052259487136176
306,20,2052,216.86989764584402,3.3557046979865772
306,20,1976,209.7448812969422,5.484529080475204
306,20,2002,21.801409486351815,3.9307772314850395
306,20,2000,191.3099324740202,3.6421567954234173
306,20,1925,26.565051177077976,3.1717276276592763
306,20,1925,26.565051177077976,1.5636839003495033
306,20,2160,225,1.032272673265033
306,20,1944,23.198590513648185,4.8819058370922495
306,20,1944,0,2.2388059701492535
306,20,1898,180,0.7042253521126761
306,20,1825,90,0.7299270072992701
306,20,1850,0,0.6944444444444444
306,20,1850,180,0.6756756756756757
306,20,1950,270,0.7042253521126761
306,20,1924,0,0.7299270072992701
306,20,1850,135,1.0029883421085781
306,20,1850,195.94539590092288,4.986376636493506
306,20,1850,195.94539590092288,5.200078492343227
306,20,2072,189.4623222080256,3.8992067501911665
306,20,4066,216.86989764584402,3.571428571428571
306,20,3960,0,0.6944444444444444
306,20,3597,349.695153531234,8.281733249999222
306,20,3531,45,0.9889605331280386
306,20,3465,161.56505117707798,2.094223616005549
306,20,3360,180,3.6764705882352944
306,20,3360,180,0.6756756756756757
306,20,3392,18.434948822922024,2.1081851067789197
306,20,3360,194.03624346792648,3.0769444967295976
306,20,3360,198.43494882292202,2.211382979138727
306,20,3255,191.3099324740202,3.5908588123892846
306,20,3193,198.43494882292202,4.684855792842043
306,20,3193,18.434948822922024,4.422765958277454
306,20,3317,0,2.112676056338028
306,20,3498,180,0.7142857142857143
306,20,3360,18.434948822922024,4.302418585263101
306,20,3360,0,1.4285714285714286
306,20,3360,194.03624346792648,2.8832906472850772
306,20,3328,198.43494882292202,2.196026152894708
306,20,3328,18.434948822922024,4.392052305789416
306,20,3328,0,0.6993006993006993
306,20,3328,198.43494882292202,2.2750198994017117
306,20,3399,189.4623222080256,4.22414064604043
306,20,3193,0,0.7142857142857143
306,20,3090,341.565051177078,6.680868296130379
306,20,2958,355.6012946450045,8.75060725530557
306,20,3200,251.56505117707798,2.2427501135945955
306,20,3325,116.56505117707798,1.6687074458953657
306,20,3430,153.43494882292202,1.4808397201985364
306,20,3267,147.99461679191648,6.83621821163522
306,20,3300,153.43494882292202,1.5421158465515792
306,20,3333,180,0.7142857142857143
306,20,3333,180,1.3245033112582782
306,20,3468,191.3099324740202,3.7219120537173613
306,20,3300,192.52880770915152,6.680829316878905
306,20,3267,196.69924423399362,7.05426115466929
306,20,3267,196.69924423399362,8.093260859620582
306,20,3136,333.434948822922,1.49071198499986
306,20,3640,191.3099324740202,3.4452834551302596
306,20,3382,18.434948822922024,4.106854104114778
306,20,2508,23.198590513648185,5.683412765570081
306,20,1980,11.30993247402023,3.565747911603346
306,20,1755,90,0.7407407407407408
306,20,1755,90,0.6535947712418301
306,20,1792,0,0.6622516556291391
306,20,1728,90,0.7407407407407408
306,20,1755,180,0.6944444444444444
306,20,1690,270,0.6944444444444444
306,20,1690,195.94539590092288,5.055631867555915
306,20,1728,191.3099324740202,3.92232270276368
306,20,1728,198.43494882292202,4.188447232011098
306,20,231,3.0127875041833363,12.354738695091198
306,20,2808,206.56505117707798,6.126213636985725
306,20,2233,26.565051177077976,3.3374148917907314
306,20,2325,45,2.049584873004486
306,20,2356,0,0.6896551724137931
306,20,2356,90,0.7042253521126761
306,20,2541,90,0.6896551724137931
306,20,2607,195.25511870305775,2.627132315896631
306,20,2528,220.6012946450045,6.829292190587324
306,20,2528,296.565051177078,6.254735601398013
306,20,740,190.0079798014413,12.2430329798809
306,20,1080,185.71059313749964,13.766952905645056
306,20,357,223.1523897340054,15.665508713900936
306,20,500,135,1.8982732380846916
306,20,702,198.43494882292202,2.4705294220065466
306,20,725,153.43494882292202,1.5746957588026689
306,20,806,206.56505117707798,1.5315534092464314
306,20,858,180,0.6896551724137931
306,20,910,180,0.7299270072992701
306,20,925,225,1.0633184679496956
306,20,988,0,0.6802721088435374
306,20,925,90,0.7246376811594203
306,20,950,0,0.6666666666666667
306,20,1025,180,2.097902097902098
306,20,1025,0,0.6896551724137931
306,20,1025,180,0.6802721088435374
306,20,1892,277.1250163489018,5.637942481327657
306,20,1978,348.69006752597977,3.6949416765165104
306,20,2352,206.56505117707798,1.5636839003495033
306,20,1980,90,1.4705882352941175
306,20,1548,90,2.7210884353741496
306,20,1260,101.30993247402023,3.5409857733283228
306,20,1107,180,1.5037593984962405
306,20,1144,180,1.3986013986013985
306,20,1150,180,1.3513513513513513
306,20,1200,180,1.4598540145985401
306,20,1300,180,0.6993006993006993
306,20,1350,180,1.3333333333333335
306,20,1425,180,1.4598540145985401
306,20,1512,198.43494882292202,2.2269560987101262
306,20,1656,180,1.4285714285714286
306,20,1656,0,0.7518796992481203
306,20,1704,180,0.6802721088435374
306,20,1680,0,0.6993006993006993
306,20,1633,90,0.6802721088435374
306,20,1725,0,1.2195121951219512
306,20,1656,180,0.7874015748031495
306,20,1702,225,0.9065471553673687
306,20,1872,180,0.7299270072992701
306,20,1824,0,1.36986301369863
306,20,1824,180,1.910828025477707
306,20,1824,180,0.7194244604316548
306,20,1824,180,1.4184397163120568
306,20,1824,180,4.10958904109589
306,20,1875,206.56505117707798,6.528665627736613
306,20,1548,180,4.3478260869565215
306,20,1512,194.03624346792648,2.8048337589235786
306,20,1512,180,3.3112582781456954
306,20,1505,180,3.816793893129771
306,20,1435,180,2.7210884353741496
306,20,1353,180,2.307692307692308
306,20,1353,194.03624346792648,2.6948402781814775
306,20,1216,206.56505117707798,1.4710973536182828
306,20,1044,194.03624346792648,3.0095661500858837
306,20,850,213.69006752597977,2.539120616523936
306,20,736,198.43494882292202,2.196026152894708
306,20,390,303.69006752597977,2.7109408086195406
306,20,432,213.69006752597977,2.539120616523936
306,20,360,270,4.137931034482759
306,20,330,270,1.4388489208633095
306,20,418,143.13010235415595,3.3333333333333335
306,20,460,180,0.7352941176470588
306,20,378,306.86989764584405,3.7037037037037033
306,20,440,143.13010235415595,3.3112582781456954
306,20,360,321.3401917459099,4.850851695024885
306,20,378,180,0.7194244604316548
306,20,440,135,0.9959250439247148
306,20,462,180,0.7194244604316548
306,20,483,90,0.7092198581560284
306,20,484,0,0.6993006993006993
306,20,462,333.434948822922,1.5858638138296381
306,20,441,225,0.9753196981883415
306,20,400,0,0.7692307692307693
306,20,378,90,0.7142857142857143
306,20,360,270,0.684931506849315
306,20,420,90,0.7936507936507936
306,20,400,270,0.6756756756756757
306,20,420,90,0.6944444444444444
306,20,400,315,0.9753196981883415
306,20,400,180,0.7462686567164178
306,20,420,90,0.78125
306,20,420,180,0.7042253521126761
306,20,380,270,0.7042253521126761
306,20,399,90,0.6622516556291391
306,20,399,270,0.7246376811594203
306,20,357,180,0.7142857142857143
306,20,357,0,0.6993006993006993
306,20,357,180,0.7194244604316548
306,20,360,0,0.7751937984496124
306,20,380,180,0.6622516556291391
306,20,378,26.565051177077976,1.6563466499998445
306,20,360,270,0.6944444444444444
306,20,378,90,0.6993006993006993
306,20,360,225,1.0553832555023097
306,20,360,0,0.7518796992481203
306,20,340,180,1.3605442176870748
306,20,320,0,0.6944444444444444
306,20,320,270,0.6944444444444444
306,20,300,180,0.7042253521126761
306,20,300,0,0.6896551724137931
306,20,340,135,0.9959250439247148
306,20,285,0,0.7042253521126761
306,20,315,180,0.6896551724137931
306,20,280,0,0.7092198581560284
306,20,247,180,0.7142857142857143
306,20,247,0,0.6802721088435374
306,20,247,180,0.7352941176470588
306,20,247,0,0.7299270072992701
306,20,247,180,0.6756756756756757
306,20,247,0,0.6896551724137931
306,20,266,90,0.6944444444444444
306,20,228,270,0.7633587786259541
306,20,247,135,1.0029883421085781
306,20,240,315,1.950639396376683
306,20,220,180,0.7246376811594203
306,20,200,0,0.6993006993006993
306,20,180,180,0.7299270072992701
306,20,200,180,0.7246376811594203
306,20,200,315,0.9820927516479828
306,20,240,180,2.127659574468085
306,20,322,161.56505117707798,2.2269560987101262
306,20,560,135,0.9820927516479828
306,20,736,180,2.877697841726619
306,20,1092,120.96375653207349,3.8873012632302006
306,20,972,255.9637565320735,2.9662630400127057
306,20,1386,146.30993247402023,2.6907099070626788
306,20,1620,153.43494882292202,1.4614823382351567
306,20,1748,180,1.4925373134328357
306,20,1872,180,2.7777777777777777
306,20,2000,45,1.0029883421085781
306,20,2193,180,2.684563758389262
306,20,2392,180,1.5037593984962405
306,20,2597,63.434948822922024,1.6203391141302825
306,20,2809,180,0.6622516556291391
306,20,2968,180,0.7518796992481203
306,20,3180,180,0.6711409395973155
306,20,3584,206.56505117707798,1.4614823382351567
306,20,3726,180,1.4492753623188406
306,20,3996,180,0.7751937984496124
306,100,2480,189.4623222080256,4.166275705683712
306,100,2480,187.1250163489018,5.758755534498964
306,100,2262,159.44395478041656,6.328891663198171
306,100,1020,228.01278750418334,3.165558599311461
306,100,144,270,1.4925373134328357
306,100,1551,126.25383773744477,3.2349696065631783
306,100,1764,141.34019174590992,3.138786390898455
306,100,1785,146.30993247402023,2.503855052405548
306,100,1820,153.43494882292202,3.0842316931031584
306,100,1802,153.43494882292202,1.4614823382351567
306,100,1904,165.9637565320735,3.123564867892167
306,100,1984,213.69006752597977,2.670778722565918
306,100,1914,146.30993247402023,2.521364528296496
306,100,1680,116.56505117707798,4.47213595499958
306,100,1800,135,2.0059766842171562
306,100,2340,180,2.18978102189781
306,100,2555,135,1.9918500878494296
306,100,3822,98.13010235415601,5.0870991452269605
306,100,3570,53.13010235415595,3.1645569620253164
306,100,4176,180,3.816793893129771
306,100,3354,195.94539590092288,5.020765440883116
306,100,3120,198.43494882292202,2.0668481439009017
306,100,2964,206.56505117707798,3.312693299999689
306,100,3330,116.56505117707798,6.576670522058205
306,100,3870,270,0.6993006993006993
306,100,3306,225,1.9241000848613539
306,100,3256,191.3099324740202,4.046840883803797
306,100,3382,90,0.6369426751592357
306,100,3772,180,0.7518796992481203
306,100,3906,45,0.9304036594559837
306,100,4042,225,0.9820927516479828
306,100,2664,135,4.0119533684343125
306,100,2952,116.56505117707798,3.2643328138683065
306,100,2760,26.565051177077976,1.5971914124998499
306,100,2508,45,0.9123958466923194
306,100,2624,124.99202019855869,8.536052878135456
306,100,3366,326.30993247402023,2.6511406437235214
306,100,3696,315,2.064545346530066
306,100,3038,135,1.7788849841171006
306,100,2820,135,1.1984860698077078
306,100,2622,170.53767779197437,4.001817454143565
306,100,2332,90,1.4492753623188406
306,100,2100,33.69006752597977,2.503855052405548
306,100,1968,188.13010235415598,4.876598490941707
306,100,1794,45,0.9243225897863367
306,100,1794,180,0.7575757575757576
306,100,1665,135,1.0475656017578483
306,100,1584,201.80140948635182,3.7658495154786737
306,100,1505,180,2
306,100,1470,194.03624346792648,2.92418838696288
306,100,1512,180,0.7299270072992701
306,100,608,119.74488129694225,5.374838498865699
306,100,646,161.56505117707798,2.2427501135945955
306,100,648,153.43494882292202,1.6321664069341533
306,100,665,135,3.9837001756988593
306,100,578,149.0362434679265,4.194929420752016
306,100,816,231.3401917459099,4.0526102768562335
306,100,1040,233.13010235415598,3.816793893129771
306,100,1235,95.71059313749964,13.861897408442605
306,100,1176,135,0.9243225897863367
306,100,920,153.43494882292202,4.969039949999533
306,100,731,158.19859051364824,3.959680005245959
306,100,640,161.56505117707798,2.211382979138727
306,100,640,161.56505117707798,2.1512092926315507
306,100,990,158.19859051364824,1.9028850908602488
306,100,792,158.19859051364824,4.048996095589852
306,100,704,165.9637565320735,2.7125694905379345
306,100,660,146.30993247402023,2.503855052405548
306,100,660,153.43494882292202,3.4938562148434213
306,100,660,153.43494882292202,2.98142396999972
306,100,645,135,1.9641855032959656
306,20,304,111.80140948635182,3.542871583641121
306,20,247,120.96375653207349,4.225327460032827
306,20,209,135,2.9462782549439477
306,20,190,123.69006752597977,2.486587086526889
306,20,190,135,1.8486451795726735
306,100,943,315,2.2447834323382465
306,100,920,291.8014094863518,3.43004127842962
306,100,1380,261.869897645844,5.316592339748478
306,100,1488,288.434948822922,2.0804458290581445
306,100,1610,284.03624346792645,2.86326779556782
306,100,1247,329.03624346792645,4.555431167847892
306,100,1025,315,3.771236166328254
306,100,897,315,1.9641855032959656
306,100,902,315,5.199314567548144
306,100,840,296.565051177078,3.0842316931031584
306,100,882,323.13010235415595,3.4722222222222223
306,100,861,0,1.5151515151515151
306,100,902,315,4.714045207910317
306,100,840,315,3.9837001756988593
306,100,660,239.03624346792648,4.021346134376069
306,100,646,225,4.843197131414709
306,100,627,213.69006752597977,5.547001962252291
306,100,594,225,5.474375080153916
306,100,561,216.86989764584402,3.597122302158273
306,100,527,231.3401917459099,4.4159477499536886
306,100,493,201.80140948635182,3.542871583641121
306,100,442,240.94539590092285,8.236504112789602
306,100,442,239.03624346792648,4.164965639175215
306,100,425,210.96375653207352,7.774602526460401
306,100,425,213.69006752597977,5.3814198141253575
306,3,1856,206.56505117707798,1.5421158465515792
306,3,1856,198.43494882292202,2.1659436028550543
306,3,2436,180,1.5384615384615385
306,3,2668,45,1.0174198290453922
306,100,416,210.96375653207352,4.164965639175215
306,100,400,231.3401917459099,4.573660169594892
306,100,384,234.46232220802563,5.8519219503691335
306,100,384,206.56505117707798,3.2643328138683065
306,100,368,225,4.040610178208843
306,100,368,239.03624346792648,4.021346134376069
306,20,252,225,5.105464124090596
306,20,420,258.69006752597977,3.4452834551302596
306,20,378,201.80140948635182,3.7658495154786737
306,20,364,201.80140948635182,3.959680005245959
306,20,275,219.80557109226518,5.539184167309684
306,20,325,216.86989764584402,3.5211267605633805
306,20,230,198.43494882292202,4.684855792842043
306,20,198,225,5.81183655769765
306,20,168,206.56505117707798,3.1943828249996997
306,20,140,198.43494882292202,4.485500227189191
306,20,108,239.03624346792648,4.049272149198126
306,20,80,230.1944289077348,5.0715906986406845
306,20,56,180,3.571428571428571
306,20,285,180,3.4965034965034967
306,100,1073,180,0.6944444444444444
306,100,1073,195.94539590092288,5.090985936559803
306,20,2964,195.94539590092288,9.904911413987099
306,20,2754,216.86989764584402,10.638297872340425
306,20,2548,195.94539590092288,10.785347984119285
306,20,2352,200.55604521958347,11.78483275216211
306,20,1849,209.7448812969422,10.608233879340197
306,20,1640,0,2.2900763358778624
306,20,3975,189.4623222080256,8.87994529970543
306,20,3168,26.565051177077976,1.49071198499986
306,20,2346,209.7448812969422,5.717913296665637
306,20,2112,192.9946167919165,9.73844092271995
306,20,2021,194.93141717813754,10.780676872402795
306,20,1932,198.43494882292202,11.056914895693634
306,20,1800,198.43494882292202,12.995661617130327
306,20,1064,194.03624346792648,13.386706576680718
306,20,864,166.75948008481282,13.131014433513519
306,20,780,195.94539590092288,5.055631867555915
306,20,1344,191.3099324740202,7.667698516680879
306,20,1036,270,0.7042253521126761
306,20,1275,53.13010235415595,3.289473684210526
306,20,1496,116.56505117707798,4.950704009224626
306,100,1817,126.86989764584405,3.546099290780142
306,100,1817,153.43494882292202,2.9616794403970728
306,100,1672,225,2.0797258270192573
306,100,1533,161.56505117707798,4.0803582711850055
306,20,340,113.96248897457815,7.461255910451594
306,20,1066,192.9946167919165,3.169041345398179
306,20,496,63.434948822922024,4.502150290268033
306,20,420,146.30993247402023,5.042729056592992
306,20,448,135,0.9686394262829419
306,20,351,135,0.9889605331280386
306,100,858,191.3099324740202,3.4924791188991673
306,100,858,206.56505117707798,1.6321664069341533
306,100,792,194.03624346792648,2.8240449490531923
306,100,920,108.43494882292202,2.2427501135945955
306,100,858,135,2.702318908993175
306,100,798,180,3.0303030303030303
306,100,798,153.43494882292202,1.5315534092464314
306,100,760,120.96375653207349,3.8873012632302006
306,100,684,135,3.394112549695428
306,100,665,135,2.8474098571270368
306,100,648,113.19859051364818,5.32571545864609
306,100,595,153.43494882292202,1.5315534092464314
306,100,578,180,1.3986013986013985
306,100,1296,341.565051177078,2.196026152894708
306,100,1122,0,1.3793103448275863
306,100,1054,320.1944289077348,5.349486079388119
306,100,952,270,2.2900763358778624
306,100,891,15.945395900922847,4.986376636493506
306,100,884,26.565051177077976,7.929319069148192
306,100,1056,225,1.0398629135096287
306,100,1428,351.86989764584405,5.123962182511215
306,20,324,315,5.0870991452269605
306,20,525,90,0.7194244604316548
306,100,648,333.434948822922,3.0631068184928627
306,100,390,338.1985905136482,3.7139067635410368
306,100,885,67.3801350519596,9.285714285714286
306,100,675,288.434948822922,6.680868296130379
306,100,720,309.8055710922652,5.700912172194638
306,100,816,333.434948822922,1.510856741553912
306,100,816,0,3.731343283582089
306,100,850,345.96375653207355,2.9035955109983522
306,100,1080,296.565051177078,4.532570224661736
306,100,882,320.1944289077348,5.461713060074583
306,100,1150,63.434948822922024,1.6086819982012877
306,100,893,350.5376777919744,4.1950086415849785
306,100,767,289.98310652189997,2.7283682775570224
306,100,945,258.69006752597977,3.354618101047885
306,100,992,260.5376777919744,4.439972649852715
306,100,816,243.43494882292202,1.5746957588026689
306,100,666,270,5.633802816901409
306,100,464,258.69006752597977,3.6163258961650957
306,100,330,255.9637565320735,2.9450754468697578
306,100,210,296.565051177078,1.7333860290696046
306,100,182,243.43494882292202,1.6812541184208947
306,20,176,296.565051177078,1.510856741553912
306,20,176,296.565051177078,3.2643328138683065
306,20,264,270,2.2388059701492535
306,20,189,233.13010235415598,3.4482758620689653
306,20,160,225,2.905918278848825
306,20,140,243.43494882292202,1.5858638138296381
306,100,133,296.565051177078,1.5421158465515792
306,100,224,315,1.9110994086122908
306,100,186,315,0.9304036594559837
306,100,363,315,2.6286497441879093
306,100,350,315,0.9491366190423458
306,100,370,288.434948822922,2.2587697572631282
306,100,432,296.565051177078,1.5746957588026689
306,100,288,270,2.8169014084507045
306,100,232,291.8014094863518,3.7658495154786737
306,100,208,270,2.1739130434782608
306,100,168,296.565051177078,1.5636839003495033
306,100,125,258.69006752597977,3.4924791188991673
306,100,115,243.43494882292202,1.6086819982012877
306,100,138,288.434948822922,2.2750198994017117
306,100,132,270,2.898550724637681
306,100,154,251.56505117707798,2.1808811449437098
306,100,138,288.434948822922,2.1366740947083644
306,100,161,225,1.9641855032959656
306,100,168,213.69006752597977,2.6511406437235214
306,100,161,213.69006752597977,2.503855052405548
306,20,96,141.34019174590992,13.527727262182074
306,20,84,171.86989764584405,4.876598490941707
306,20,150,318.01278750418334,9.214810991146377
306,20,228,63.434948822922024,3.2173639964025753
306,20,170,59.03624346792651,4.194929420752016
306,20,135,45,3.0743773095067284
306,20,544,333.434948822922,1.5421158465515792
306,20,312,293.96248897457815,6.654633649862232
306,100,312,333.434948822922,3.105649968749708
306,100,322,0,2.2058823529411766
306,100,648,303.69006752597977,2.503855052405548
306,100,665,135,6.971475307473003
306,100,665,191.3099324740202,3.6421567954234173
306,20,255,143.13010235415595,6.756756756756757
306,20,858,18.434948822922024,4.7913297881339085
306,20,299,98.74616226255523,8.94758261086116
306,20,2240,270,2.083333333333333
306,20,576,235.4914770123316,13.298964273251782
306,20,558,198.43494882292202,7.132957128199352
306,20,510,190.30484646876602,7.873478794013344
306,20,493,199.98310652189997,7.551419297238468
306,20,448,194.03624346792648,6.063390625908324
306,20,448,195.25511870305775,8.202700899993797
306,20,448,200.55604521958347,5.933335934248285
306,20,448,196.69924423399362,7.352328527401797
306,20,448,194.03624346792648,5.84837677392576
306,20,252,192.09475707701208,9.740014328759424
306,20,800,189.4623222080256,4.109974682633933
306,20,704,195.25511870305775,7.809420719857109
306,20,600,191.3099324740202,7.61047688595938
306,20,532,195.94539590092288,5.23748912897879
306,20,476,188.13010235415598,9.428090415820634
306,20,442,173.29016319224309,12.494337787316562
306,20,1326,198.43494882292202,11.712139482105108
306,20,1300,198.43494882292202,8.907824394840505
306,20,1250,198.43494882292202,6.728250340783785
306,20,1225,194.03624346792648,8.710786532995057
306,20,1104,195.25511870305775,8.144110179279556
306,20,1058,198.43494882292202,6.728250340783785
306,20,1056,194.03624346792648,8.649871941855231
306,20,861,192.52880770915152,6.229421930603302
306,20,330,201.03751102542182,10.02042322099577
306,20,308,196.69924423399362,6.9602043392737
306,20,90,180,6.338028169014084
306,20,48,191.3099324740202,3.4924791188991673
306,20,84,206.56505117707798,9.38210340209702
306,100,70,191.3099324740202,5.311478659992484
306,100,40,214.69515353123398,11.293848786315639
306,20,432,206.56505117707798,4.79157423749955
306,20,432,195.94539590092288,5.126837950197547
306,20,35,194.03624346792648,2.9662630400127057
306,20,32,206.56505117707798,3.1943828249996997
306,20,45,165.9637565320735,2.6948402781814775
306,20,32,270,1.5384615384615385
306,20,32,180,2.097902097902098
306,20,36,180,2.0689655172413794
306,20,50,180,0.684931506849315
306,20,40,225,1.024792436502243
306,20,40,180,0.6993006993006993
306,20,40,225,0.9959250439247148
306,20,33,180,1.3986013986013985
306,20,325,146.30993247402023,2.46955566812602
306,20,775,38.65980825409008,4.268749491621899
306,20,1120,239.03624346792648,4.555431167847892
306,20,840,303.69006752597977,2.486587086526889
306,100,207,161.56505117707798,2.094223616005549
306,100,240,101.30993247402023,3.92232270276368
306,100,429,45,1.950639396376683
306,100,184,296.565051177078,1.3975424859373686
306,100,561,105.94539590092285,5.353021977412146
306,100,578,0,0.6493506493506493
306,100,578,45,1.024792436502243
306,100,594,90,2.857142857142857
306,100,544,90,5.072463768115942
306,100,544,45,1.8486451795726735
306,100,220,180,0.6944444444444444
306,100,190,99.46232220802563,4.109974682633933
306,100,480,107.10272896905235,8.948335861010161
306,100,624,108.43494882292202,4.941058844013093
306,100,420,270,2.054794520547945
306,100,585,99.46232220802563,9.504316453590969
306,100,540,153.43494882292202,1.5746957588026689
306,100,560,90,4.195804195804196
306,100,1023,160.01689347809997,8.12826382688863
306,100,693,26.565051177077976,4.826045994603863
306,100,759,153.43494882292202,1.5421158465515792
306,100,665,135,2.064545346530066
306,100,630,102.52880770915152,6.146362971528592
306,100,684,146.30993247402023,2.5939217809093447
306,100,646,90,0.6944444444444444
306,100,592,135,4.8102502121533846
306,100,592,21.801409486351815,3.959680005245959
306,100,555,135,0.9123958466923194
306,100,532,105.94539590092285,5.353021977412146
306,100,546,45,1.0101525445522108
306,100,555,153.43494882292202,1.552824984374854
306,100,459,45,5.050762722761054
306,100,459,36.86989764584405,3.4722222222222223
306,100,490,68.19859051364818,3.792369582489087
306,100,540,56.30993247402023,2.5939217809093447
306,100,450,38.65980825409008,4.606564199591977
306,100,338,26.565051177077976,3.042269357142571
306,100,520,36.86989764584405,3.7593984962406015
306,100,442,59.03624346792651,4.135426875776809
306,100,448,45,2.966881599384115
306,100,594,0,2.18978102189781
306,100,527,299.7448812969422,5.8422157596366295
306,100,510,59.03624346792651,3.966633942071633
306,20,72,135,3.7965464761693832
306,20,50,135,3.119588740528886
306,20,65,100.30484646876602,8.160832034670767
306,100,448,333.434948822922,3.021713483107824
306,100,308,326.30993247402023,2.631789252163496
306,100,270,323.13010235415595,3.7593984962406015
306,20,216,303.69006752597977,2.3261621132025736
306,20,432,176.1859251657097,11.135775095091043
306,20,414,141.34019174590992,9.213128399183955
306,20,330,133.26429541107166,16.100162110246554
306,20,32,281.30993247402023,10.549695545364383
306,20,36,11.30993247402023,3.4221607473777076
306,20,88,143.13010235415595,3.3333333333333335
306,20,408,126.86989764584405,3.3783783783783785
306,20,425,116.56505117707798,1.5971914124998499
306,20,374,90,1.36986301369863
306,20,378,111.80140948635182,4.048996095589852
306,20,378,122.00538320808352,2.19394910047828
306,20,306,90,2.054794520547945
306,20,288,108.43494882292202,2.3776523760664507
306,20,238,135,4.0119533684343125
306,20,221,111.80140948635182,3.452028722522118
306,20,208,135,2.1591046753787713
306,20,208,45,0.9959250439247148
306,20,208,116.56505117707798,1.5315534092464314
306,20,272,143.13010235415595,3.787878787878788
306,20,210,130.6012946450045,6.314756477597867
306,20,195,108.43494882292202,2.1808811449437098
306,20,36,111.03751102542185,10.394319609838895
306,20,25,94.76364169072622,9.053830510370148
306,100,45,270,4.273504273504273
306,100,238,248.19859051364818,3.98901096824778
306,100,195,233.13010235415598,3.289473684210526
306,20,168,216.86989764584402,3.4013605442176873
306,20,132,206.56505117707798,4.969039949999533
306,20,120,233.13010235415598,3.4482758620689653
306,20,99,191.3099324740202,3.6421567954234173
306,20,80,225,3.119588740528886
306,20,80,225,5.014941710542891
306,20,80,206.56505117707798,3.0842316931031584
306,20,48,228.81407483429035,10.921382684316422
306,20,2548,180,2.0408163265306123
306,20,2325,206.56505117707798,1.5421158465515792
306,20,2813,165.9637565320735,2.9662630400127057
306,20,2139,296.565051177078,1.6321664069341533
306,20,1953,180,1.3793103448275863
306,20,1980,194.03624346792648,2.767184983636014
306,20,2970,108.43494882292202,2.2915055508466518
306,20,3663,270,1.4084507042253522
306,20,2277,180,1.3605442176870748
306,20,1980,270,1.4388489208633095
306,20,2871,104.03624346792651,2.9877576997229425
306,20,3384,315,2.8096958192842947
306,20,2914,90,2.2900763358778624
306,20,2976,180,0.6578947368421052
306,20,2328,233.13010235415598,3.597122302158273
306,20,3395,135,0.9620500424306769
306,20,3465,180,0.7092198581560284
306,20,2277,225,0.9753196981883415
306,20,3234,90,0.7462686567164178
306,20,3332,225,1.0101525445522108
306,20,3234,180,0.6802721088435374
306,20,3069,180,2.054794520547945
306,20,2772,206.56505117707798,1.5421158465515792
306,20,2079,180,2.2222222222222223
306,20,1881,206.56505117707798,1.7069221202288474
306,20,1919,180,2.054794520547945
306,20,1800,225,1.9241000848613539
306,20,1818,180,2.2058823529411766
306,20,1700,153.43494882292202,1.4710973536182828
306,20,1683,206.56505117707798,1.6086819982012877
306,20,1700,180,2.0689655172413794
306,20,1700,198.43494882292202,2.3082318687360432
306,20,1700,180,1.9607843137254901
306,20,1717,198.43494882292202,2.413952412342274
306,20,1717,206.56505117707798,1.5421158465515792
306,20,1700,180,1.342281879194631
306,20,1818,194.03624346792648,3.0095661500858837
306,20,1683,180,2.2058823529411766
306,20,1782,198.43494882292202,2.1366740947083644
306,20,1683,161.56505117707798,2.3956648940669543
306,20,1764,206.56505117707798,1.5636839003495033
306,20,1746,206.56505117707798,1.4614823382351567
306,20,1746,198.43494882292202,2.3599087016181937
306,20,1728,180,1.3986013986013985
306,20,1710,180,2.0689655172413794
306,20,1674,206.56505117707798,1.6687074458953657
306,20,1748,153.43494882292202,1.5007167634226777
306,20,1620,198.43494882292202,2.196026152894708
306,20,3738,209.05460409907712,7.460601551439856
306,20,3154,189.4623222080256,7.651273623016628
306,20,2835,194.03624346792648,9.663528810041392
306,20,1704,197.3540246362613,12.147141024811747
306,20,1704,192.9946167919165,9.075961948385261
306,20,1704,196.3895403340348,13.125959367903222
306,100,870,206.56505117707798,4.826045994603863
306,100,756,191.3099324740202,3.5908588123892846
306,20,110,149.0362434679265,7.987605335404521
306,20,1881,198.43494882292202,4.6164637374720865
306,20,1760,195.94539590092288,4.9524557069935495
306,20,1674,195.94539590092288,5.313948824292349
306,20,1530,196.69924423399362,7.6206616853361675
306,20,1500,198.43494882292202,6.241337487174433
306,20,1334,194.03624346792648,6.294817749034596
306,20,1188,194.03624346792648,5.6480898981063845
306,20,740,128.65980825409008,4.297398817069026
306,100,684,135,2.925959094565024
306,100,665,135,2.8861501272920305
306,100,630,116.56505117707798,3.312693299999689
306,100,864,90,1.89873417721519
306,100,595,146.30993247402023,5.547001962252291
306,100,560,123.69006752597977,4.973174173053778
306,100,560,116.56505117707798,1.552824984374854
306,100,525,153.43494882292202,1.6321664069341533
306,100,684,108.43494882292202,4.392052305789416
306,100,555,135,2.77296776935901
306,100,555,135,2.987775131774144
306,100,592,111.80140948635182,3.84654629081036
306,100,600,180,1.3793103448275863
306,100,518,99.46232220802563,4.472619507572221
306,20,1598,198.43494882292202,9.166022203386607
306,20,1666,197.3540246362613,11.326388252865009
306,20,1632,203.96248897457818,12.959023423415928
306,20,1300,196.69924423399362,8.093260859620582
306,20,1035,195.94539590092288,9.51648351539937
306,20,882,193.24051991518718,12.298767039840126
306,20,779,196.69924423399362,7.969699625122558
306,20,680,195.94539590092288,9.904911413987099
306,20,624,194.93141717813754,10.932517391732413
306,100,770,197.10272896905238,3.2774627731892636
306,100,612,195.52411099675425,4.2847572688691296
306,100,522,198.43494882292202,5.105594607739058
306,100,551,180,3.5211267605633805
306,20,1750,180,1.4814814814814816
306,20,1598,206.56505117707798,1.510856741553912
306,20,1680,180,2.877697841726619
306,20,1836,191.3099324740202,3.8338492583404395
306,20,1645,206.56505117707798,3.105649968749708
306,20,1656,198.43494882292202,2.2587697572631282
306,20,1518,198.43494882292202,2.2427501135945955
306,20,1680,180,2.013422818791946
306,20,1496,201.80140948635182,3.959680005245959
306,20,1540,194.03624346792648,2.6948402781814775
306,20,1353,206.56505117707798,3.1493915176053378
306,20,1209,209.7448812969422,5.677646301618696
306,20,1140,194.03624346792648,2.92418838696288
306,20,1140,191.3099324740202,3.6163258961650957
306,20,1102,189.4623222080256,4.314015978934908
306,20,1073,191.3099324740202,3.5409857733283228
306,20,1073,201.80140948635182,3.8742192857082762
306,20,1008,191.3099324740202,3.5908588123892846
306,20,1008,198.43494882292202,2.2915055508466518
306,20,945,195.94539590092288,4.918993168432782
306,20,1110,180,2.877697841726619
306,20,972,180,3.6764705882352944
306,20,306,199.98310652189997,8.301205610439451
306,20,270,203.19859051364818,5.111257118029469
306,20,252,201.80140948635182,7.861554462970079
306,20,221,189.4623222080256,8.752176302587365
306,20,221,204.44395478041653,7.949372351049061
306,20,192,188.13010235415598,10.962895832349574
306,20,160,203.19859051364818,4.977629480956803
306,20,544,198.43494882292202,2.3082318687360432
306,20,240,197.65012421993012,15.705301198115912
306,20,330,203.96248897457818,6.792315725376623
306,20,616,180,4.964539007092199
306,20,588,191.3099324740202,3.6421567954234173
306,20,532,180,2.684563758389262
306,20,504,201.80140948635182,3.6386248696854757
306,20,493,201.80140948635182,4.17454636211977
306,20,432,180,2.5806451612903225
306,20,390,213.69006752597977,2.46955566812602
306,20,350,198.43494882292202,2.3424278964210217
306,20,299,225,2.0203050891044216
306,20,228,236.3099324740202,2.503855052405548
306,20,126,225,4.099169746008972
306,20,88,180,0.6993006993006993
306,20,64,236.3099324740202,2.436183294232425
306,20,42,180,1.5151515151515151
306,20,42,153.43494882292202,1.5315534092464314
306,20,36,270,0.6896551724137931
306,20,36,225,1.0553832555023097
306,20,30,135,0.9820927516479828
306,20,42,180,1.2987012987012987
306,20,30,270,0.7575757575757576
306,20,36,180,0.6802721088435374
306,20,20,0,0.7092198581560284
306,20,25,180,0.6993006993006993
306,20,24,225,1.0101525445522108
306,20,20,180,0.6711409395973155
306,20,20,180,0.6896551724137931
306,20,20,180,0.7299270072992701
306,20,30,206.56505117707798,1.5858638138296381
306,20,24,180,0.6451612903225806
306,20,24,206.56505117707798,1.788854381999832
306,20,35,180,1.3513513513513513
306,20,30,206.56505117707798,1.552824984374854
306,20,25,180,1.4285714285714286
306,20,36,180,1.3513513513513513
306,20,36,206.56505117707798,1.552824984374854
306,20,90,236.3099324740202,2.503855052405548
306,20,110,198.43494882292202,2.3424278964210217
306,20,64,180,2.027027027027027
306,20,135,231.3401917459099,4.606564199591977
306,20,77,126.86989764584405,3.7593984962406015
306,20,56,206.56505117707798,3.105649968749708
306,20,187,243.43494882292202,4.79157423749955
306,20,40,216.86989764584402,3.546099290780142
306,20,32,201.80140948635182,3.8192658206627685
306,20,160,252.89727103094762,9.44546563106628
306,20,60,138.0127875041834,9.47438313174205
306,20,900,90,0.7042253521126761
306,20,900,135,1.0101525445522108
306,20,915,165.9637565320735,2.8435211211156277
306,20,840,270,0.7194244604316548
306,20,882,180,3.571428571428571
306,20,793,161.56505117707798,2.196026152894708
306,20,960,180,2.097902097902098
306,20,128,180,2.158273381294964
306,20,128,180,2.142857142857143
306,20,120,180,3.289473684210526
306,20,135,180,2.18978102189781
306,20,112,180,2.083333333333333
306,20,105,180,3.4965034965034967
306,20,105,180,2.2388059701492535
306,20,136,198.43494882292202,2.1512092926315507
306,20,98,180,2.112676056338028
306,20,98,180,1.935483870967742
306,20,78,198.43494882292202,2.3599087016181937
306,20,66,194.03624346792648,2.8435211211156277
306,20,60,198.43494882292202,2.3082318687360432
306,20,54,180,2.158273381294964
306,20,48,194.03624346792648,2.6948402781814775
306,20,48,180,2.307692307692308
306,20,49,189.4623222080256,3.97566178450864
306,20,42,213.69006752597977,2.5939217809093447
306,20,49,180,4.545454545454546
306,20,56,198.43494882292202,2.1808811449437098
306,20,42,201.80140948635182,3.6142045685466466
306,20,98,206.56505117707798,4.79157423749955
306,20,70,161.56505117707798,2.3252041618885144
306,20,63,195.94539590092288,5.090985936559803
306,20,72,194.03624346792648,2.6948402781814775
306,100,224,194.03624346792648,2.9662630400127057
306,100,255,180,3.787878787878788
306,100,240,213.69006752597977,2.486587086526889
306,100,224,198.43494882292202,2.1223340001130064
306,100,448,141.34019174590992,4.573660169594892
306,100,336,180,2.941176470588235
306,100,322,198.43494882292202,4.422765958277454
306,100,299,194.03624346792648,2.6948402781814775
306,100,299,206.56505117707798,3.2643328138683065
306,100,299,195.94539590092288,5.020765440883116
306,100,264,206.56505117707798,3.3625082368417893
306,100,252,189.4623222080256,4.2836355847170555
306,100,280,180,1.4084507042253522
306,100,288,180,3.007518796992481
306,100,224,45,0.9959250439247148
306,100,182,90,1.3071895424836601
306,100,140,90,0.7042253521126761
306,100,112,90,0.7352941176470588
306,100,98,188.13010235415598,4.979625219623574
306,100,66,0,0.6896551724137931
306,100,60,14.036243467926454,2.9035955109983522
306,20,242,180,2.7586206896551726
306,20,391,180,4.37956204379562
306,20,322,198.43494882292202,6.825059698205135
306,20,494,161.56505117707798,2.0668481439009017
306,20,420,30.963756532073546,4.485347611419463
306,20,364,108.43494882292202,4.133696287801803
306,20,364,8.130102354155952,5.0870991452269605
306,20,288,180,2.272727272727273
306,20,429,63.434948822922024,1.5421158465515792
306,20,532,180,1.342281879194631
306,20,432,191.3099324740202,3.6421567954234173
306,20,602,143.13010235415595,3.6764705882352944
306,20,902,153.43494882292202,1.5636839003495033
306,20,1044,116.56505117707798,1.4614823382351567
306,20,957,116.56505117707798,3.2643328138683065
306,20,1014,180,2.0689655172413794
306,20,1080,180,2.2556390977443606
306,20,1012,26.565051177077976,1.5746957588026689
306,20,1012,0,0.7042253521126761
306,20,1008,0,0.7042253521126761
306,20,1008,0,0.7042253521126761
306,20,1025,90,0.7042253521126761
306,20,1000,0,0.7194244604316548
306,20,1000,0,0.7042253521126761
306,20,1000,270,0.6944444444444444
306,20,1000,90,0.6756756756756757
306,20,975,0,0.7092198581560284
306,20,936,180,0.6896551724137931
306,20,984,201.80140948635182,3.542871583641121
306,20,1100,191.3099324740202,3.4687207575461123
306,20,1274,203.19859051364818,5.996671736900716
306,20,1170,12.528807709151522,6.271798950539378
306,20,1260,180,1.342281879194631
306,20,1161,90,0.6993006993006993
306,20,1188,0,0.7518796992481203
306,20,1092,11.30993247402023,3.4687207575461123
306,20,1100,90,0.7518796992481203
306,20,1248,180,2.013422818791946
306,20,1128,14.036243467926454,2.8435211211156277
306,20,1450,71.56505117707798,2.1512092926315507
306,20,1248,333.434948822922,1.6563466499998445
306,20,1170,198.43494882292202,2.0014415570685946
306,20,1320,0,0.7692307692307693
306,20,1634,153.43494882292202,1.5421158465515792
306,20,1886,90,0.6944444444444444
306,20,1599,90,0.7299270072992701
306,20,1739,71.56505117707798,2.196026152894708
306,20,1368,281.30993247402023,3.3326924925443038
306,20,1008,213.69006752597977,2.486587086526889
306,20,910,270,0.7194244604316548
306,20,875,14.036243467926454,2.8048337589235786
306,20,875,0,0.7092198581560284
306,20,875,0,0.6711409395973155
306,20,850,135,0.9555497043061454
306,20,850,18.434948822922024,4.106854104114778
306,20,850,15.945395900922847,5.473766834045502
306,20,825,26.565051177077976,1.4710973536182828
306,20,768,258.69006752597977,3.6421567954234173
306,20,850,45,3.2141217326661247
306,20,759,26.565051177077976,1.6203391141302825
306,20,713,165.9637565320735,2.5140887961083296
306,20,999,213.69006752597977,2.7314782389878705
306,20,1148,206.56505117707798,1.6687074458953657
306,20,1248,225,0.9820927516479828
306,20,1050,278.13010235415595,4.944802665640193
306,20,1224,270,2.054794520547945
306,20,1044,333.434948822922,1.6939908920452953
306,20,1440,284.03624346792645,2.6430164266779874
306,20,1110,315,4.561979233461598
306,20,1025,300.9637565320735,3.836152562398224
306,100,589,168.69006752597977,3.6949416765165104
306,100,540,180,2.7027027027027026
306,100,522,168.69006752597977,3.7219120537173613
306,100,570,189.4623222080256,3.97566178450864
306,100,493,170.53767779197437,4.376088151293683
306,100,570,284.03624346792645,2.6773413153361436
306,100,688,296.565051177078,5.043762355262684
306,100,574,338.1985905136482,3.542871583641121
306,100,546,333.434948822922,1.5971914124998499
306,100,592,0,6.8181818181818175
306,100,924,345.96375653207355,5.975515399445885
306,100,576,5.710593137499643,6.12797293970786
306,100,576,270,3.0303030303030303
306,100,630,81.86989764584405,4.876598490941707
306,100,595,75.96375653207355,6.063390625908324
306,100,1020,285.94539590092285,4.696845089858399
306,100,980,303.69006752597977,2.6511406437235214
306,100,800,303.69006752597977,2.486587086526889
306,100,660,329.03624346792645,3.9938026677022607
306,100,560,296.565051177078,4.826045994603863
306,100,513,296.565051177078,1.5421158465515792
306,100,450,326.30993247402023,2.6511406437235214
306,100,432,303.69006752597977,2.403700850309326
306,100,456,315,3.0743773095067284
306,100,432,333.434948822922,3.1493915176053378
306,100,475,341.565051177078,2.196026152894708
306,100,456,296.565051177078,4.626347539654738
306,100,456,315,4.129090693060132
306,100,480,326.30993247402023,2.486587086526889
306,100,504,329.03624346792645,2.810097298720627
306,100,690,329.03624346792645,4.049272149198126
306,20,66,270,2.5974025974025974
306,20,320,288.434948822922,2.094223616005549
306,20,1540,0,7.38255033557047
306,20,1188,135,1.9918500878494296
306,20,1122,82.8749836510982,6.01661025992429
306,20,1760,326.30993247402023,5.3814198141253575
306,20,1521,161.56505117707798,2.0401791355925027
306,20,1824,153.43494882292202,1.6441676305145512
306,20,1369,333.434948822922,1.5421158465515792
306,20,2067,71.56505117707798,6.497830808565164
306,20,2166,36.86989764584405,3.597122302158273
306,100,2838,0,2.7586206896551726
306,100,3479,36.86989764584405,3.6764705882352944
306,100,4028,45,1.885618083164127
306,100,2652,250.34617594194668,10.252461205047245
306,100,1748,108.43494882292202,2.3082318687360432
306,100,1485,0,0.7194244604316548
306,20,1276,180,0.7042253521126761
306,100,1176,225,1.0553832555023097
306,20,1120,45,0.9820927516479828
306,100,1216,270,1.4084507042253522
306,100,1320,180,2.097902097902098
306,100,1280,270,0.7092198581560284
306,100,1230,258.69006752597977,3.565747911603346
306,100,1170,180,0.7092198581560284
306,100,1360,309.8055710922652,5.206833117271103
306,100,1170,119.74488129694225,5.884859670290911
306,100,1064,108.43494882292202,2.196026152894708
306,100,1230,180,2.142857142857143
306,100,1440,180,1.4492753623188406
306,100,1380,0,1.3888888888888888
306,100,1148,195.94539590092288,5.055631867555915
306,100,1053,21.801409486351815,3.98901096824778
306,100,1014,194.03624346792648,2.86326779556782
306,100,1026,45,1.032272673265033
306,100,962,345.96375653207355,2.6773413153361436
306,100,936,33.69006752597977,2.6511406437235214
306,100,792,18.434948822922024,2.211382979138727
306,100,837,30.963756532073546,4.021346134376069
306,100,780,9.462322208025626,4.344830378784442
306,100,696,21.801409486351815,3.9022933385032634
306,100,672,351.86989764584405,4.843197131414709
306,20,45,90,0.8064516129032258
306,20,180,116.56505117707798,6.388765649999399
306,20,143,90,0.6711409395973155
306,20,48,0,2.112676056338028
306,20,35,135,2.1107665110046194
306,20,418,291.8014094863518,3.66337741981939
306,20,391,315,1.024792436502243
306,20,260,116.56505117707798,3.1493915176053378
306,20,234,188.13010235415598,4.8102502121533846
306,20,208,140.19442890773485,5.313095017623574
306,20,182,153.43494882292202,3.2883352610291023
306,20,169,128.65980825409008,4.446614053772811
306,20,143,143.13010235415595,3.571428571428571
306,20,110,143.13010235415595,3.4722222222222223
306,20,120,141.34019174590992,4.67381331199478
306,20,132,153.43494882292202,3.021713483107824
306,20,120,139.3987053549955,3.3044962212519313
306,20,187,123.69006752597977,5.150787536377127
306,20,425,153.43494882292202,4.896499220802459
306,20,304,168.69006752597977,3.5908588123892846
306,100,120,225,1.0029883421085781
306,20,110,315,2.8861501272920305
306,20,130,315,1.977921066256077
306,20,168,326.30993247402023,2.5939217809093447
306,20,154,296.565051177078,1.6203391141302825
306,20,399,326.30993247402023,2.372073207542098
306,20,221,291.8014094863518,3.959680005245959
306,20,154,90,2.013422818791946
306,20,132,303.69006752597977,2.521364528296496
306,20,110,315,3.2141217326661247
306,20,99,326.30993247402023,2.521364528296496
306,20,100,315,2.8861501272920305
306,20,81,315,2.049584873004486
306,20,72,0,1.3071895424836601
306,20,80,21.801409486351815,4.207160005573831
306,20,170,278.13010235415595,4.8102502121533846
306,20,361,306.86989764584405,7.8125
306,20,135,351.86989764584405,4.944802665640193
306,20,240,270,4.929577464788732
306,20,198,0,0.6666666666666667
306,20,176,303.69006752597977,2.7523292179114422
306,20,150,0,4.137931034482759
306,20,140,315,2.8861501272920305
306,20,140,348.69006752597977,3.777051491550211
306,20,192,255.9637565320735,2.8435211211156277
306,20,165,0,3.289473684210526
306,20,130,338.1985905136482,4.018779706816794
306,20,144,284.03624346792645,2.86326779556782
306,20,378,149.0362434679265,4.555431167847892
306,20,340,161.56505117707798,4.422765958277454
306,20,320,141.34019174590992,4.509242420727358
306,20,425,135,4.714045207910317
306,20,400,165.9637565320735,3.147408874517298
306,20,416,158.19859051364824,3.7139067635410368
306,20,572,143.13010235415595,3.4013605442176873
306,20,525,135,1.0475656017578483
306,20,391,161.56505117707798,4.3617622898874195
306,100,350,270,15.277777777777779
306,100,870,213.69006752597977,2.452755969703394
306,100,780,135,1.032272673265033
306,20,768,165.9637565320735,2.8048337589235786
306,20,840,206.56505117707798,3.2883352610291023
306,20,975,63.434948822922024,1.5636839003495033
306,20,1092,225,0.9889605331280386
306,20,1008,180,0.7142857142857143
306,20,1008,180,1.4388489208633095
306,20,966,153.43494882292202,1.4519921931816817
306,20,880,180,1.5037593984962405
306,20,798,161.56505117707798,2.2915055508466518
306,20,720,180,2.7027027027027026
306,20,665,168.69006752597977,3.7219120537173613
306,20,578,180,3.2679738562091507
306,20,544,194.03624346792648,2.9662630400127057
306,20,300,203.19859051364818,5.288731323516603
306,20,594,243.43494882292202,3.0014335268453554
306,20,500,243.43494882292202,1.6321664069341533
306,20,528,0,2.684563758389262
306,100,247,236.3099324740202,2.3565694610875747
306,100,204,161.56505117707798,2.3424278964210217
306,100,204,270,0.6993006993006993
306,100,176,206.56505117707798,1.6687074458953657
306,100,170,180,0.6578947368421052
306,100,162,180,2.2058823529411766
306,100,153,180,0.7042253521126761
306,100,144,180,0.7042253521126761
306,100,136,90,0.7299270072992701
306,100,152,180,0.6134969325153374
306,100,152,180,0.7142857142857143
306,100,140,180,0.6578947368421052
306,100,140,180,0.7407407407407408
306,100,147,180,0.6666666666666667
306,100,168,180,0.7299270072992701
306,100,147,180,0.7462686567164178
306,100,147,180,1.25
306,100,140,180,1.4814814814814816
306,100,140,180,1.5037593984962405
306,100,160,180,0.6944444444444444
306,100,152,153.43494882292202,1.5007167634226777
306,100,200,206.56505117707798,1.7469281074217107
306,100,160,206.56505117707798,1.5746957588026689
306,100,160,206.56505117707798,1.5007167634226777
306,100,48,225,0.9304036594559837
306,100,48,180,0.7352941176470588
306,100,40,135,0.9959250439247148
306,100,35,180,1.4084507042253522
306,100,96,0,0.7936507936507936
306,100,45,135,0.9889605331280386
306,100,48,315,0.32812379637426803
306,100,40,180,0.7092198581560284
306,100,35,180,0.7407407407407408
306,100,40,213.69006752597977,2.6907099070626788
306,100,40,180,2.2222222222222223
306,100,32,198.43494882292202,2.196026152894708
306,100,84,135,1.8982732380846916
306,100,45,198.43494882292202,2.4705294220065466
306,100,36,180,1.4084507042253522
306,100,32,180,1.342281879194631
306,100,36,161.56505117707798,2.196026152894708
306,100,44,225,1.0633184679496956
306,100,45,135,0.9820927516479828
306,100,36,187.1250163489018,5.677646301618696
306,100,32,180,2.0408163265306123
306,100,28,180,2.1739130434782608
306,100,28,180,1.3888888888888888
306,100,32,180,1.4598540145985401
306,100,32,180,1.36986301369863
306,100,32,180,2.18978102189781
306,100,21,180,2.083333333333333
306,20,4136,194.03624346792648,5.571764358942785
306,20,3168,206.56505117707798,3.1943828249996997
306,20,2666,180,0.6896551724137931
306,20,1886,225,1.8982732380846916
306,20,1640,180,2.941176470588235
306,20,1369,200.55604521958347,6.1028598180839495
306,20,1225,180,2.877697841726619
306,20,1155,194.03624346792648,5.72653559113564
306,20,242,180,2.097902097902098
306,20,240,194.03624346792648,6.153888993459195
306,100,308,198.43494882292202,4.4539121974202525
306,100,208,213.69006752597977,5.042729056592992
306,100,195,187.1250163489018,5.560177757447275
306,100,238,191.3099324740202,7.284313590846835
306,100,273,187.1250163489018,5.269449508691862
306,100,240,206.56505117707798,3.1943828249996997
306,100,198,188.13010235415598,5.276916277511549
306,100,198,194.03624346792648,5.609667517847157
306,100,180,201.80140948635182,3.84654629081036
306,100,162,186.3401917459099,6.377031787420716
306,20,2772,194.03624346792648,6.019132300171767
306,20,2624,190.30484646876602,7.4535599249993
306,100,1872,165.9637565320735,2.7125694905379345
306,100,1836,153.43494882292202,3.105649968749708
306,100,2028,135,3.9283710065919313
306,100,1924,153.43494882292202,1.5858638138296381
306,100,1924,146.30993247402023,2.539120616523936
306,100,2200,206.56505117707798,1.6086819982012877
306,100,2580,123.69006752597977,4.905511939406788
306,100,2745,153.43494882292202,1.6441676305145512
306,100,2760,180,0.6896551724137931
306,100,2852,198.43494882292202,2.1366740947083644
306,100,2880,135,1.0475656017578483
306,100,2655,165.9637565320735,2.8832906472850772
306,100,2760,198.43494882292202,2.1223340001130064
306,100,2420,108.43494882292202,2.2915055508466518
306,100,2420,180,2.083333333333333
306,100,2376,153.43494882292202,1.5636839003495033
306,100,2340,189.4623222080256,4.344830378784442
306,100,2376,90,1.4084507042253522
306,20,2279,165.9637565320735,2.86326779556782
306,20,2279,135,7.911684265024308
306,20,2288,135,0.9491366190423458
306,20,2288,180,0.6993006993006993
306,20,2236,180,2.2222222222222223
306,20,2385,180,1.9607843137254901
306,20,2376,90,1.3986013986013985
306,20,2288,135,1.0553832555023097
306,20,2200,123.69006752597977,7.781765342728035
306,100,646,90,2.8169014084507045
306,100,663,108.43494882292202,2.2427501135945955
306,100,702,63.434948822922024,1.49071198499986
306,100,680,111.80140948635182,3.8192658206627685
306,100,702,315,1.0029883421085781
306,100,697,101.30993247402023,3.3110516322031067
306,100,680,63.434948822922024,1.8032806270159594
306,100,680,45,0.9686394262829419
306,100,756,99.46232220802563,4.001817454143565
306,100,880,90,1.3888888888888888
306,100,680,120.96375653207349,4.049272149198126
306,100,697,90,2.127659574468085
306,100,680,135,0.9959250439247148
306,100,646,90,2.877697841726619
306,100,646,90,2.0408163265306123
306,100,629,90,2.2058823529411766
306,100,629,135,0.9753196981883415
306,100,629,104.03624346792651,2.7858821794713924
306,100,592,90,2.2222222222222223
306,100,2280,345.96375653207355,3.147408874517298
306,100,1750,350.5376777919744,4.57350566187836
306,100,1584,338.1985905136482,7.4278135270820735
306,100,1426,21.801409486351815,3.5663343093605984
306,100,1410,135,3.955842132512154
306,100,1440,135,2.8474098571270368
306,100,1504,135,2.987775131774144
306,100,1488,143.13010235415595,3.4965034965034967
306,100,1536,135,2.8861501272920305
306,100,1645,123.69006752597977,2.670778722565918
306,100,2009,153.43494882292202,3.2643328138683065
306,100,1632,149.0362434679265,3.7619044482872908
306,100,1700,153.43494882292202,1.6203391141302825
306,100,1734,135,3.030457633656632
306,100,1598,135,4.944802665640193
306,100,1700,180,2.18978102189781
306,100,1632,135,2.0348396580907844
306,100,1785,143.13010235415595,2.5996533795493932
306,100,2052,206.56505117707798,1.788854381999832
306,100,1890,135,3.74626109237906
306,100,1890,135,1.9372788525658837
306,100,1749,128.65980825409008,4.778450923457349
306,100,2415,180,4.166666666666666
306,100,2272,164.0546040990771,5.090985936559803
306,100,2160,135,2.8474098571270368
306,100,2220,180,3.4965034965034967
306,100,1971,158.19859051364824,3.98901096824778
306,100,2044,125.53767779197437,5.62243481506054
306,100,1925,126.86989764584405,3.4965034965034967
306,100,2156,116.56505117707798,1.6687074458953657
306,100,2325,161.56505117707798,2.2750198994017117
306,100,2304,135,1.0029883421085781
306,100,2208,128.65980825409008,9.082445726855104
306,100,2176,198.43494882292202,2.1512092926315507
306,100,2016,180,0.6535947712418301
306,100,2040,45,1.1223917161691233
306,100,2262,0,0.6993006993006993
306,100,2484,0,2.684563758389262
306,100,2156,14.036243467926454,2.9035955109983522
306,100,1890,7.125016348901795,5.637942481327657
306,100,1638,14.036243467926454,5.609667517847157
306,100,1520,270,0.7407407407407408
306,20,663,130.6012946450045,6.585388898066348
306,20,864,143.13010235415595,3.4482758620689653
306,100,1254,119.74488129694225,5.8422157596366295
306,100,1740,135,0.9183204950474644
306,100,1008,170.53767779197437,4.866210024238575
306,100,798,240.25511870305775,5.3392435419195685
306,100,779,161.56505117707798,2.1659436028550543
306,100,555,119.74488129694225,5.038911092686593
306,100,1232,170.53767779197437,4.643330175800167
306,100,1050,180,3.5211267605633805
306,100,1225,116.56505117707798,3.1493915176053378
306,100,1081,135,2.1266369358993913
306,100,966,111.80140948635182,3.7139067635410368
306,20,1848,135,4.979625219623574
306,20,1876,126.86989764584405,3.5211267605633805
306,20,1820,180,2.2058823529411766
306,20,1700,153.43494882292202,3.0014335268453554
306,20,1794,140.19442890773485,5.423784497157399
306,20,1716,143.13010235415595,3.64963503649635
306,20,1638,123.69006752597977,2.5571285641588575
306,20,1736,135,2.8666491129184357
306,20,1798,165.9637565320735,2.9450754468697578
306,100,1824,131.42366562500263,2.6766904483482015
306,100,1848,146.30993247402023,2.46955566812602
306,100,1782,126.86989764584405,3.4965034965034967
306,100,1768,135,2.142747821777417
306,100,1734,135,2.8474098571270368
306,100,1768,135,0.9123958466923194
306,100,1890,63.434948822922024,3.042269357142571
306,100,2100,56.30993247402023,5.225436631107231
306,100,1947,18.434948822922024,4.133696287801803
306,100,2842,45,1.032272673265033
306,100,3599,56.30993247402023,5.078241233047872
306,100,4080,26.565051177077976,1.6939908920452953
306,100,3180,6.3401917459099195,6.514665567005336
306,100,2337,351.86989764584405,4.419417382415922
306,100,1960,0,3.816793893129771
306,100,1696,14.036243467926454,2.9035955109983522
306,100,1632,0,2.8169014084507045
306,100,1600,26.565051177077976,1.6812541184208947
306,100,1421,63.434948822922024,1.5421158465515792
306,100,1760,333.434948822922,2.9616794403970728
306,100,1392,26.565051177077976,1.7200522903844537
306,100,1316,26.565051177077976,2.8484942388532355
306,100,1215,63.434948822922024,1.6086819982012877
306,100,1144,18.434948822922024,2.3776523760664507
306,100,1840,180,0.6756756756756757
306,100,1679,206.56505117707798,1.5971914124998499
306,100,1495,135,2.0348396580907844
306,100,1430,198.43494882292202,2.2427501135945955
306,100,1196,270,5.633802816901409
306,100,902,129.8055710922652,5.785370130301225
306,100,740,128.65980825409008,4.00195264839553
306,100,1100,143.13010235415595,3.8461538461538463
306,100,851,108.43494882292202,4.3318872057101085
306,100,875,126.86989764584405,3.4965034965034967
306,100,910,135,2.142747821777417
306,100,1104,213.69006752597977,2.4198330707812006
306,100,1080,135,0.9123958466923194
306,100,1107,180,1.694915254237288
306,100,1280,135,2.8474098571270368
306,100,1632,161.56505117707798,2.053427052057389
306,100,1938,104.03624346792651,3.123564867892167
306,100,1870,135,1.0795523376893856
306,100,2072,119.74488129694225,5.560177757447275
306,100,2257,213.69006752597977,2.6511406437235214
306,100,2460,270,0.6493506493506493
306,100,2204,168.69006752597977,4.046840883803797
306,100,1995,180,1.2903225806451613
306,100,2128,180,0.7142857142857143
306,100,2184,153.43494882292202,1.7333860290696046
306,100,2337,135,0.9555497043061454
306,100,2420,180,1.3888888888888888
306,100,2184,180,1.3986013986013985
306,100,2250,180,1.4705882352941175
306,100,2392,45,0.9304036594559837
306,100,2016,60.2551187030578,5.972042776517443
306,100,516,284.03624346792645,2.9450754468697578
306,100,456,288.434948822922,2.2750198994017117
306,100,507,291.8014094863518,3.8192658206627685
306,100,585,270,0.7042253521126761
306,100,624,243.43494882292202,1.6563466499998445
306,100,663,270,5
306,100,608,296.565051177078,1.7200522903844537
306,100,608,225,0.9686394262829419
306,100,640,270,6.293706293706294
306,100,640,251.56505117707798,2.3956648940669543
306,100,555,279.4623222080256,3.924362922773045
306,100,510,326.30993247402023,2.70078747225767
306,100,512,326.30993247402023,2.3412670619896034
306,100,228,126.86989764584405,6.666666666666667
306,100,190,296.565051177078,3.2883352610291023
306,100,288,146.30993247402023,2.281994478141765
306,100,429,135,3.394112549695428
306,100,338,123.69006752597977,5.263578504326992
306,100,312,116.56505117707798,1.4426245016127677
306,100,351,180,2.2556390977443606
306,100,288,123.69006752597977,2.6127183155536153
306,100,288,135,4.777748521530727
306,100,288,116.56505117707798,3.2173639964025753
306,100,300,126.86989764584405,3.4482758620689653
306,100,275,161.56505117707798,2.3599087016181937
306,100,391,149.0362434679265,3.836152562398224
306,100,390,210.96375653207352,4.3192236258113335
306,100,330,140.19442890773485,5.461713060074583
306,100,315,161.56505117707798,4.392052305789416
306,100,336,161.56505117707798,4.719817403236387
306,100,420,216.86989764584402,3.3557046979865772
306,100,364,120.96375653207349,4.194929420752016
306,100,984,198.43494882292202,8.432740427115679
306,100,1316,161.56505117707798,2.3252041618885144
306,100,1152,180,1.89873417721519
306,100,1224,153.43494882292202,1.788854381999832
306,100,1122,135,3.0968180197950983
306,100,1357,180,1.935483870967742
306,100,1320,153.43494882292202,1.6812541184208947
306,100,1500,194.03624346792648,2.9877576997229425
306,100,1540,144.46232220802563,5.812381937190964
306,100,1566,161.56505117707798,2.2750198994017117
306,100,1680,180,1.3793103448275863
306,100,1647,165.9637565320735,3.0769444967295976
306,20,330,195.25511870305775,8.202700899993797
306,20,300,220.6012946450045,6.358306522270957
306,20,300,206.56505117707798,11.680952121267559
306,20,532,201.80140948635182,7.228409137093293
306,20,405,213.69006752597977,8.072129721188036
306,20,696,195.25511870305775,7.6521840610680405
306,100,364,104.03624346792651,14.416453236425387
306,100,350,116.56505117707798,1.5858638138296381
306,100,264,143.9726266148964,10.075163339804034
306,100,240,168.69006752597977,3.4221607473777076
306,100,208,126.86989764584405,3.3783783783783785
306,100,225,120.96375653207349,4.3192236258113335
306,100,216,158.19859051364824,3.688469045982537
306,100,224,153.43494882292202,4.79157423749955
306,100,192,158.19859051364824,3.8742192857082762
306,100,200,153.43494882292202,4.532570224661736
306,20,680,146.30993247402023,2.7523292179114422
306,20,646,161.56505117707798,2.0271010642104996
306,20,627,123.69006752597977,2.6907099070626788
306,100,585,251.56505117707798,2.4513780311382787
306,100,555,0,0.6802721088435374
306,100,544,270,2.083333333333333
306,100,544,260.5376777919744,4.40779893499871
306,100,510,291.8014094863518,3.542871583641121
306,100,527,315,3.2386570130681567
306,100,660,345.96375653207355,2.6430164266779874
306,100,512,296.565051177078,1.6687074458953657
306,100,592,326.30993247402023,2.503855052405548
306,100,592,315,7.0710678118654755
306,100,512,321.3401917459099,4.509242420727358
306,100,480,320.1944289077348,5.6188846589256505
306,100,360,296.565051177078,3.021713483107824
306,100,330,341.565051177078,4.719817403236387
306,100,294,341.565051177078,4.216370213557839
306,20,3564,208.07248693585294,11.333333333333332
306,20,1380,212.00538320808352,6.787036785652233
306,20,4160,225,1.0713739108887086
306,20,3538,180,5.594405594405594
306,20,3127,191.3099324740202,3.5409857733283228
306,20,2989,216.86989764584402,3.597122302158273
306,20,2806,206.56505117707798,4.9325028915436535
306,20,2655,188.13010235415598,4.652018297279918
306,20,2596,191.3099324740202,7.131495823206692
306,20,2596,200.55604521958347,6.146765284401101
306,20,2494,201.80140948635182,7.4278135270820735
306,20,2394,191.3099324740202,3.862893570903625
306,20,2296,196.69924423399362,7.05426115466929
306,20,462,165.2564371635292,13.185827318381543
306,20,1184,191.3099324740202,6.70923620209577
306,20,1152,198.43494882292202,4.422765958277454
306,20,1240,203.96248897457818,7.085509209925254
306,20,1170,198.43494882292202,6.54264343483113
306,20,1116,198.43494882292202,4.7913297881339085
306,20,1054,196.69924423399362,7.05426115466929
306,20,1056,198.43494882292202,6.367002000339019
306,20,1056,198.43494882292202,7.079726104854581
306,20,1024,195.25511870305775,7.756295408837673
306,20,342,209.05460409907712,14.399482714667133
306,20,594,192.09475707701208,10.012462282011436
306,20,594,195.94539590092288,9.706813185707357
306,20,576,204.44395478041653,8.692838829924153
306,20,576,195.25511870305775,7.601169500660919
306,20,558,196.3895403340348,13.424276626264659
306,20,527,196.3895403340348,11.97300347747929
306,20,240,193.24051991518718,11.565727944750318
306,20,1377,198.43494882292202,10.904405724718549
306,20,1125,204.44395478041653,8.884592627643068
306,20,880,201.03751102542182,9.475094066111646
306,20,740,209.05460409907712,7.149743153463195
306,20,630,199.98310652189997,8.54357657716761
306,20,594,196.69924423399362,7.102249325789491
306,20,528,197.10272896905238,9.856138049808292
306,20,100,206.56505117707798,11.857936244317067
306,20,2750,180,14.084507042253522
306,20,2640,183.17983011986422,13.255703218617606
306,20,1496,194.93141717813754,10.632996367301386
306,20,493,320.1944289077348,5.578749768504753
306,20,2408,213.69006752597977,2.6511406437235214
306,20,2862,180,1.3793103448275863
306,20,2862,126.86989764584405,6.896551724137931
306,20,2808,135,1.9372788525658837
306,20,2809,165.9637565320735,3.0541523152723413
306,20,2756,180,1.4285714285714286
306,20,2808,125.53767779197437,5.734883511361751
306,20,2964,146.30993247402023,2.6907099070626788
306,20,2754,194.03624346792648,2.748737083745107
306,20,2862,180,2.2388059701492535
306,20,3190,126.86989764584405,7.142857142857142
306,20,2862,180,2.0689655172413794
306,20,2860,135,0.9491366190423458
306,20,2958,180,3.4246575342465753
306,20,3213,119.05460409907715,7.741075293975189
306,20,3640,225,1.9110994086122908
306,20,3796,180,1.4285714285714286
306,20,4104,90,0.7194244604316548
306,100,2142,149.0362434679265,4.049272149198126
306,100,2058,135,4.979625219623574
306,100,2058,161.56505117707798,2.053427052057389
306,100,2009,143.13010235415595,3.731343283582089
306,100,2050,146.30993247402023,2.7735009811261455
306,100,1960,143.13010235415595,3.3783783783783785
306,20,1960,135,4.311626714552119
306,20,1862,135,2.376829516593437
306,20,1862,146.30993247402023,2.503855052405548
306,20,1800,135,3.030457633656632
306,20,1800,123.69006752597977,2.486587086526889
306,20,1750,153.43494882292202,3.0842316931031584
306,20,2691,180,0.684931506849315
306,20,1908,135,4.190262407031393
306,20,1855,146.30993247402023,2.5753937681885635
306,100,1820,135,2.82842712474619
306,100,1820,161.56505117707798,2.3599087016181937
306,100,1820,135,2.82842712474619
306,100,1820,123.69006752597977,2.6907099070626788
306,100,1768,153.43494882292202,1.5971914124998499
306,100,2100,315,1.9372788525658837
306,100,1995,333.434948822922,1.5746957588026689
306,100,2124,345.96375653207355,3.0095661500858837
306,100,2065,333.434948822922,1.6203391141302825
306,100,1890,333.434948822922,6.211299937499416
306,100,1860,333.434948822922,3.1717276276592763
306,100,1830,225,0.9686394262829419
306,100,2013,201.80140948635182,3.792369582489087
306,100,2280,243.43494882292202,1.510856741553912
306,100,2460,216.86989764584402,3.6764705882352944
306,100,1904,36.86989764584405,3.6231884057971016
306,100,1620,180,1.36986301369863
306,100,1428,8.130102354155952,4.944802665640193
306,100,1196,0,5
306,100,984,26.565051177077976,1.5211346785712856
306,100,836,26.565051177077976,1.6086819982012877
306,100,740,12.528807709151522,6.779076806833005
306,100,684,45,1.977921066256077
306,20,1980,123.69006752597977,4.807401700618652
306,20,1682,90,2.2388059701492535
306,20,609,315,2.0059766842171562
306,20,609,326.30993247402023,2.6907099070626788
306,20,567,296.565051177078,1.4426245016127677
306,20,600,315,4.0119533684343125
306,20,486,243.43494882292202,1.6812541184208947
306,100,672,90,2.2222222222222223
306,100,880,156.03751102542185,6.7457930149288385
306,100,1792,45,4.475359374598402
306,100,1456,188.13010235415598,5.748835619402826
306,100,1980,54.462322208025626,5.9326381152018115
306,100,2296,59.03624346792651,4.021346134376069
306,100,2530,50.19442890773479,6.054457113105934
306,100,2255,99.46232220802563,4.166275705683712
306,100,2560,0,1.3986013986013985
306,100,4032,288.434948822922,8.784104611578831
306,100,3074,14.036243467926454,2.6773413153361436
306,100,2385,345.96375653207355,3.2211762700137974
306,100,2352,26.565051177077976,1.552824984374854
306,100,1672,11.30993247402023,3.6163258961650957
306,100,1326,0,2.73972602739726
306,100,1350,323.13010235415595,3.5211267605633805
306,100,1176,0,3.3783783783783785
306,100,400,0,2.941176470588235
306,100,320,303.69006752597977,2.521364528296496
306,100,324,341.565051177078,2.1512092926315507
306,100,306,333.434948822922,1.6321664069341533
306,100,288,341.565051177078,2.1366740947083644
306,100,272,326.30993247402023,2.9077026415032172
306,100,600,0,2.6490066225165565
306,100,368,288.434948822922,2.2427501135945955
306,100,315,296.565051177078,1.6687074458953657
306,100,384,270,1.2903225806451613
306,100,504,306.86989764584405,3.546099290780142
306,100,442,303.69006752597977,2.7109408086195406
306,100,544,326.30993247402023,2.436183294232425
306,100,532,296.565051177078,4.861017342390848
306,100,273,26.565051177077976,4.563404035713857
306,100,259,56.30993247402023,2.631789252163496
306,100,222,309.8055710922652,5.277195726963956
306,20,120,123.69006752597977,2.5571285641588575
306,20,117,128.65980825409008,4.4777092569460475
306,20,1058,225,2.82842712474619
306,20,189,231.3401917459099,4.385701532488253
306,20,234,180,2.9629629629629632
306,20,147,239.03624346792648,3.8110796698335303
306,20,147,216.86989764584402,3.4482758620689653
306,20,152,225,3.008965026325734
306,20,368,135,2.905918278848825
306,20,352,135,4.190262407031393
306,20,352,135,1.8486451795726735
306,20,336,126.86989764584405,3.4482758620689653
306,20,384,146.30993247402023,2.5571285641588575
306,20,408,153.43494882292202,3.312693299999689
306,20,352,123.69006752597977,2.5571285641588575
306,20,352,123.69006752597977,2.539120616523936
306,20,416,108.43494882292202,2.1808811449437098
306,20,360,135,1.87313054618953
306,20,400,111.80140948635182,4.048996095589852
306,20,351,122.00538320808352,2.1990632009455955
306,20,403,108.43494882292202,2.3599087016181937
306,20,319,99.46232220802563,3.97566178450864
306,20,319,108.43494882292202,2.5298221281347035
306,100,476,254.74488129694222,2.0108914022912487
306,20,88,243.43494882292202,5.120766360686542
306,20,128,261.869897645844,4.979625219623574
306,20,84,216.86989764584402,3.4013605442176873
306,20,24,221.98721249581664,9.609731462195507
306,20,54,196.3895403340348,14.063527894182023
306,20,1064,164.0546040990771,5.732369991559463
306,20,1026,158.19859051364824,3.5663343093605984
306,20,988,165.9637565320735,2.92418838696288
306,20,864,135,1.0795523376893856
306,20,850,164.0546040990771,5.090985936559803
306,20,736,180,2.142857142857143
306,20,338,216.86989764584402,3.64963503649635
306,20,338,225,3.052259487136176
306,20,532,158.19859051364824,3.7658495154786737
306,20,364,240.94539590092285,7.406928158983455
306,20,312,225,3.8745577051317674
306,20,299,194.03624346792648,2.7858821794713924
306,20,286,225,4.159451654038515
306,20,308,206.56505117707798,3.0014335268453554
306,20,286,236.3099324740202,5.3814198141253575
306,20,308,216.86989764584402,3.4482758620689653
306,20,273,225,4.190262407031393
306,20,280,233.13010235415598,3.4482758620689653
306,20,294,218.65980825409008,4.573660169594892
306,20,294,233.13010235415598,3.546099290780142
306,20,336,216.86989764584402,3.3557046979865772
