408,100,570,303.69006752597977,2.4198330707812006
408,20,99,327.9946167919165,6.643648684546903
408,20,99,353.6598082540901,6.3324371595366555
408,20,522,14.036243467926454,3.2211762700137974
408,20,532,165.9637565320735,2.5609351711910935
408,100,360,308.6598082540901,4.541222863427552
408,100,330,315,7.614996105085896
408,20,432,277.1250163489018,5.410911240468825
408,20,390,290.55604521958344,6.1028598180839495
408,20,390,341.565051177078,4.5830111016933035
408,20,390,315,3.8482001697227077
408,20,375,338.1985905136482,4.048996095589852
408,20,375,153.43494882292202,1.5421158465515792
408,100,448,315,6.017930052651468
408,100,432,333.434948822922,3.1717276276592763
408,100,364,323.9726266148964,10.382801915065224
408,100,570,338.1985905136482,3.8742192857082762
408,100,396,45,3.8745577051317674
408,100,408,320.1944289077348,5.578749768504753
408,100,442,353.6598082540901,6.1185034717144715
408,100,363,0,2.097902097902098
408,100,416,353.6598082540901,6.757750103087624
408,100,372,341.565051177078,6.497830808565164
408,100,363,306.86989764584405,3.3333333333333335
408,100,352,0,4.477611940298507
408,100,442,352.8749836510982,5.598790102985104
408,100,416,0,4.37956204379562
408,100,372,8.130102354155952,4.682826365473825
408,100,310,20.55604521958344,6.376122197998157
408,100,374,324.4623222080256,6.1445180478875905
408,100,374,18.434948822922024,4.392052305789416
408,100,420,0,6.8493150684931505
408,100,408,0,3.3112582781456954
408,100,396,336.0375110254218,7.879086241436884
408,100,434,45,3.626188621469475
408,100,390,336.8014094863518,5.5186761636694985
408,100,377,0,5.9259259259259265
408,100,434,348.69006752597977,3.4452834551302596
408,100,420,344.05460409907715,5.275441948753999
408,100,390,345.96375653207355,2.9662630400127057
408,100,374,338.1985905136482,3.7396977827322946
408,100,300,0,4.37956204379562
408,100,252,348.69006752597977,3.376834114962109
408,100,392,0,6.7164179104477615
408,20,336,213.69006752597977,5.187843561818689
408,20,442,180,3.3333333333333335
408,20,512,146.30993247402023,2.7950009887317746
408,20,476,161.56505117707798,2.211382979138727
408,20,495,180,2.027027027027027
408,20,476,180,1.4388489208633095
408,20,574,225,2.0348396580907844
408,20,588,153.43494882292202,1.6563466499998445
408,100,528,288.434948822922,2.1366740947083644
408,100,465,270,0.6896551724137931
408,100,420,315,0.9959250439247148
408,100,390,296.565051177078,1.6321664069341533
408,100,450,116.56505117707798,1.5858638138296381
408,100,360,333.434948822922,1.5971914124998499
408,100,450,153.43494882292202,1.4333769086537114
408,100,360,315,1.0962895832349575
408,100,290,270,0.7142857142857143
408,100,290,90,0.6802721088435374
408,100,336,270,0.6944444444444444
408,100,300,56.30993247402023,2.5753937681885635
408,100,280,90,0.684931506849315
408,100,280,90,0.6711409395973155
408,100,280,251.56505117707798,2.4705294220065466
408,100,252,45,1.950639396376683
408,100,224,90,0.7299270072992701
408,100,182,251.56505117707798,2.3776523760664507
408,100,144,135,1.0713739108887086
408,20,130,168.69006752597977,3.7492790541123413
408,20,180,156.80140948635176,5.180798031199938
408,20,336,171.86989764584405,4.652018297279918
408,20,338,180,5.673758865248227
408,20,351,161.56505117707798,4.485500227189191
408,100,512,315,6.2853936105470884
408,100,512,315,4.777748521530727
408,100,510,303.69006752597977,2.7523292179114422
408,20,36,180,4.10958904109589
408,100,494,336.0375110254218,7.034898429854359
408,100,490,333.434948822922,4.532570224661736
408,100,544,284.03624346792645,3.1716197120135847
408,100,480,26.565051177077976,3.1493915176053378
408,100,464,323.13010235415595,3.3557046979865772
408,100,416,336.8014094863518,5.32571545864609
408,100,432,305.5376777919744,6.325239166943108
408,100,384,206.56505117707798,1.510856741553912
408,20,480,336.0375110254218,6.6099716790577885
408,20,462,251.56505117707798,6.63414893741618
408,20,560,201.80140948635182,7.584739164978174
408,20,468,196.69924423399362,7.006917120074195
408,20,408,164.0546040990771,5.687585851000405
408,20,442,135,1.9918500878494296
408,20,338,315,6.104518974272352
408,100,496,315,5.733298225836871
408,100,435,308.6598082540901,4.4159477499536886
408,100,476,350.5376777919744,4.608153432044106
408,100,425,341.565051177078,4.392052305789416
408,100,391,326.30993247402023,4.807401700618652
408,20,396,348.69006752597977,3.7219120537173613
408,20,360,329.03624346792645,4.0775887376540565
408,20,192,11.30993247402023,3.892381308086095
408,20,160,0,2.083333333333333
408,20,160,26.565051177077976,1.5636839003495033
408,20,72,126.86989764584405,10
408,20,56,153.43494882292202,4.757591441488914
408,20,56,161.56505117707798,2.3082318687360432
408,20,63,135,0.9820927516479828
408,20,143,90,0.6993006993006993
408,20,364,260.5376777919744,4.314015978934908
408,20,209,351.86989764584405,5.481447916174787
408,20,170,315,3.8745577051317674
408,20,144,315,2.049584873004486
408,100,540,315,4.979625219623574
408,100,540,345.96375653207355,2.7858821794713924
408,100,525,315,4.944802665640193
408,100,510,336.8014094863518,5.47897345745605
408,100,510,305.5376777919744,5.9326381152018115
408,100,465,339.44395478041656,5.5843161734101505
408,100,390,315,5.237828008789241
408,20,312,265.6012946450045,9.31314629314664
408,20,336,308.6598082540901,4.509242420727358
408,20,336,319.3987053549955,6.4926369417555545
408,20,308,341.565051177078,4.422765958277454
408,20,322,270,4.3478260869565215
408,20,294,161.56505117707798,2.211382979138727
408,100,308,277.1250163489018,5.598790102985104
408,100,308,296.565051177078,4.757591441488914
408,100,308,300.9637565320735,4.049272149198126
408,100,308,303.69006752597977,5.007710104811096
408,100,286,278.13010235415595,5.356869554443542
408,100,275,315,3.8221988172245815
408,100,240,315,7.22590871285523
408,20,266,167.47119229084842,6.585388898066348
408,20,306,154.98310652190003,11.575486263808985
408,20,323,164.74488129694225,8.086350532617999
408,20,374,161.56505117707798,6.63414893741618
408,20,320,146.30993247402023,5.042729056592992
408,20,464,180,2.2058823529411766
408,20,224,5.710593137499643,7.4443523119414
408,20,165,345.06858282186244,3.670017658690313
408,20,165,345.96375653207355,5.6480898981063845
408,20,150,352.8749836510982,5.560177757447275
408,20,150,18.434948822922024,11.293848786315639
408,100,384,326.30993247402023,2.387782301631781
408,100,352,315,0.9753196981883415
408,100,195,255.9637565320735,2.92418838696288
408,20,300,338.1985905136482,4.17454636211977
408,20,330,338.1985905136482,3.5663343093605984
408,20,330,339.44395478041656,6.675002926029321
408,20,336,351.86989764584405,4.714045207910317
408,20,336,336.8014094863518,5.252257314388903
408,20,320,338.1985905136482,4.048996095589852
408,20,285,348.69006752597977,3.4687207575461123
408,20,252,348.69006752597977,3.6163258961650957
408,20,221,348.69006752597977,3.6163258961650957
408,20,208,0,1.9867549668874174
408,20,196,0,3.007518796992481
408,20,176,315,2.905918278848825
408,20,130,315,2.0059766842171562
408,20,56,333.434948822922,1.5421158465515792
408,20,441,206.56505117707798,4.9325028915436535
408,20,150,11.30993247402023,6.798692684790379
408,20,66,26.565051177077976,1.5971914124998499
408,20,70,315,1.9110994086122908
408,20,54,309.8055710922652,6.007884366082041
408,100,338,294.44395478041656,8.569536151485513
408,100,390,306.86989764584405,3.4246575342465753
408,100,374,56.30993247402023,4.682534123979207
408,20,56,126.86989764584405,3.731343283582089
408,20,588,144.46232220802563,5.8519219503691335
408,20,540,161.56505117707798,4.302418585263101
408,20,80,319.3987053549955,6.358306522270957
408,20,80,315,2.142747821777417
408,20,80,315,2.8861501272920305
408,20,70,310.6012946450045,6.829292190587324
408,20,91,0,2.73972602739726
408,20,285,335.55604521958344,9.017198487757144
408,20,130,308.6598082540901,4.385701532488253
408,20,96,315,1.9641855032959656
408,20,84,341.565051177078,2.3082318687360432
408,20,70,300.9637565320735,4.0775887376540565
408,20,63,0,1.3333333333333335
408,20,216,135,0.9620500424306769
408,20,204,45,1.0174198290453922
408,20,221,45,0.9959250439247148
408,20,238,0,0.7299270072992701
408,20,238,0,0.6711409395973155
408,20,238,270,0.7633587786259541
408,20,255,90,0.6451612903225806
408,20,255,225,0.9491366190423458
408,20,289,45,0.9889605331280386
408,20,289,315,1.032272673265033
408,20,289,0,0.7246376811594203
408,20,324,0,0.628930817610063
408,20,306,270,0.7246376811594203
408,20,272,180,0.7407407407407408
408,20,288,180,0.7042253521126761
408,20,288,0,0.7246376811594203
408,20,306,135,0.9555497043061454
408,20,306,0,0.6993006993006993
408,20,360,180,0.6944444444444444
408,20,396,90,0.7518796992481203
408,20,374,180,0.6993006993006993
408,20,384,45,0.9889605331280386
408,20,375,135,1.0398629135096287
408,20,364,0,0.6622516556291391
408,20,450,116.56505117707798,1.6203391141302825
408,20,432,270,0.6993006993006993
408,20,416,315,1.0029883421085781
408,20,442,180,0.6622516556291391
408,20,442,0,0.7633587786259541
408,20,459,90,0.6802721088435374
408,20,459,45,1.032272673265033
408,20,442,270,3.597122302158273
408,20,408,270,0.6756756756756757
408,20,360,0,0.7092198581560284
408,20,306,225,0.9491366190423458
408,20,324,90,0.7042253521126761
408,20,306,0,0.7518796992481203
408,20,306,180,0.6711409395973155
408,20,288,0,0.7407407407407408
408,20,288,180,0.7142857142857143
408,20,288,0,0.6944444444444444
408,20,306,90,0.7246376811594203
408,20,306,225,1.032272673265033
408,20,306,0,0.6711409395973155
408,20,288,270,0.6666666666666667
408,20,288,180,0.6622516556291391
408,20,288,0,0.6622516556291391
408,20,255,180,0.7462686567164178
408,20,238,270,0.7299270072992701
408,20,255,90,0.6578947368421052
408,20,240,90,0.6711409395973155
408,20,255,225,1.0174198290453922
408,20,221,0,0.7042253521126761
408,20,238,270,0.6802721088435374
408,20,255,90,0.7042253521126761
408,20,238,270,0.7299270072992701
408,20,238,0,0.6802721088435374
408,20,255,90,0.7092198581560284
408,20,255,180,0.6993006993006993
408,20,238,270,0.6944444444444444
408,20,255,90,0.6944444444444444
408,20,270,90,0.7246376811594203
408,20,288,315,1.0713739108887086
408,20,255,180,0.7142857142857143
408,20,238,270,0.6896551724137931
408,20,234,45,1.0398629135096287
408,20,238,270,0.6756756756756757
408,20,238,180,0.6993006993006993
408,20,221,90,0.6944444444444444
408,20,252,0,0.6993006993006993
408,20,270,0,0.7462686567164178
408,20,252,270,0.6622516556291391
408,20,252,180,0.6993006993006993
408,20,234,90,0.7194244604316548
408,20,252,315,1.032272673265033
408,20,238,180,0.7142857142857143
408,20,221,90,0.6896551724137931
408,20,221,0,0.7092198581560284
408,20,221,180,0.6944444444444444
408,20,255,135,0.9555497043061454
408,20,255,180,0.7194244604316548
408,20,255,180,0.7352941176470588
408,20,270,270,0.6756756756756757
408,20,255,180,0.7299270072992701
408,20,270,270,0.7462686567164178
408,20,255,180,0.6896551724137931
408,20,255,0,0.7692307692307693
408,20,300,90,0.7092198581560284
408,20,315,180,0.684931506849315
408,20,352,0,0.6493506493506493
408,20,336,225,0.9686394262829419
408,20,294,296.565051177078,1.5971914124998499
408,20,280,315,1.0029883421085781
408,20,247,135,0.9686394262829419
408,20,228,315,0.9959250439247148
408,20,228,90,0.7299270072992701
408,20,180,315,1.024792436502243
408,20,153,90,0.6896551724137931
408,20,153,180,0.7042253521126761
408,20,144,0,0.7352941176470588
408,20,153,180,0.6535947712418301
408,20,128,270,0.6896551724137931
408,20,144,90,1.5625
408,20,160,135,1.9372788525658837
408,20,187,90,1.3986013986013985
408,20,252,180,0.7352941176470588
408,20,266,180,0.6756756756756757
408,20,285,45,1.0101525445522108
408,20,300,315,1.032272673265033
408,20,315,270,0.7142857142857143
408,20,315,0,0.6944444444444444
408,20,315,0,0.7194244604316548
408,20,315,0,0.6993006993006993
408,20,320,0,0.6896551724137931
408,20,320,0,0.7407407407407408
408,20,304,180,0.7042253521126761
408,20,323,45,1.0029883421085781
408,20,306,180,0.7246376811594203
408,20,306,206.56505117707798,1.510856741553912
408,20,289,180,1.4388489208633095
408,20,289,180,1.4285714285714286
408,20,289,180,0.7352941176470588
408,20,289,180,1.3793103448275863
408,20,289,225,0.9753196981883415
408,20,272,180,0.7092198581560284
408,20,255,90,0.6993006993006993
408,20,238,270,0.7352941176470588
408,20,255,90,0.6666666666666667
408,20,270,0,0.7042253521126761
408,20,270,0,0.7462686567164178
408,20,288,0,0.6711409395973155
408,20,270,0,0.684931506849315
408,20,288,0,0.7194244604316548
408,20,288,0,1.3986013986013985
408,20,288,0,0.7194244604316548
408,20,288,0,0.7246376811594203
408,20,272,0,0.6896551724137931
408,20,272,0,0.7407407407407408
408,20,272,270,0.7142857142857143
408,20,255,90,0.7042253521126761
408,20,255,315,1.0713739108887086
408,20,255,180,0.684931506849315
408,20,306,45,1.0398629135096287
408,20,252,270,0.7194244604316548
408,20,288,45,0.9820927516479828
408,20,270,270,0.684931506849315
408,20,255,180,0.7042253521126761
408,20,252,0,0.6944444444444444
408,20,270,90,0.6993006993006993
408,20,255,180,0.7042253521126761
408,20,255,180,0.6451612903225806
408,20,255,180,0.7462686567164178
408,20,272,180,0.6896551724137931
408,20,272,270,0.6535947712418301
408,20,272,0,0.7692307692307693
408,20,272,0,0.6535947712418301
408,20,272,0,0.7194244604316548
408,20,255,90,0.7575757575757576
408,20,255,270,0.6896551724137931
408,20,240,90,0.7299270072992701
408,20,240,270,0.6896551724137931
408,20,240,90,0.7042253521126761
408,20,255,180,0.6993006993006993
408,20,255,270,0.7462686567164178
408,20,255,0,0.6896551724137931
408,20,256,90,0.6756756756756757
408,20,272,135,0.9820927516479828
408,20,306,180,1.4814814814814816
408,20,306,153.43494882292202,1.5858638138296381
408,20,323,146.30993247402023,2.387782301631781
408,20,357,146.30993247402023,2.5571285641588575
408,20,374,146.30993247402023,2.670778722565918
408,20,400,135,2.8474098571270368
408,20,416,135,1.0475656017578483
408,20,432,126.86989764584405,3.2467532467532463
408,20,510,165.9637565320735,2.9877576997229425
408,20,578,135,4.099169746008972
408,20,323,135,2.192579166469915
408,20,320,135,0.9123958466923194
408,20,420,180,0.684931506849315
408,20,399,90,2.2222222222222223
408,20,504,270,1.4285714285714286
408,20,504,63.434948822922024,1.552824984374854
408,20,504,0,0.7246376811594203
408,20,550,90,1.3986013986013985
408,20,567,123.69006752597977,2.46955566812602
408,20,588,180,1.3793103448275863
408,20,570,345.96375653207355,2.7305335268991127
408,20,448,225,0.9428090415820635
408,20,416,90,0.6622516556291391
408,20,375,135,1.0713739108887086
408,20,360,0,0.7042253521126761
408,20,375,180,0.7194244604316548
408,20,390,270,0.6993006993006993
408,20,375,90,0.6711409395973155
408,20,416,270,0.6451612903225806
408,20,400,45,1.1313708498984762
408,20,442,180,0.7142857142857143
408,20,400,90,0.7407407407407408
408,20,400,135,0.9491366190423458
408,20,400,315,1.0398629135096287
408,20,375,180,0.7042253521126761
408,20,384,0,0.7042253521126761
408,20,400,90,0.6756756756756757
408,20,384,270,0.7194244604316548
408,20,425,135,1.0398629135096287
408,20,408,270,0.6578947368421052
408,20,384,90,0.7462686567164178
408,20,384,315,1.0878565864408425
408,20,368,90,0.6493506493506493
408,20,384,270,0.7407407407407408
408,20,375,180,0.7092198581560284
408,20,360,0,0.7092198581560284
408,20,322,90,0.7142857142857143
408,20,330,180,0.7042253521126761
408,20,308,0,0.7299270072992701
408,20,345,180,0.7246376811594203
408,20,308,270,0.7042253521126761
408,20,308,0,0.6535947712418301
408,20,308,90,0.6896551724137931
408,20,330,270,0.78125
408,20,315,90,0.684931506849315
408,20,315,90,0.7299270072992701
408,20,315,180,0.6944444444444444
408,20,315,0,0.7142857142857143
408,20,315,180,0.7194244604316548
408,20,315,270,0.6896551724137931
408,20,300,90,0.7092198581560284
408,20,300,270,0.6802721088435374
408,20,315,90,0.7246376811594203
408,20,300,270,0.6756756756756757
408,20,300,0,0.7352941176470588
408,20,300,180,0.6666666666666667
408,20,285,90,0.7042253521126761
408,20,285,0,0.6993006993006993
408,20,252,270,0.6711409395973155
408,20,252,90,0.6896551724137931
408,20,252,315,1.0475656017578483
408,20,238,90,0.7142857142857143
408,20,270,225,0.9959250439247148
408,20,252,90,0.6896551724137931
408,20,252,0,0.7092198581560284
408,20,234,225,0.9620500424306769
408,20,221,90,1.5151515151515151
408,20,221,180,0.7042253521126761
408,20,234,270,0.6896551724137931
408,20,221,90,0.6993006993006993
408,20,208,270,0.7518796992481203
408,20,208,0,0.7518796992481203
408,20,221,90,0.7042253521126761
408,20,192,0,0.7042253521126761
408,20,180,270,0.6993006993006993
408,20,168,270,0.6756756756756757
408,100,540,309.8055710922652,5.785370130301225
408,100,540,315,5.892556509887895
408,100,567,341.565051177078,4.3318872057101085
408,100,30,333.434948822922,3.1717276276592763
408,100,260,331.92751306414704,12.408759124087592
408,100,288,333.434948822922,6.168463386206317
408,20,112,325.00797980144137,8.536052878135456
408,20,285,150.2551187030578,5.637942481327657
408,20,240,309.28940686250036,9.869910002466593
408,20,210,0,2.8169014084507045
408,20,204,0,3.5211267605633805
408,20,90,327.9946167919165,3.2419179147960837
408,20,110,327.9946167919165,7.040284426907912
408,20,72,338.1985905136482,3.9307772314850395
408,20,64,350.5376777919744,4.0551750201988135
408,20,64,320.1944289077348,5.700912172194638
408,20,64,329.03624346792645,4.164965639175215
408,20,64,341.565051177078,4.3318872057101085
408,20,49,348.69006752597977,3.6163258961650957
408,20,132,0,0.7407407407407408
408,20,132,315,0.9889605331280386
408,20,192,135,0.9959250439247148
408,20,169,0,0.684931506849315
408,20,144,180,0.684931506849315
408,20,121,135,1.0398629135096287
408,20,100,180,0.7246376811594203
408,20,81,180,0.6802721088435374
408,20,64,180,0.7042253521126761
408,20,285,165.9637565320735,3.0541523152723413
408,20,320,156.80140948635176,4.977629480956803
408,20,391,156.03751102542185,6.887313148109163
408,20,400,149.0362434679265,4.3514566379442545
408,20,432,149.0362434679265,4.194929420752016
408,20,456,146.30993247402023,2.5571285641588575
408,20,425,128.65980825409008,4.541222863427552
408,100,480,230.1944289077348,5.423784497157399
408,100,588,137.72631099390628,10.469062498111624
408,100,225,258.69006752597977,3.777051491550211
408,100,225,233.13010235415598,6.8493150684931505
408,100,374,270,5
408,20,375,216.86989764584402,7.194244604316546
408,20,182,270,3.3783783783783785
408,20,70,162.89727103094765,10.226669555440184
408,20,50,150.2551187030578,5.717913296665637
408,100,420,321.3401917459099,8.955418513892095
408,100,308,341.565051177078,4.273348189416729
408,100,560,354.28940686250036,6.979080292445063
408,100,558,333.434948822922,3.1717276276592763
408,100,203,323.13010235415595,3.4246575342465753
408,100,162,303.69006752597977,5.007710104811096
408,100,175,333.434948822922,1.5971914124998499
408,100,154,315,7.2991667735385555
408,100,105,333.434948822922,5.2820503405506845
408,100,110,9.462322208025626,4.166275705683712
408,100,126,339.44395478041656,6.016904045998261
408,100,147,321.3401917459099,4.541222863427552
408,20,440,153.43494882292202,1.5315534092464314
408,20,528,123.69006752597977,2.7523292179114422
408,20,528,165.9637565320735,2.6948402781814775
408,100,378,208.30075576600638,10.546302185881
408,100,510,218.65980825409008,4.18504852119794
408,100,405,240.25511870305775,6.01661025992429
408,100,364,210.96375653207352,4.287464628562721
408,100,506,189.4623222080256,4.376088151293683
408,20,276,38.65980825409008,8.65287059112547
408,20,300,11.30993247402023,3.4924791188991673
408,20,338,350.5376777919744,4.6790481002294
408,20,299,338.1985905136482,7.69309258162072
408,20,299,53.13010235415595,3.4246575342465753
408,20,352,18.434948822922024,4.5175395145262565
408,20,368,45,2.0203050891044216
408,20,224,333.434948822922,4.9325028915436535
408,20,289,333.434948822922,1.5007167634226777
408,20,240,345.96375653207355,2.9450754468697578
408,20,180,330.25511870305775,5.637942481327657
408,20,154,324.4623222080256,6.10093990570399
408,20,130,338.1985905136482,3.688469045982537
408,20,130,330.25511870305775,6.01661025992429
408,20,130,324.4623222080256,5.773372662444716
