406,20,7800,167.47119229084842,12.051692101036455
406,100,5104,26.565051177077976,2.8484942388532355
406,100,5016,53.13010235415595,6.756756756756757
406,100,4620,33.69006752597977,2.7950009887317746
406,100,4212,50.19442890773479,5.700912172194638
406,100,3744,38.65980825409008,4.3558668281856106
406,100,4136,347.4711922908485,6.18761372972677
406,100,3520,60.2551187030578,6.061847931051541
406,100,3432,29.744881296942253,5.3392435419195685
406,100,3268,59.03624346792651,4.3192236258113335
406,100,3157,36.86989764584405,6.493506493506493
406,100,3000,153.43494882292202,1.6086819982012877
406,100,2888,45,3.119588740528886
406,100,1349,303.69006752597977,2.5753937681885635
406,100,1292,288.434948822922,3.977707748639471
406,100,1280,293.1985905136482,5.47897345745605
406,100,1083,274.3987053549955,10.600329114150648
406,100,936,351.86989764584405,4.621612948931683
406,100,828,284.03624346792645,5.687042242231255
406,100,855,18.434948822922024,2.3776523760664507
406,100,774,308.6598082540901,4.446614053772811
406,100,779,306.86989764584405,3.6231884057971016
406,100,741,303.69006752597977,4.744146415084196
406,20,841,190.30484646876602,8.873285624999166
406,20,728,195.25511870305775,7.452126961432275
406,20,672,180,10.294117647058822
406,20,696,192.52880770915152,6.402461428675616
406,20,672,174.2894068625003,6.790456500757358
406,20,725,172.8749836510982,5.374838498865699
406,20,675,180,7.246376811594203
406,20,570,69.44395478041656,6.424062966404158
406,20,490,6.3401917459099195,5.918552377867593
406,20,429,50.19442890773479,5.828544534258697
406,20,360,21.801409486351815,6.86008255685924
406,100,319,63.434948822922024,8.469954460226477
406,100,290,9.462322208025626,4.827589309760492
406,100,252,23.198590513648185,5.145792639097236
406,100,252,15.945395900922847,4.885979791463435
406,100,260,8.130102354155952,5.123962182511215
406,100,816,33.69006752597977,7.116219622626295
406,100,481,19.98310652189997,9.216299142298919
406,100,532,0,7.228915662650602
406,100,518,45,5.892556509887896
406,100,546,12.528807709151522,6.680829316878905
406,100,507,33.69006752597977,4.973174173053778
406,100,456,14.036243467926454,5.84837677392576
406,100,533,51.34019174590992,4.573660169594892
406,100,492,339.44395478041656,6.376122197998157
406,100,451,344.05460409907715,4.9524557069935495
406,100,675,351.25383773744477,9.53112060722167
406,100,308,186.3401917459099,6.288461901484317
406,100,319,165.9637565320735,5.8071910219967044
406,100,308,165.9637565320735,3.031695312954162
406,100,336,191.3099324740202,3.247783129676933
406,20,504,0,4.964539007092199
406,20,462,36.86989764584405,3.4722222222222223
406,20,462,23.198590513648185,5.858287004510699
406,20,451,33.69006752597977,5.078241233047872
406,20,400,26.565051177077976,4.532570224661736
406,20,429,45,3.7965464761693832
406,20,396,0,5.0359712230215825
406,100,1392,308.6598082540901,8.771403064976505
406,100,1500,299.7448812969422,6.154395227708816
406,100,1050,56.30993247402023,7.408667004378061
406,100,1638,285.94539590092285,9.77195958292687
406,100,1000,71.56505117707798,9.232927474944173
406,100,1892,284.03624346792645,13.130909635725036
406,100,1971,85.91438322002512,10.474379737028507
406,20,1892,209.7448812969422,5.884859670290911
406,20,1763,270,1.9867549668874174
406,20,1599,206.56505117707798,1.6086819982012877
406,20,1521,213.69006752597977,2.486587086526889
406,20,1406,270,2.9850746268656714
406,20,1672,90,0.6993006993006993
406,20,1932,270,2.877697841726619
406,20,2209,206.56505117707798,1.5315534092464314
406,20,1722,198.43494882292202,4.6164637374720865
406,20,1444,198.43494882292202,2.2269560987101262
406,20,1156,225,3.7965464761693832
406,20,960,201.80140948635182,3.8192658206627685
406,20,780,216.86989764584402,3.7037037037037033
406,20,560,213.69006752597977,2.486587086526889
406,20,494,206.56505117707798,3.105649968749708
406,20,475,191.3099324740202,3.6949416765165104
406,20,437,221.98721249581664,9.090286518293048
406,20,414,163.30075576600643,7.676695962434228
406,100,988,320.1944289077348,5.386379086832175
406,100,1026,315,4.9104637582399135
406,100,900,341.565051177078,4.5830111016933035
406,20,2324,206.56505117707798,1.5007167634226777
406,20,2624,173.65980825409008,6.4222589632180265
406,20,2835,123.69006752597977,2.670778722565918
406,20,2430,165.9637565320735,2.8435211211156277
406,20,2268,161.56505117707798,4.392052305789416
406,100,2280,111.80140948635182,3.4742998755706473
406,100,3367,338.1985905136482,4.142434467026542
406,100,2924,315,1.9918500878494296
406,100,3354,315,2.925959094565024
406,100,3526,315,3.2141217326661247
406,100,3485,303.69006752597977,2.3412670619896034
406,100,3738,326.30993247402023,2.5753937681885635
406,20,1590,328.3924977537511,11.391296658562498
406,20,1035,14.036243467926454,2.8240449490531923
406,100,360,173.65980825409008,6.24509319871546
406,100,315,180,7.575757575757576
406,100,297,164.74488129694225,7.403736526617778
406,100,248,180,7.857142857142857
406,100,203,168.69006752597977,6.984958237798335
406,20,924,180,7.246376811594203
406,20,100,201.80140948635182,3.9022933385032634
406,20,105,206.56505117707798,4.563404035713857
406,20,126,195.94539590092288,5.23748912897879
406,20,132,206.56505117707798,4.757591441488914
406,20,100,198.43494882292202,4.244668000226013
406,20,95,195.94539590092288,5.515234764606453
406,20,105,180,6.25
406,20,85,212.00538320808352,6.086439440036518
406,20,85,203.19859051364818,5.769525080199931
406,20,75,189.4623222080256,4.314015978934908
406,20,561,155.22485943116806,9.740014328759424
406,20,544,151.3895403340348,8.823918370522302
406,20,544,168.69006752597977,7.0819715466566455
406,20,527,155.22485943116806,10.52780960535026
406,20,595,143.9726266148964,9.44546563106628
406,20,493,161.56505117707798,7.132957128199352
406,20,476,150.2551187030578,5.374838498865699
406,20,425,148.24051991518718,8.94861524291918
406,20,638,126.86989764584405,10.56338028169014
406,20,442,153.43494882292202,11.680952121267559
406,20,476,151.9275130641471,11.724137931034482
406,20,450,135,7.9674003513977185
406,20,450,153.43494882292202,7.985957062499249
406,20,462,233.7461622625552,13.57742718083086
406,20,2400,172.4053566314086,11.730810814280277
406,20,1833,159.44395478041656,5.442040602113077
406,20,1702,180,4.651162790697675
406,20,1710,164.0546040990771,10.47497825795758
406,20,1800,172.8749836510982,5.717913296665637
406,20,1794,175.6012946450045,8.93041425370226
406,20,1760,172.8749836510982,5.717913296665637
406,20,1716,172.8749836510982,5.972042776517443
406,20,1672,171.86989764584405,4.745683095211729
406,20,1634,168.69006752597977,3.6949416765165104
406,20,3380,171.86989764584405,4.843197131414709
406,20,3420,180,3.4965034965034967
406,20,2655,50.19442890773479,6.054457113105934
406,20,2816,185.19442890773482,7.03526179438679
406,20,2860,189.4623222080256,4.715319790928852
406,20,2924,192.09475707701208,10.30059069300457
406,20,2747,170.53767779197437,4.314015978934908
406,20,2720,180,6.8493150684931505
406,20,2730,149.0362434679265,4.2561692663104385
406,20,8100,180,7.913669064748201
406,100,836,333.434948822922,4.896499220802459
406,100,1242,218.15722658736905,11.949324707895876
406,20,220,180,8.955223880597014
406,20,405,354.28940686250036,6.568546157595353
406,100,1066,315,3.052259487136176
406,100,615,0,5.88235294117647
406,100,611,326.30993247402023,2.5571285641588575
406,100,338,338.1985905136482,3.8742192857082762
406,100,160,30.963756532073546,4.194929420752016
406,100,110,0,2.73972602739726
406,100,56,303.69006752597977,2.521364528296496
406,100,80,326.30993247402023,2.5939217809093447
406,100,77,315,4.876598490941707
406,100,56,321.3401917459099,4.18504852119794
406,100,56,341.565051177078,2.679896322176593
406,100,56,308.6598082540901,4.104566818867211
406,20,72,333.434948822922,3.240678228260565
406,20,72,315,5.276916277511549
406,20,81,323.13010235415595,3.4246575342465753
406,100,407,319.3987053549955,6.931988313754051
406,100,396,338.1985905136482,3.43004127842962
406,100,440,323.13010235415595,6.896551724137931
406,100,380,326.30993247402023,5.302281287447043
406,100,518,348.69006752597977,7.389883353033021
406,100,490,333.434948822922,4.826045994603863
406,100,384,311.18592516570965,7.382045703287951
406,100,320,355.9143832200251,4.924796086883579
406,100,340,341.565051177078,6.975612485665543
406,100,330,0,3.4013605442176873
406,100,170,36.86989764584405,3.6231884057971016
406,20,144,315,4.069679316181569
406,20,135,350.5376777919744,4.22414064604043
406,20,126,333.434948822922,3.2173639964025753
406,20,126,348.69006752597977,3.4924791188991673
406,20,126,330.25511870305775,5.928130697278345
406,20,117,18.434948822922024,2.1512092926315507
406,20,140,333.434948822922,4.4132920608548485
406,20,140,338.1985905136482,3.9307772314850395
406,20,140,0,4.225352112676056
406,20,150,339.44395478041656,6.016904045998261
406,20,150,329.03624346792645,4.135426875776809
406,100,893,7.125016348901795,5.758755534498964
406,100,280,296.565051177078,3.021713483107824
406,100,234,296.565051177078,1.6321664069341533
406,100,252,284.03624346792645,3.0769444967295976
406,100,261,315,3.901278792753366
406,100,280,326.30993247402023,2.46955566812602
406,100,252,270,0.7092198581560284
406,100,261,306.86989764584405,3.3557046979865772
406,100,270,306.86989764584405,3.731343283582089
406,100,270,306.86989764584405,3.4482758620689653
406,100,1134,248.19859051364818,4.018779706816794
406,100,1218,296.565051177078,1.510856741553912
406,100,1189,315,2.0059766842171562
406,100,1204,288.434948822922,2.0804458290581445
406,100,1134,345.96375653207355,3.123564867892167
406,100,1144,277.1250163489018,5.884859670290911
406,100,1125,315,2.8474098571270368
406,100,333,333.434948822922,3.3374148917907314
406,100,288,323.13010235415595,3.4482758620689653
406,100,396,323.13010235415595,3.4246575342465753
406,100,238,26.565051177077976,3.1717276276592763
406,100,231,209.7448812969422,5.410911240468825
406,20,28,153.43494882292202,7.985957062499249
406,20,176,126.86989764584405,6.993006993006993
406,20,176,153.43494882292202,4.594660227739293
406,20,216,159.44395478041656,6.146765284401101
406,20,252,158.19859051364824,7.7484385714165525
406,20,165,163.30075576600643,7.565439499210544
406,20,154,151.1134182330893,5.780277543343524
406,20,154,170.1341930569156,8.249199667794171
406,20,644,0,3.597122302158273
406,20,638,333.434948822922,3.0842316931031584
406,20,840,333.434948822922,3.2643328138683065
406,20,550,345.96375653207355,5.571764358942785
406,20,504,315,1.9918500878494296
406,20,408,0,6.206896551724138
406,20,360,327.9946167919165,6.936750832394561
406,20,322,338.1985905136482,3.8742192857082762
406,20,450,270,1.3793103448275863
406,20,384,330.94539590092285,7.460601551439856
406,20,468,180,0.7299270072992701
406,100,468,308.6598082540901,4.326435295562735
406,20,494,323.13010235415595,3.4965034965034967
406,20,520,326.30993247402023,2.521364528296496
406,100,372,219.80557109226518,5.700912172194638
406,100,517,225,4.777748521530727
406,100,893,150.2551187030578,6.01661025992429
406,100,874,156.80140948635176,5.111257118029469
406,100,798,194.03624346792648,6.063390625908324
406,100,741,164.0546040990771,4.789545979789814
406,100,740,158.19859051364824,7.277249739370951
406,100,720,158.19859051364824,4.018779706816794
406,100,646,168.69006752597977,5.482816681282564
406,100,646,158.19859051364824,3.5663343093605984
406,100,760,149.0362434679265,9.404761120718227
406,100,741,161.56505117707798,4.273348189416729
406,100,722,149.0362434679265,3.7619044482872908
406,100,684,153.43494882292202,5.160156871153361
406,100,684,194.03624346792648,2.8832906472850772
406,100,544,291.8014094863518,3.9022933385032634
406,100,448,315,3.0968180197950983
406,100,589,0,4.72972972972973
406,100,540,329.03624346792645,4.0775887376540565
406,100,493,315,1.977921066256077
406,100,420,315,4.040610178208843
406,20,120,221.18592516570965,7.75923052024427
406,20,100,214.99202019855866,8.476774733148403
406,20,720,197.3540246362613,12.147141024811747
406,20,768,195.52411099675425,12.973292841853754
406,20,5475,199.44003482817618,12.606822641482479
406,20,5250,204.77514056883192,10.30059069300457
406,20,5106,197.3540246362613,11.560727320165663
406,20,1188,196.69924423399362,7.457361792078965
406,20,1320,198.43494882292202,4.485500227189191
406,20,928,198.43494882292202,8.845531916554908
406,20,1215,219.80557109226518,5.828544534258697
406,20,1222,192.9946167919165,8.777410568504166
406,20,1352,203.19859051364818,5.769525080199931
406,20,1274,195.94539590092288,10.326397006071657
406,20,1350,198.43494882292202,6.54264343483113
406,20,1222,204.44395478041653,7.89741566901606
406,20,1222,198.43494882292202,9.232927474944173
406,20,1404,195.94539590092288,5.126837950197547
406,20,1485,198.43494882292202,6.497830808565164
406,20,528,135,2.987775131774144
406,20,399,180,3.546099290780142
406,20,340,150.9453959009229,6.956506852018244
406,20,320,206.56505117707798,4.594660227739293
406,20,336,192.52880770915152,6.880257057681259
406,20,180,213.69006752597977,8.012336167697756
406,20,143,205.34617594194668,7.428903194921781
406,20,320,209.05460409907712,7.301865348217731
406,20,198,123.69006752597977,2.521364528296496
406,20,238,160.01689347809997,8.072206834979053
406,20,598,153.43494882292202,8.043409991006438
406,20,475,138.36646066342985,8.027729719194863
406,20,840,180,2.877697841726619
406,20,714,180,0.7194244604316548
406,20,656,45,0.9428090415820635
406,20,615,180,0.7407407407407408
406,20,468,90,0.8264462809917356
406,20,342,180,0.6711409395973155
406,20,333,90,0.7299270072992701
406,20,430,90,2.054794520547945
406,100,294,180,0.11723329425556857
406,100,287,90,0.6896551724137931
406,100,294,270,0.6622516556291391
406,100,308,270,0.7407407407407408
406,100,301,90,0.684931506849315
406,100,308,270,0.6896551724137931
406,100,301,90,0.7042253521126761
406,100,308,270,0.7352941176470588
406,100,301,90,0.6802721088435374
406,100,315,270,0.6993006993006993
406,100,301,90,0.7462686567164178
406,100,315,270,0.7407407407407408
406,100,322,270,0.6622516556291391
406,20,42,90,2.857142857142857
406,20,24,98.13010235415601,4.843197131414709
406,20,32,321.3401917459099,4.3558668281856106
406,20,50,318.3664606634298,8.304547985373997
406,3,2755,180,3.4246575342465753
406,3,3230,161.56505117707798,2.2587697572631282
406,3,3332,180,2.0689655172413794
406,3,2639,296.565051177078,1.7200522903844537
406,3,2716,198.43494882292202,2.2427501135945955
406,3,2565,180,1.3245033112582782
406,20,2646,180,2.027027027027027
406,20,2496,225,1.0878565864408425
406,20,4816,200.55604521958347,12.47299816834676
406,20,4872,195.52411099675425,12.53794744447611
406,20,4240,188.13010235415598,10.795523376893856
406,20,3927,199.98310652189997,7.551419297238468
406,20,3825,192.9946167919165,9.882714121575061
406,20,3774,199.65382405805332,9.977227347193628
406,20,3700,198.43494882292202,11.056914895693634
406,20,160,180,3.7037037037037033
406,20,152,180,2.666666666666667
406,20,152,187.1250163489018,5.800185430430611
406,20,189,180,3.225806451612903
406,20,126,180,3.0303030303030303
406,20,144,198.43494882292202,4.485500227189191
406,20,190,180,2.9850746268656714
406,20,5070,201.03751102542182,9.808724138862056
406,20,4636,202.61986494804043,9.219858156028367
406,20,4200,208.6104596659652,8.409371869893736
406,20,3519,206.56505117707798,8.160832034670767
406,20,2666,206.56505117707798,11.260773987409014
406,100,1440,191.3099324740202,1.78703954915635
406,20,2067,198.43494882292202,2.3956648940669543
406,20,2014,225,0.9686394262829419
406,20,2052,225,0.9753196981883415
406,20,2052,180,0.6944444444444444
406,20,2166,180,0.6493506493506493
406,20,2166,180,0.6802721088435374
406,20,2166,180,0.7692307692307693
406,20,2204,0,0.7194244604316548
406,20,1960,0,0.6622516556291391
406,20,1960,180,0.7299270072992701
406,20,1995,206.56505117707798,1.5007167634226777
406,20,1995,180,1.4598540145985401
406,20,1960,270,0.7092198581560284
406,20,2035,180,1.935483870967742
406,20,1960,270,0.8
406,20,1960,180,0.6756756756756757
406,20,1890,206.56505117707798,1.552824984374854
406,20,1890,180,0.7142857142857143
406,20,1890,198.43494882292202,2.1366740947083644
406,20,1802,206.56505117707798,1.552824984374854
406,20,1802,198.43494882292202,2.196026152894708
406,20,720,194.03624346792648,5.609667517847157
406,20,621,198.43494882292202,6.92469560620813
406,20,550,204.77514056883192,10.450964279763761
406,20,462,198.43494882292202,6.241337487174433
406,20,380,188.13010235415598,5.397761688446928
406,20,361,194.03624346792648,8.472134847159577
406,20,323,203.96248897457818,6.887313148109163
406,20,360,185.19442890773482,7.778423251540325
406,20,682,228.81407483429035,7.433668400513742
406,20,638,164.0546040990771,5.055631867555915
406,20,3008,170.53767779197437,4.22414064604043
406,20,3828,180,2.142857142857143
406,20,3705,161.56505117707798,2.2427501135945955
406,20,3835,180,3.3557046979865772
406,20,3904,180,2.2058823529411766
406,20,3392,171.86989764584405,4.621612948931683
406,20,3591,180,2.112676056338028
406,20,3840,180,2.8169014084507045
406,20,3782,180,3.546099290780142
406,20,3782,161.56505117707798,2.2427501135945955
406,20,3720,194.03624346792648,2.92418838696288
406,20,3776,180,2.083333333333333
406,20,3762,180,2.877697841726619
406,20,3740,206.56505117707798,1.5746957588026689
406,20,3588,225,2.049584873004486
406,20,3430,194.03624346792648,2.7858821794713924
406,20,3268,270,4.316546762589928
406,20,3080,198.43494882292202,2.3252041618885144
406,20,2964,180,1.3513513513513513
406,20,3276,153.43494882292202,4.896499220802459
406,20,3354,161.56505117707798,2.0804458290581445
406,20,3096,225,2.1107665110046194
406,20,3330,180,0.6535947712418301
406,20,3010,0,0.7692307692307693
406,20,2805,206.56505117707798,1.552824984374854
406,20,2720,206.56505117707798,1.4519921931816817
406,20,2890,180,1.4814814814814816
406,20,2784,180,0.684931506849315
406,20,2728,180,0.7299270072992701
406,20,2640,225,1.0101525445522108
406,20,2552,180,0.7092198581560284
406,20,2552,180,0.6802721088435374
406,20,405,168.69006752597977,3.6163258961650957
406,20,378,180,2.083333333333333
406,20,364,180,2.877697841726619
406,20,364,165.9637565320735,2.9035955109983522
406,20,390,180,1.4492753623188406
406,20,390,180,3.3783783783783785
406,20,432,198.43494882292202,2.2750198994017117
406,20,442,161.56505117707798,2.3252041618885144
406,20,425,180,3.3783783783783785
406,20,384,180,2.18978102189781
406,20,400,180,2.631578947368421
406,20,408,225,1.0553832555023097
406,20,345,153.43494882292202,1.5421158465515792
406,20,345,180,1.3071895424836601
406,20,330,180,0.7692307692307693
406,20,315,153.43494882292202,1.552824984374854
406,20,380,225,1.8366409900949288
406,20,285,146.30993247402023,2.670778722565918
406,20,266,180,1.36986301369863
406,20,234,135,1.032272673265033
406,20,216,180,1.4285714285714286
406,20,204,180,0.7092198581560284
406,20,187,135,0.9620500424306769
406,20,176,0,0.6944444444444444
406,20,165,180,0.7092198581560284
406,20,140,270,0.7299270072992701
406,20,90,0,0.7142857142857143
406,20,90,0,0.7042253521126761
406,20,81,180,1.4598540145985401
406,20,90,153.43494882292202,1.5636839003495033
406,20,81,180,1.4492753623188406
406,20,81,180,1.4184397163120568
406,20,99,180,1.3793103448275863
406,20,130,180,2.112676056338028
406,20,180,180,1.4705882352941175
406,20,126,135,0.9243225897863367
406,20,135,180,2.18978102189781
406,20,171,180,2.0689655172413794
406,20,220,180,0.78125
406,20,230,180,0.684931506849315
406,20,207,90,0.6944444444444444
406,20,189,180,0.7092198581560284
406,20,152,270,0.6802721088435374
406,20,136,180,0.6896551724137931
406,20,128,0,0.6896551724137931
406,20,120,180,0.684931506849315
406,20,91,0,0.7194244604316548
406,20,54,180,0.684931506849315
406,20,84,180,0.7299270072992701
406,20,70,0,0.7142857142857143
406,20,70,180,0.7246376811594203
406,20,70,180,0.6622516556291391
406,20,91,180,1.4285714285714286
406,20,91,180,2.0689655172413794
406,20,105,180,1.4388489208633095
406,20,120,180,1.3888888888888888
406,100,532,180,0.7042253521126761
406,100,567,135,1.032272673265033
406,100,594,180,2.1739130434782608
406,100,567,180,0.7092198581560284
406,100,567,236.3099324740202,2.486587086526889
406,100,540,128.65980825409008,4.509242420727358
406,100,540,288.434948822922,2.3252041618885144
406,100,540,194.03624346792648,2.6948402781814775
406,100,540,153.43494882292202,1.6321664069341533
406,100,540,153.43494882292202,1.5421158465515792
406,100,540,180,0.6535947712418301
406,100,513,180,0.78125
406,100,486,225,0.9686394262829419
406,100,486,90,0.6993006993006993
406,100,486,90,0.7352941176470588
406,100,486,180,0.6756756756756757
406,100,459,180,0.7142857142857143
406,100,704,90,0.7142857142857143
406,100,682,90,0.7142857142857143
406,100,713,180,0.7194244604316548
406,100,630,303.69006752597977,2.486587086526889
406,100,609,0,0.7407407407407408
406,100,560,270,0.7042253521126761
406,100,660,135,3.008965026325734
406,100,690,180,0.6802721088435374
406,100,667,90,0.7246376811594203
406,100,644,323.13010235415595,3.6764705882352944
406,100,616,270,0.6896551724137931
406,100,567,90,0.6993006993006993
406,100,572,161.56505117707798,2.3252041618885144
406,100,572,0,0.7462686567164178
406,100,616,135,0.9889605331280386
406,100,540,0,0.6944444444444444
406,100,494,315,1.0174198290453922
406,100,551,135,0.9889605331280386
406,100,494,315,1.0174198290453922
406,100,494,180,0.6896551724137931
406,100,456,243.43494882292202,1.5858638138296381
406,100,540,90,2.054794520547945
406,100,513,180,0.7633587786259541
406,100,468,315,2.8666491129184357
406,100,450,135,1.9372788525658837
406,100,450,90,0.7299270072992701
406,100,408,270,2.8169014084507045
406,100,391,90,0.7092198581560284
406,100,391,180,1.4492753623188406
406,100,357,180,1.3245033112582782
406,100,420,153.43494882292202,1.5421158465515792
406,100,378,135,1.0174198290453922
406,100,432,165.9637565320735,2.86326779556782
406,100,396,198.43494882292202,2.2750198994017117
406,100,480,165.9637565320735,2.9450754468697578
406,100,378,161.56505117707798,2.0804458290581445
406,100,380,194.03624346792648,3.0095661500858837
406,100,380,180,2.7777777777777777
406,100,380,180,2.797202797202797
406,100,440,161.56505117707798,2.3599087016181937
406,100,418,180,2.0408163265306123
406,100,361,243.43494882292202,3.1493915176053378
406,100,324,126.86989764584405,3.225806451612903
406,100,342,153.43494882292202,1.6687074458953657
406,100,580,210.96375653207352,4.021346134376069
406,100,378,161.56505117707798,2.3082318687360432
406,100,342,180,2.158273381294964
406,100,304,180,1.9607843137254901
406,100,288,180,2.307692307692308
406,100,255,191.3099324740202,3.3326924925443038
406,100,369,206.56505117707798,1.4519921931816817
406,100,400,180,2.2222222222222223
406,100,351,180,1.36986301369863
406,100,304,206.56505117707798,1.6321664069341533
406,100,320,194.03624346792648,2.92418838696288
406,100,225,225,1.9241000848613539
406,100,420,243.43494882292202,1.552824984374854
406,100,300,243.43494882292202,1.5858638138296381
406,100,570,80.53767779197437,4.40779893499871
406,100,240,288.434948822922,2.053427052057389
406,100,216,180,0.7462686567164178
406,100,144,270,2.857142857142857
406,20,156,225,2.175713172881685
406,20,165,161.56505117707798,2.196026152894708
406,20,330,116.56505117707798,1.4519921931816817
406,20,221,198.43494882292202,2.3424278964210217
406,20,196,206.56505117707798,1.5315534092464314
406,20,130,180,0.42105263157894735
406,20,130,333.434948822922,1.6687074458953657
406,20,130,153.43494882292202,1.5315534092464314
406,20,130,333.434948822922,1.5971914124998499
406,20,117,180,0.7092198581560284
406,20,117,108.43494882292202,2.2269560987101262
406,20,117,206.56505117707798,1.6321664069341533
406,20,143,225,0.9889605331280386
406,20,120,90,0.7246376811594203
406,20,120,206.56505117707798,1.5858638138296381
406,20,120,161.56505117707798,2.1808811449437098
406,20,192,153.43494882292202,1.5746957588026689
406,20,221,153.43494882292202,1.6441676305145512
406,20,220,194.03624346792648,2.6948402781814775
406,20,150,153.43494882292202,1.6321664069341533
406,20,150,243.43494882292202,1.5421158465515792
406,20,165,198.43494882292202,2.0668481439009017
406,20,342,56.30993247402023,2.8168369339562416
406,20,216,225,2.905918278848825
406,20,468,45,1.977921066256077
406,20,225,180,2.941176470588235
406,20,340,251.56505117707798,2.1366740947083644
406,20,306,90,0.7299270072992701
406,20,256,33.69006752597977,2.5753937681885635
406,20,210,180,0.6944444444444444
406,20,196,0,0.6896551724137931
406,20,182,90,0.7407407407407408
406,20,182,270,0.7042253521126761
406,20,169,180,0.7092198581560284
406,20,144,0,0.7194244604316548
406,20,132,180,0.7352941176470588
406,20,120,0,0.6896551724137931
406,20,108,180,0.6993006993006993
406,20,108,0,0.7352941176470588
406,20,96,270,0.6993006993006993
406,20,88,90,0.6711409395973155
406,20,77,180,0.7462686567164178
406,20,84,180,0.7092198581560284
406,20,66,0,0.684931506849315
406,20,66,180,0.7352941176470588
406,20,60,315,1.885618083164127
406,20,54,45,1.0101525445522108
406,20,66,146.30993247402023,2.5571285641588575
406,20,66,180,0.7246376811594203
406,20,77,180,0.6622516556291391
406,20,77,180,0.7142857142857143
406,20,55,180,2.0689655172413794
406,20,66,180,0.7194244604316548
406,20,88,153.43494882292202,1.552824984374854
406,20,77,180,2.877697841726619
406,20,77,180,2.142857142857143
406,20,390,233.13010235415598,6.578947368421052
406,20,476,194.03624346792648,3.0095661500858837
406,20,448,180,1.3888888888888888
406,20,442,165.9637565320735,2.8832906472850772
406,20,448,225,1.0553832555023097
406,20,364,161.56505117707798,2.1512092926315507
406,20,325,161.56505117707798,2.2269560987101262
406,20,276,135,0.9123958466923194
406,20,264,180,2.2388059701492535
406,100,1127,159.44395478041656,5.696002496878354
406,100,1200,180,3.007518796992481
406,100,1300,180,5
406,100,1219,195.94539590092288,5.055631867555915
406,100,1196,191.3099324740202,3.5908588123892846
406,100,1378,135,6.148754619013457
406,100,1352,180,3.3557046979865772
406,100,1352,201.80140948635182,3.688469045982537
406,100,1250,153.43494882292202,4.757591441488914
406,100,1250,194.03624346792648,2.9662630400127057
406,100,1173,161.56505117707798,4.302418585263101
406,100,1058,135,3.0968180197950983
406,100,966,194.03624346792648,2.8048337589235786
406,100,860,123.69006752597977,2.6511406437235214
406,100,738,180,2.797202797202797
406,100,684,180,2.097902097902098
406,100,612,161.56505117707798,2.1366740947083644
406,100,560,135,2.142747821777417
406,100,528,161.56505117707798,2.2750198994017117
406,100,544,180,2.5974025974025974
406,100,558,161.56505117707798,2.3776523760664507
406,20,320,187.1250163489018,5.677646301618696
406,20,374,180,2.8169014084507045
406,20,357,149.0362434679265,4.384174357026542
406,20,460,146.30993247402023,2.539120616523936
406,20,480,180,2.6143790849673203
406,20,483,146.30993247402023,2.539120616523936
406,20,552,180,2.2058823529411766
406,20,576,168.69006752597977,3.5908588123892846
406,20,624,165.9637565320735,3.0095661500858837
406,20,600,116.56505117707798,1.5421158465515792
406,20,513,116.56505117707798,3.1493915176053378
406,20,220,63.434948822922024,3.2173639964025753
406,20,176,123.69006752597977,2.539120616523936
406,20,126,180,2.112676056338028
406,20,100,161.56505117707798,2.2269560987101262
406,20,105,180,1.4388489208633095
406,20,110,135,0.9491366190423458
406,20,125,180,1.3888888888888888
406,20,135,180,0.7518796992481203
406,20,135,135,0.9686394262829419
406,20,112,180,0.7092198581560284
406,20,116,180,0.684931506849315
406,20,145,135,0.9753196981883415
406,20,145,180,1.4084507042253522
406,20,145,0,0.6944444444444444
406,20,150,180,0.7407407407407408
406,20,145,180,0.7092198581560284
406,20,140,0,0.6493506493506493
406,20,145,180,0.6802721088435374
406,20,140,0,0.6329113924050633
406,20,145,180,0.7692307692307693
406,20,140,0,0.6802721088435374
406,20,145,180,0.7092198581560284
406,20,92,0,0.5625879043600562
406,20,132,26.565051177077976,1.6203391141302825
406,20,63,270,0.6097560975609756
406,20,266,45,0.9065471553673687
406,20,165,191.3099324740202,4.112112510961923
406,20,150,180,1.3157894736842104
406,20,145,180,0.6666666666666667
406,20,140,0,0.7462686567164178
406,20,145,180,0.7042253521126761
406,20,140,0,0.6211180124223602
406,20,140,0,0.6896551724137931
406,20,145,180,0.7299270072992701
406,20,145,180,0.7042253521126761
406,20,140,0,0.7042253521126761
406,20,145,180,0.6993006993006993
406,20,108,0,1.3986013986013985
406,20,96,0,0.141643059490085
406,20,84,0,1.25
406,20,348,210.96375653207352,3.9133905334532217
406,20,224,123.69006752597977,2.503855052405548
406,20,308,198.43494882292202,2.3776523760664507
406,20,442,251.56505117707798,2.1659436028550543
406,20,224,101.30993247402023,3.565747911603346
406,20,182,153.43494882292202,1.5858638138296381
406,20,196,180,1.36986301369863
406,20,162,180,0.7462686567164178
406,20,162,180,0.6896551724137931
406,20,162,180,0.7092198581560284
406,20,275,243.43494882292202,1.510856741553912
406,20,150,116.56505117707798,1.6563466499998445
406,20,225,270,0.7092198581560284
406,20,250,225,0.936565273094765
406,20,182,45,3.008965026325734
406,20,162,180,0.7407407407407408
406,20,156,180,0.6711409395973155
406,20,150,180,0.7246376811594203
406,20,240,270,1.3793103448275863
406,20,253,180,0.7874015748031495
406,20,184,135,0.9753196981883415
406,20,161,45,0.9620500424306769
406,20,95,135,0.8950718749196805
406,20,56,180,3.076923076923077
406,20,48,0,1.3793103448275863
406,20,44,180,0.6944444444444444
406,20,30,180,0.7352941176470588
406,20,20,337.3801350519596,8.441558441558442
406,100,648,9.462322208025626,4.439972649852715
406,100,624,35.537677791974374,5.9326381152018115
406,100,648,11.30993247402023,3.376834114962109
406,20,576,23.962488974578207,6.985005533188726
406,20,399,135,4.8102502121533846
406,20,378,104.03624346792651,3.031695312954162
406,20,320,165.9637565320735,2.86326779556782
406,20,578,123.69006752597977,2.5753937681885635
406,20,800,116.56505117707798,3.105649968749708
406,20,544,180,6.569343065693431
406,20,551,236.3099324740202,2.436183294232425
406,20,91,16.38954033403479,11.657924438598256
406,100,476,156.80140948635176,5.216282949221855
406,100,406,153.43494882292202,4.757591441488914
406,100,300,161.56505117707798,4.550039798803423
406,100,464,188.13010235415598,4.8102502121533846
406,100,420,185.19442890773482,3.8892116257701623
406,100,450,194.03624346792648,3.031695312954162
406,100,465,180,2.097902097902098
406,100,450,213.69006752597977,2.521364528296496
406,100,450,213.69006752597977,2.436183294232425
406,100,420,180,2.272727272727273
406,100,420,146.30993247402023,2.5939217809093447
406,100,372,180,2.5974025974025974
406,100,348,153.43494882292202,1.6812541184208947
406,100,352,209.7448812969422,5.8422157596366295
406,100,363,194.03624346792648,2.7858821794713924
406,100,363,180,2.18978102189781
406,100,420,191.3099324740202,3.3326924925443038
406,100,525,75.96375653207355,2.9662630400127057
406,100,851,333.434948822922,1.6687074458953657
406,100,1036,225,1.9110994086122908
406,100,816,315,1.9372788525658837
406,100,580,158.19859051364824,7.638531641325537
406,100,572,161.56505117707798,2.2750198994017117
406,100,364,213.69006752597977,5.114257128317715
406,20,306,153.43494882292202,3.0842316931031584
406,100,4224,84.28940686250036,7.282518566029631
406,100,4402,56.30993247402023,5.007710104811096
406,100,4026,348.69006752597977,3.565747911603346
406,100,3960,18.434948822922024,4.5175395145262565
406,100,3658,0,2.112676056338028
406,100,3363,45,2.9462782549439477
406,100,3363,33.69006752597977,5.042729056592992
406,100,2912,26.565051177077976,3.0014335268453554
406,100,2544,320.1944289077348,5.461713060074583
406,100,2250,26.565051177077976,3.312693299999689
406,100,2021,71.56505117707798,2.0668481439009017
406,100,1890,45,3.955842132512154
406,100,1848,68.19859051364818,4.018779706816794
406,100,1764,59.03624346792651,4.194929420752016
406,20,1680,45,1.0029883421085781
406,20,1599,68.19859051364818,3.8192658206627685
406,20,1599,26.565051177077976,1.5211346785712856
406,20,1599,75.96375653207355,2.6948402781814775
406,100,1232,333.434948822922,5.160156871153361
406,100,1092,344.05460409907715,4.63701266833154
406,100,897,350.5376777919744,4.376088151293683
406,100,792,326.30993247402023,5.421881617239081
406,100,660,352.8749836510982,5.677646301618696
406,100,744,333.434948822922,4.724087276408007
406,100,780,0,4.411764705882353
406,100,690,336.8014094863518,5.111257118029469
406,100,630,349.695153531234,7.76412492187427
406,100,570,352.8749836510982,5.884859670290911
406,100,576,344.74488129694225,8.086350532617999
406,100,594,0,4.72972972972973
406,100,594,336.0375110254218,7.034898429854359
406,20,54,90,4.25531914893617
406,20,48,123.69006752597977,2.539120616523936
406,20,48,146.30993247402023,2.5939217809093447
406,20,42,123.69006752597977,4.905511939406788
406,20,56,126.86989764584405,3.6764705882352944
406,20,56,116.56505117707798,1.5421158465515792
406,20,624,98.74616226255523,9.742923287382151
406,20,528,123.69006752597977,5.042729056592992
406,20,480,135,4.745683095211729
406,20,450,99.46232220802563,4.40779893499871
406,20,405,135,2.9462782549439477
406,20,396,135,3.955842132512154
406,20,396,135,3.030457633656632
406,20,396,153.43494882292202,3.1493915176053378
406,20,387,153.43494882292202,3.105649968749708
406,20,387,139.3987053549955,6.447233886218802
406,100,440,153.43494882292202,1.5007167634226777
406,100,495,153.43494882292202,3.1273678006990067
406,100,473,135,1.0475656017578483
406,100,516,161.56505117707798,4.133696287801803
406,100,462,198.43494882292202,2.211382979138727
406,100,462,279.4623222080256,4.376088151293683
406,100,1118,51.34019174590992,4.509242420727358
406,100,1118,33.69006752597977,2.539120616523936
406,100,1092,26.565051177077976,3.2883352610291023
406,100,1053,21.801409486351815,3.6142045685466466
406,100,962,38.65980825409008,4.446614053772811
406,100,945,26.565051177077976,3.2643328138683065
406,100,910,30.963756532073546,4.135426875776809
406,100,858,11.30993247402023,3.4452834551302596
406,100,868,21.801409486351815,3.84654629081036
406,100,1036,53.13010235415595,3.597122302158273
406,100,780,14.036243467926454,2.92418838696288
406,20,80,336.0375110254218,6.522422385295433
406,20,63,333.434948822922,3.0631068184928627
406,20,507,291.8014094863518,7.32675483963878
406,20,363,338.1985905136482,3.9022933385032634
406,20,392,344.74488129694225,7.452126961432275
406,20,288,329.03624346792645,4.2561692663104385
406,20,275,344.05460409907715,5.126837950197547
406,20,240,333.434948822922,5.081972676135886
406,20,280,343.3007557660064,7.511011876914066
406,20,312,348.69006752597977,3.18688719599549
406,20,250,339.44395478041656,6.522140263601169
406,20,203,114.44395478041656,8.692838829924153
406,20,1998,135,2.987775131774144
406,20,2214,191.3099324740202,3.7492790541123413
406,20,2275,108.43494882292202,2.196026152894708
406,20,2125,135,5.161363366325165
406,20,1886,149.0362434679265,4.135426875776809
406,20,261,0,5.839416058394161
406,20,261,355.23635830927384,8.479996182248096
406,20,252,347.4711922908485,6.984503376737036
406,20,252,0,6.474820143884892
406,20,1044,302.7352262721076,11.720645758516365
406,20,1098,249.4439547804165,12.564711390172839
406,20,782,290.55604521958344,5.734230701555389
406,20,255,63.434948822922024,9.316949906249123
406,20,255,156.80140948635176,5.5589584714335105
406,100,726,147.99461679191648,6.331530961111814
406,100,704,171.86989764584405,4.5916024752373215
406,100,704,153.43494882292202,5.081972676135886
406,100,672,150.2551187030578,5.269449508691862
406,100,651,180,3.0534351145038165
406,100,651,166.60750224624894,4.962536355154691
406,100,651,153.43494882292202,7.098628499999332
406,100,600,153.43494882292202,2.8852490032255353
406,100,560,180,3.571428571428571
406,100,560,164.0546040990771,5.643496038201952
406,100,513,153.43494882292202,6.043426966215648
406,100,513,161.56505117707798,4.392052305789416
406,100,468,153.43494882292202,3.1273678006990067
406,100,408,150.2551187030578,5.928130697278345
406,100,230,114.77514056883194,9.609275881393526
406,100,279,323.13010235415595,3.571428571428571
406,100,270,310.6012946450045,7.146933687823943
406,100,820,57.994616791916485,6.3743115757139215
406,100,612,14.036243467926454,2.86326779556782
406,100,480,123.69006752597977,2.521364528296496
406,100,462,26.565051177077976,1.6441676305145512
406,100,374,303.69006752597977,2.372073207542098
406,100,288,26.565051177077976,1.6563466499998445
406,100,477,289.98310652189997,8.185104832671067
406,20,280,216.86989764584402,3.5211267605633805
406,20,288,233.13010235415598,3.5211267605633805
406,20,259,213.69006752597977,2.539120616523936
406,20,369,231.3401917459099,4.573660169594892
406,20,259,225,1.9918500878494296
406,20,234,225,3.697290359145347
406,20,324,210.96375653207352,4.4511083166758025
406,100,272,180,2.7777777777777777
406,100,200,71.56505117707798,2.3424278964210217
406,100,80,287.10272896905235,9.511517838276534
406,100,234,59.03624346792651,4.049272149198126
406,100,272,284.03624346792645,6.153888993459195
406,100,304,315,1.8982732380846916
406,100,288,0,2.158273381294964
406,20,756,180,8.955223880597014
406,20,697,216.86989764584402,3.3557046979865772
406,20,525,165.9637565320735,8.649871941855231
406,20,525,172.8749836510982,11.769719340581823
406,20,434,185.71059313749964,6.836650082395162
406,20,448,191.3099324740202,6.937441515092225
406,20,108,323.13010235415595,4
406,20,140,333.434948822922,4.896499220802459
406,20,198,308.6598082540901,4.131047895117967
406,20,250,330.25511870305775,6.061847931051541
406,20,169,323.13010235415595,3.64963503649635
406,20,169,315,2.8861501272920305
406,20,168,315,3.8482001697227077
406,20,132,323.13010235415595,3.8461538461538463
406,20,110,327.9946167919165,6.331530961111814
406,20,57,354.8055710922652,7.778423251540325
406,100,558,225,1.8486451795726735
406,100,540,233.13010235415598,3.816793893129771
406,100,551,206.56505117707798,4.6584749531245615
406,20,260,146.30993247402023,5.341557445131836
406,20,247,135,3.7965464761693832
406,20,285,126.86989764584405,3.3783783783783785
406,20,285,135,2.0951312035156966
406,20,252,165.9637565320735,5.6480898981063845
406,20,252,141.34019174590992,4.573660169594892
406,20,252,143.13010235415595,3.597122302158273
406,20,266,149.0362434679265,3.93983236138196
406,20,228,146.30993247402023,5.225436631107231
406,20,198,180,4.861111111111112
406,20,180,161.56505117707798,4.392052305789416
406,20,198,188.13010235415598,4.745683095211729
406,20,162,161.56505117707798,4.550039798803423
406,20,96,326.30993247402023,2.4198330707812006
406,20,91,333.434948822922,1.5858638138296381
406,20,78,315,3.955842132512154
406,20,66,341.565051177078,2.2427501135945955
406,20,60,315,4.190262407031393
406,20,104,300.9637565320735,3.9133905334532217
406,20,108,323.13010235415595,3.3783783783783785
406,20,70,180,0.7407407407407408
406,20,66,320.1944289077348,5.349486079388119
406,20,120,333.434948822922,3.1943828249996997
406,20,104,305.5376777919744,6.188723213699731
406,20,91,296.565051177078,3.021713483107824
406,20,104,338.1985905136482,3.9022933385032634
406,20,104,323.13010235415595,3.4722222222222223
406,100,448,218.65980825409008,8.955418513892095
406,100,406,161.56505117707798,4.392052305789416
406,100,496,209.05460409907712,7.406928158983455
406,20,408,326.30993247402023,2.503855052405548
406,20,468,329.03624346792645,3.966633942071633
406,20,475,0,2.2222222222222223
406,20,494,333.434948822922,3.2173639964025753
406,20,520,323.13010235415595,3.64963503649635
406,20,546,345.96375653207355,2.8832906472850772
406,20,546,338.1985905136482,3.9307772314850395
406,20,690,315,3.955842132512154
406,20,750,323.13010235415595,3.3333333333333335
406,20,728,345.96375653207355,3.19620591133152
406,20,756,323.13010235415595,3.4013605442176873
406,20,728,323.13010235415595,3.4722222222222223
406,20,728,333.434948822922,3.240678228260565
406,20,2068,146.30993247402023,5.341557445131836
406,20,2064,164.0546040990771,4.986376636493506
406,20,2107,159.44395478041656,5.852057359806528
406,20,2009,162.89727103094765,4.8061733246415
406,20,1840,161.56505117707798,4.302418585263101
406,20,1760,168.69006752597977,3.777051491550211
406,20,1680,170.53767779197437,4.376088151293683
406,20,1640,161.56505117707798,4.6164637374720865
406,20,1443,165.9637565320735,5.7665812945701544
406,20,1258,63.434948822922024,1.6321664069341533
406,20,1080,135,2.966881599384115
406,20,1008,185.19442890773482,7.363574011458174
406,20,875,78.69006752597977,3.9527283051106856
406,20,805,135,3.8482001697227077
406,20,770,116.56505117707798,1.552824984374854
406,20,770,153.43494882292202,3.240678228260565
406,20,735,130.6012946450045,6.585388898066348
406,20,735,146.30993247402023,2.372073207542098
406,20,1216,241.3895403340348,8.70136394870949
406,20,5400,198.43494882292202,6.680868296130379
406,20,5250,180,2.127659574468085
406,20,6720,341.565051177078,6.367002000339019
406,20,7437,170.53767779197437,4.253680091117635
406,20,8256,185.71059313749964,7.282518566029631
406,20,8113,206.56505117707798,3.3374148917907314
406,20,8262,234.46232220802563,5.696904150359355
406,20,7049,307.8749836510982,8.445743889623245
406,20,1728,218.65980825409008,4.446614053772811
406,20,1216,180,6.474820143884892
406,20,1147,192.52880770915152,6.779076806833005
406,20,945,203.96248897457818,7.136853479562394
406,20,858,194.93141717813754,10.856066221160857
406,20,2340,237.99461679191648,6.461630912367536
406,20,2607,194.93141717813754,11.088696211614304
406,20,2400,227.72631099390625,10.543311168310996
406,20,1272,230.1944289077348,5.138322155201746
406,20,1500,49.39870535499551,6.779076806833005
406,20,667,270,0.6802721088435374
406,20,286,190.30484646876602,7.503583817113389
406,20,456,197.3540246362613,6.0298757605180615
406,20,391,326.30993247402023,2.6127183155536153
406,20,340,192.2647737278924,11.02445179947524
406,20,272,201.03751102542182,11.054276410463586
406,20,2046,202.61986494804043,8.227848101265822
406,20,1950,194.03624346792648,6.98831461969095
406,20,1890,201.03751102542182,9.87828955828661
406,20,2135,191.3099324740202,10.848977688495287
406,20,1860,206.56505117707798,6.254735601398013
406,20,1798,198.43494882292202,8.845531916554908
406,20,224,45,5.370431249518082
406,20,2120,174.2894068625003,13.673300164790325
406,20,1833,170.53767779197437,13.034491136353326
406,20,2808,191.07020257793934,11.080890444688384
406,20,5198,180,11.888111888111888
406,20,5472,180,13.28125
406,20,5778,183.17983011986422,12.26377984851697
406,20,5586,184.76364169072616,8.60113898485164
406,20,2862,146.30993247402023,3.0298750213983103
406,20,2808,146.30993247402023,2.503855052405548
406,20,2808,161.56505117707798,2.2587697572631282
406,100,5986,345.96375653207355,5.8071910219967044
406,100,5920,21.037511025421793,9.04440797219748
406,100,6292,40.60129464500449,6.880257057681259
406,100,5600,340.5599651718238,12.26377984851697
406,100,5805,347.4711922908485,7.146933687823943
406,100,6063,321.3401917459099,8.955418513892095
406,100,5406,275.71059313749964,6.401194663134325
406,100,3160,352.8749836510982,11.85626139455669
406,100,3375,251.56505117707798,2.211382979138727
406,20,1224,308.99099404250546,3.7630239794167957
406,20,1140,0,1.4285714285714286
406,20,1160,270,2.0689655172413794
406,20,1102,333.434948822922,3.1273678006990067
406,20,972,326.30993247402023,2.6127183155536153
406,20,884,323.13010235415595,3.6231884057971016
406,20,792,333.434948822922,1.5315534092464314
406,20,736,326.30993247402023,2.503855052405548
406,20,736,288.434948822922,2.2587697572631282
406,20,682,306.86989764584405,3.225806451612903
406,20,704,326.30993247402023,2.83901675233385
406,100,780,315,3.2888687497048723
406,100,810,288.434948822922,2.1659436028550543
406,100,900,326.30993247402023,2.521364528296496
406,100,885,315,1.9372788525658837
406,100,1062,345.96375653207355,2.9035955109983522
406,100,1098,296.565051177078,3.2643328138683065
406,100,930,306.86989764584405,3.6231884057971016
406,100,910,288.434948822922,4.392052305789416
406,100,840,296.565051177078,5.807968772726727
406,100,814,303.69006752597977,2.8168369339562416
406,100,876,180,2.083333333333333
406,100,1617,348.69006752597977,3.6163258961650957
406,100,1292,275.71059313749964,6.883476452822528
406,100,2295,330.25511870305775,5.677646301618696
406,100,2457,341.565051177078,2.1366740947083644
406,100,3131,9.462322208025626,4.472619507572221
406,100,2088,158.19859051364824,3.7658495154786737
406,100,2212,130.23635830927378,12.163847404233145
406,100,2275,324.4623222080256,5.8519219503691335
406,100,1914,45,6.239177481057772
406,100,204,329.03624346792645,3.93983236138196
406,100,330,324.4623222080256,6.2790695379873185
406,100,210,315,2.064545346530066
406,100,279,305.5376777919744,5.9326381152018115
406,100,232,305.5376777919744,6.188723213699731
406,100,1452,333.434948822922,8.281733249999222
406,100,1664,306.86989764584405,3.1847133757961785
406,100,1536,319.3987053549955,6.931988313754051
406,100,1430,246.80140948635182,5.180798031199938
406,100,1428,345.96375653207355,6.153888993459195
406,100,966,277.1250163489018,5.677646301618696
406,100,855,333.434948822922,2.9039843863633634
406,100,836,348.69006752597977,7.61047688595938
406,100,966,10.304846468766016,7.605673392856429
406,100,1080,11.30993247402023,3.7492790541123413
406,100,975,352.8749836510982,5.8422157596366295
406,100,975,326.30993247402023,4.93911133625204
406,100,912,56.30993247402023,5.042729056592992
406,100,851,353.6598082540901,6.468132241526726
406,100,880,11.30993247402023,3.4687207575461123
406,100,945,23.962488974578207,7.085509209925254
406,100,1035,336.0375110254218,7.241807207203017
406,100,1189,33.69006752597977,2.521364528296496
406,100,861,26.565051177077976,6.084538714285142
406,100,338,33.69006752597977,2.530211421378238
406,100,300,0,7.258064516129033
406,100,286,336.8014094863518,5.043558348254244
406,100,260,351.86989764584405,5.014941710542891
406,100,525,9.462322208025626,4.5057500224431255
406,100,462,0,6.8493150684931505
406,100,406,354.28940686250036,6.360680772861323
406,100,500,286.3895403340348,11.97300347747929
406,100,476,315,7.1735470555157
406,100,846,299.05460409907715,7.051801466429453
406,100,684,56.30993247402023,2.521364528296496
406,100,560,333.434948822922,4.79157423749955
406,100,528,116.56505117707798,3.042269357142571
406,100,480,333.434948822922,6.434727992805151
406,100,420,315,5.199314567548144
406,100,330,315,2.966881599384115
406,100,130,303.69006752597977,2.7950009887317746
406,100,125,326.30993247402023,2.46955566812602
406,100,480,300.9637565320735,4.0775887376540565
406,100,888,251.56505117707798,4.3318872057101085
406,100,864,326.30993247402023,2.539120616523936
406,100,1456,59.03624346792651,4.2561692663104385
406,100,792,277.1250163489018,5.8422157596366295
406,100,780,315,1.9641855032959656
406,100,775,333.434948822922,1.4519921931816817
406,100,875,284.03624346792645,3.2211762700137974
406,100,775,296.565051177078,1.552824984374854
406,100,775,270,1.4184397163120568
406,100,1505,264.28940686250036,6.883476452822528
406,100,1683,254.05460409907715,5.126837950197547
406,20,300,326.30993247402023,10.085458113185984
406,20,220,285.94539590092285,4.986376636493506
406,20,180,306.86989764584405,3.5211267605633805
406,100,396,198.43494882292202,12.995661617130327
406,100,296,158.19859051364824,3.792369582489087
406,100,224,171.86989764584405,4.777748521530727
406,20,96,185.19442890773482,7.463081768369771
406,20,196,279.4623222080256,4.376088151293683
406,20,368,326.30993247402023,2.46955566812602
406,20,368,306.86989764584405,3.4965034965034967
406,100,345,315,3.030457633656632
406,100,322,326.30993247402023,2.452755969703394
406,100,348,14.036243467926454,6.650170363899452
406,100,330,36.86989764584405,3.3112582781456954
406,100,352,15.945395900922847,5.1631985030358285
406,100,403,18.434948822922024,4.719817403236387
406,100,448,23.198590513648185,4.913402003783167
406,100,544,329.03624346792645,4.384174357026542
406,20,175,198.43494882292202,4.392052305789416
406,20,189,218.65980825409008,4.573660169594892
406,20,138,180,6.451612903225806
406,20,132,230.1944289077348,6.149802894414688
406,20,138,206.56505117707798,4.594660227739293
406,20,126,198.43494882292202,6.680868296130379
406,20,100,200.55604521958347,6.0595771243386745
406,20,95,198.43494882292202,6.453627877894652
406,20,85,210.96375653207352,4.225327460032827
406,20,80,213.69006752597977,4.93911133625204
406,20,60,198.43494882292202,4.827904824684548
406,20,56,201.80140948635182,3.7396977827322946
406,100,1365,296.565051177078,3.240678228260565
406,100,1440,315,4.099169746008972
406,100,1404,306.86989764584405,3.3783783783783785
406,20,1440,320.1944289077348,5.313095017623574
406,20,1404,315,3.2141217326661247
406,20,1517,323.13010235415595,3.3333333333333335
406,20,1480,329.03624346792645,4.287464628562721
406,20,1554,321.3401917459099,4.7430549906909985
406,100,300,331.3895403340348,8.466191950095721
406,100,2080,284.03624346792645,2.8832906472850772
406,100,2014,303.69006752597977,2.6127183155536153
406,100,2088,291.8014094863518,3.6386248696854757
406,100,2006,315,1.0553832555023097
406,100,2013,270,2.6143790849673203
406,100,1952,296.565051177078,3.577708763999664
406,100,2016,270,1.3793103448275863
406,100,2144,288.434948822922,2.196026152894708
406,100,2077,288.434948822922,2.3252041618885144
406,100,2170,255.9637565320735,2.7305335268991127
406,100,2376,270,2.054794520547945
406,100,2409,270,2.142857142857143
406,100,2482,288.434948822922,2.3956648940669543
406,100,2550,281.30993247402023,3.227227540248598
406,100,2475,288.434948822922,4.827904824684548
406,100,368,143.13010235415595,3.4013605442176873
406,100,330,170.53767779197437,4.376088151293683
406,100,480,198.43494882292202,4.273348189416729
406,20,54,210.96375653207352,4.194929420752016
406,20,45,192.52880770915152,6.229421930603302
406,20,32,233.13010235415598,3.4246575342465753
406,20,32,195.94539590092288,5.600084530215783
406,20,40,209.05460409907712,7.354021529276429
406,100,779,180,5.384615384615385
406,100,800,219.80557109226518,5.578749768504753
406,100,684,172.8749836510982,5.758755534498964
406,100,836,174.80557109226515,7.9463028900627775
406,100,858,161.56505117707798,4.4539121974202525
406,100,756,206.56505117707798,3.240678228260565
406,100,782,157.38013505195954,9.027777777777777
406,100,928,173.65980825409008,6.377031787420716
406,100,1023,169.69515353123393,7.985957062499249
406,100,1155,168.69006752597977,3.3326924925443038
406,100,1120,167.47119229084842,6.880257057681259
406,100,992,116.56505117707798,1.6441676305145512
406,100,1116,167.47119229084842,6.632765796613588
406,100,1080,168.69006752597977,3.268602252303067
406,100,1073,161.56505117707798,4.550039798803423
406,100,1080,180,2.941176470588235
406,20,1036,153.43494882292202,4.272741358279853
406,20,957,195.94539590092288,10.041530881766231
406,20,840,202.38013505195957,13.038848447411514
406,20,784,196.69924423399362,7.352328527401797
406,20,625,192.9946167919165,9.73844092271995
406,20,529,198.43494882292202,8.489336000452026
406,20,506,191.3099324740202,7.057466454799702
406,20,418,251.56505117707798,4.684855792842043
406,20,40,225,5.050762722761054
406,20,45,210.96375653207352,4.135426875776809
406,20,40,219.80557109226518,5.331228447717852
406,20,45,213.69006752597977,2.7314782389878705
406,20,40,213.69006752597977,4.93911133625204
406,20,40,239.03624346792648,4.0775887376540565
406,20,48,206.56505117707798,3.2883352610291023
406,20,60,225,3.7965464761693832
406,20,50,213.69006752597977,5.150787536377127
406,20,45,198.43494882292202,4.4539121974202525
