404,100,465,45,3.7965464761693832
404,100,465,14.036243467926454,3.1000794177576396
404,100,465,45,2.8096958192842947
404,100,665,90,6.493506493506493
404,100,528,36.86989764584405,3.597122302158273
404,100,495,56.30993247402023,2.6511406437235214
404,100,528,53.13010235415595,3.205128205128205
404,100,561,36.86989764584405,3.7037037037037033
404,100,703,345.96375653207355,2.8240449490531923
404,100,544,53.13010235415595,3.64963503649635
404,100,648,18.434948822922024,2.1659436028550543
404,100,544,63.434948822922024,3.3374148917907314
404,100,544,45,0.936565273094765
404,100,528,45,4.221533022009239
404,100,528,33.69006752597977,2.6511406437235214
404,100,528,45,0.9123958466923194
404,100,612,53.13010235415595,3.731343283582089
404,100,612,33.69006752597977,2.452755969703394
404,100,612,33.69006752597977,2.6127183155536153
404,100,780,347.0053832080835,9.46217309512506
404,100,912,16.699244233993625,7.05426115466929
404,100,756,348.69006752597977,7.443824107434723
404,100,782,23.962488974578207,7.241807207203017
404,100,608,355.9143832200251,9.679771619047035
404,100,1610,341.565051177078,4.028379184927872
404,100,2400,15.945395900922847,4.918993168432782
404,100,2712,8.130102354155952,5.161363366325165
404,100,2457,101.30993247402023,3.4687207575461123
404,100,2576,333.434948822922,4.502150290268033
404,100,2728,11.30993247402023,3.8338492583404395
404,100,1800,79.11447294534128,17.53404277466719
404,100,1550,36.86989764584405,3.7037037037037033
404,100,1539,53.13010235415595,3.2467532467532463
404,100,1836,321.3401917459099,4.606564199591977
404,100,1674,26.565051177077976,3.2883352610291023
404,100,1600,18.434948822922024,4.054202128420999
404,100,1815,345.96375653207355,6.108304630544683
404,100,2090,63.434948822922024,1.5315534092464314
404,100,2508,26.565051177077976,3.2643328138683065
404,100,2240,345.96375653207355,5.6480898981063845
404,100,2376,45,2.1107665110046194
404,100,2236,33.69006752597977,2.387782301631781
404,20,126,315,7.121938803317746
404,20,102,38.65980825409008,4.708179586347683
404,20,60,341.565051177078,4.054202128420999
404,20,176,45,3.1426968052735442
404,20,160,348.69006752597977,3.4924791188991673
404,20,198,26.565051177077976,3.2643328138683065
404,20,162,0,3.4246575342465753
404,20,315,26.565051177077976,1.6687074458953657
404,20,171,0,4.635761589403973
404,20,231,0,0.7462686567164178
404,20,162,315,2.0797258270192573
404,100,170,33.69006752597977,4.652324226405147
404,100,2070,287.7446716250569,16.934715804395726
404,100,2080,306.86989764584405,3.731343283582089
404,100,1755,345.96375653207355,5.609667517847157
404,100,1625,90,2.1739130434782608
404,100,1690,0,1.574803149606299
404,100,1690,0,2.027027027027027
404,100,1472,0,1.3157894736842104
404,100,1430,336.8014094863518,5.252257314388903
404,100,1365,26.565051177077976,1.7606834468502282
404,100,1300,36.86989764584405,3.0120481927710845
404,100,1300,18.434948822922024,2.63523138347365
404,100,1407,326.30993247402023,5.225436631107231
404,100,1407,18.434948822922024,2.1808811449437098
404,100,1407,33.69006752597977,2.5571285641588575
404,100,1491,315,6.060915267313264
404,100,1420,36.86989764584405,3.1446540880503147
404,100,1606,63.434948822922024,1.6086819982012877
404,100,1480,0,1.6260162601626018
404,100,1406,353.6598082540901,5.918552377867593
404,100,1540,45,1.950639396376683
404,100,1463,33.69006752597977,2.7109408086195406
404,100,1444,225,2.9462782549439477
404,100,1444,216.86989764584402,3.6231884057971016
404,100,1501,330.94539590092285,6.77344088222829
404,100,1444,326.30993247402023,2.46955566812602
404,100,338,0,2.2556390977443606
404,100,434,33.69006752597977,2.387782301631781
404,100,493,18.434948822922024,2.3424278964210217
404,100,667,135,0.9183204950474644
404,100,576,19.98310652189997,8.420647417783904
404,100,792,180,0.7352941176470588
404,100,693,35.537677791974374,5.514311068617069
404,100,798,345.96375653207355,3.0541523152723413
404,100,1008,315,4.843197131414709
404,100,943,0,2.18978102189781
404,100,1008,56.30993247402023,2.46955566812602
404,100,1000,21.801409486351815,4.018779706816794
404,100,2304,26.565051177077976,7.4041986009926815
404,100,1475,284.03624346792645,6.153888993459195
404,100,1508,11.30993247402023,3.7492790541123413
404,100,1416,45,1.8247916933846389
404,100,1500,26.565051177077976,3.3374148917907314
404,100,1769,56.30993247402023,2.452755969703394
404,100,1560,29.744881296942253,5.8422157596366295
404,100,1534,33.69006752597977,2.83901675233385
404,100,1127,165.9637565320735,3.272306052077508
404,100,1127,171.86989764584405,4.777748521530727
404,100,1144,198.43494882292202,4.244668000226013
404,100,1122,165.9637565320735,2.9877576997229425
404,100,1008,189.4623222080256,4.314015978934908
404,100,940,165.9637565320735,2.8435211211156277
404,100,960,170.53767779197437,4.539375022610612
404,100,940,149.0362434679265,4.225327460032827
404,100,874,180,1.2903225806451613
404,100,874,143.9726266148964,10.304144324799578
404,100,874,281.30993247402023,3.565747911603346
404,100,836,68.19859051364818,3.7658495154786737
404,100,798,108.43494882292202,2.211382979138727
404,100,741,216.86989764584402,3.5211267605633805
404,100,648,231.3401917459099,4.446614053772811
404,100,578,216.86989764584402,3.5211267605633805
404,100,2379,55.007979801441365,8.975408540980663
404,100,2074,194.03624346792648,2.6261819271450064
404,100,2052,161.56505117707798,2.4705294220065466
404,100,1749,180,0.6211180124223602
404,100,1550,163.30075576600643,7.404472701355
404,100,2816,329.03624346792645,4.485347611419463
404,100,2464,180,0.6578947368421052
404,100,2142,90,0.7462686567164178
404,100,2009,0,1.3793103448275863
404,100,1872,270,0.7462686567164178
404,100,1739,135,0.9491366190423458
404,100,1645,236.3099324740202,2.5753937681885635
404,100,1518,206.56505117707798,1.6203391141302825
404,100,1364,180,1.3605442176870748
404,100,1290,355.9143832200251,10.553134471893383
404,100,1200,270,0.6993006993006993
404,100,1140,180,1.3793103448275863
404,100,594,50.19442890773479,5.539184167309684
404,100,544,33.69006752597977,5.150787536377127
404,100,496,36.86989764584405,3.1446540880503147
404,100,465,225,1.0174198290453922
404,100,627,336.8014094863518,6.191685451921877
404,100,561,29.744881296942253,5.269449508691862
404,100,473,15.945395900922847,5.473766834045502
404,100,473,38.65980825409008,4.446614053772811
404,100,473,33.69006752597977,2.6127183155536153
404,100,473,341.565051177078,4.160891658116289
404,100,473,51.34019174590992,8.771403064976505
404,100,180,45,5.199314567548144
404,100,170,0,5.095541401273886
404,100,170,306.86989764584405,3.4602076124567476
404,100,170,0,5.673758865248227
404,100,1200,80.53767779197437,16.11327822595555
404,100,1056,69.77514056883194,14.888571125968078
404,100,893,83.29016319224309,12.054396315932177
404,20,1311,90,13.380281690140844
404,20,1416,123.69006752597977,2.503855052405548
404,20,1155,201.80140948635182,3.959680005245959
404,20,1166,165.9637565320735,2.86326779556782
404,20,1040,180,1.5037593984962405
404,20,988,206.56505117707798,2.98142396999972
404,20,1000,116.56505117707798,1.5211346785712856
404,20,987,146.30993247402023,2.7950009887317746
404,20,810,198.43494882292202,2.1223340001130064
404,20,756,180,1.3793103448275863
404,20,702,198.43494882292202,2.3776523760664507
404,20,592,180,2.142857142857143
404,20,544,198.43494882292202,2.0804458290581445
404,20,540,180,2.9629629629629632
404,20,432,194.03624346792648,2.86326779556782
404,20,384,180,2.027027027027027
404,20,208,104.03624346792651,2.9450754468697578
404,20,104,189.4623222080256,4.2388589061311635
404,20,208,161.56505117707798,4.392052305789416
404,20,84,153.43494882292202,1.510856741553912
404,20,77,153.43494882292202,3.3374148917907314
404,20,77,161.56505117707798,2.196026152894708
404,20,77,161.56505117707798,4.3617622898874195
404,100,209,123.69006752597977,2.503855052405548
404,100,190,153.43494882292202,1.5971914124998499
404,100,160,123.69006752597977,2.539120616523936
404,100,176,180,1.4388489208633095
404,100,140,135,3.052259487136176
404,100,133,180,1.4598540145985401
404,100,140,168.69006752597977,3.4221607473777076
404,100,140,161.56505117707798,2.2750198994017117
404,100,154,180,1.4388489208633095
404,100,133,161.56505117707798,2.1512092926315507
404,100,152,104.03624346792651,2.9035955109983522
404,100,102,165.9637565320735,2.86326779556782
404,20,1836,267.95459151111277,19.456841286280415
404,20,1550,225,1.0633184679496956
404,20,1830,225,2.82842712474619
404,20,1681,180,2.2222222222222223
404,20,640,288.434948822922,2.1808811449437098
404,20,495,213.69006752597977,4.682534123979207
404,100,420,225,1.9918500878494296
404,100,392,146.30993247402023,5.421881617239081
404,100,378,201.80140948635182,3.6386248696854757
404,100,338,201.80140948635182,3.9022933385032634
404,100,312,225,1.9918500878494296
404,100,765,246.03751102542182,7.461255910451594
404,100,1144,225,4.0119533684343125
404,100,860,180,3.5211267605633805
404,100,903,161.56505117707798,4.3617622898874195
404,100,1104,104.03624346792651,2.86326779556782
404,100,2035,36.86989764584405,3.571428571428571
404,100,1855,225,4.979625219623574
404,100,2530,11.30993247402023,3.668359362296967
404,100,2793,213.69006752597977,2.5939217809093447
404,100,2793,217.56859202882748,11.007529843528005
404,100,2376,214.99202019855866,8.781694687578202
404,100,1617,192.52880770915152,6.632765796613588
404,100,1363,198.43494882292202,4.302418585263101
404,100,1260,194.03624346792648,5.8071910219967044
404,100,1325,278.13010235415595,4.9104637582399135
404,100,858,168.69006752597977,3.4452834551302596
404,100,836,165.9637565320735,2.748737083745107
404,100,874,180,4.032258064516129
404,100,888,180,1.0600706713780919
404,100,1102,135,0.9753196981883415
404,100,945,198.43494882292202,2.1081851067789197
404,100,816,243.43494882292202,1.7069221202288474
404,100,945,206.56505117707798,6.002867053690711
404,100,805,225,1.0029883421085781
404,100,748,143.13010235415595,6.8493150684931505
404,100,800,209.7448812969422,5.800185430430611
404,100,704,236.3099324740202,2.503855052405548
404,100,736,206.56505117707798,3.0631068184928627
404,100,928,189.4623222080256,4.5057500224431255
404,100,690,251.56505117707798,2.211382979138727
404,100,525,159.44395478041656,5.734230701555389
404,20,432,183.57633437499734,5.6249893129408415
404,20,156,174.80557109226515,3.8755652691885127
404,20,120,225,0.9889605331280386
404,100,232,165.9637565320735,2.9035955109983522
404,20,2205,16.699244233993625,7.150894869116815
404,20,1632,344.05460409907715,4.666737108513153
404,20,1240,22.3801350519596,15.713484026367722
404,20,1110,14.743562836470744,13.739078814257692
404,20,957,19.98310652189997,15.711006591569967
404,20,210,15.524110996754246,13.064015169419166
404,20,231,14.036243467926454,13.835924918180071
404,20,437,8.74616226255523,9.53112060722167
404,20,475,26.565051177077976,9.515182882977829
404,20,418,3.814074834290352,10.226732230185652
404,20,525,14.036243467926454,10.504727708580026
404,20,525,20.55604521958344,6.890325601062525
404,20,621,19.98310652189997,8.072206834979053
404,20,572,0,7.913669064748201
404,20,546,23.962488974578207,6.565905201197403
404,20,1416,33.69006752597977,2.5571285641588575
404,20,512,9.462322208025626,4.166275705683712
404,20,1392,9.462322208025626,8.50736018223527
404,20,1188,45,1.87313054618953
404,20,1118,20.55604521958344,6.2823556950864194
404,20,984,23.198590513648185,5.145792639097236
404,20,644,68.19859051364818,3.8192658206627685
404,20,408,23.198590513648185,5.769525080199931
404,20,330,45,1.87313054618953
404,20,480,8.130102354155952,10.174198290453921
404,20,405,29.744881296942253,5.374838498865699
404,20,288,6.3401917459099195,6.757750103087624
404,20,392,15.945395900922847,5.090985936559803
404,20,324,11.30993247402023,3.5908588123892846
404,20,375,26.565051177077976,4.969039949999533
404,20,276,9.462322208025626,4.253680091117635
404,20,560,18.434948822922024,6.680868296130379
404,20,273,0,2.857142857142857
404,20,240,5.710593137499643,7.127571362497085
404,20,300,20.55604521958344,18.308579454251852
404,20,91,56.30993247402023,4.9560842274419095
404,20,792,40.60129464500449,6.146362971528592
404,20,266,23.198590513648185,5.903700082065046
404,20,403,74.74488129694225,8.445743889623245
404,20,2816,8.130102354155952,5.237828008789241
404,20,2816,19.98310652189997,8.420647417783904
404,20,234,13.240519915187178,12.044309790739986
404,20,234,356.6335393365702,12.430209026223652
404,20,208,48.81407483429035,7.280921789544282
404,20,208,23.198590513648185,10.43256589844371
404,20,78,347.4711922908485,6.829292190587324
404,20,629,350.5376777919744,8.628031957869815
404,20,684,18.434948822922024,6.63414893741618
404,20,544,26.565051177077976,3.2643328138683065
404,20,270,161.56505117707798,6.453627877894652
404,20,299,165.9637565320735,5.932526080025411
404,20,228,167.00538320808346,9.26504448897662
404,20,36,153.43494882292202,6.343455255318553
404,20,273,163.30075576600643,7.150894869116815
404,100,665,345.96375653207355,3.494157309845475
404,100,756,330.94539590092285,6.77344088222829
404,100,646,355.6012946450045,9.448119427829926
404,100,875,38.65980825409008,4.446614053772811
404,100,1221,8.130102354155952,4.876598490941707
404,100,1209,15.945395900922847,4.758241757699685
404,100,1176,333.434948822922,8.469954460226477
404,100,1144,30.963756532073546,4.3192236258113335
404,100,1056,18.434948822922024,6.63414893741618
404,100,940,338.1985905136482,7.180219742846004
404,100,1150,26.565051177077976,4.757591441488914
404,100,903,26.565051177077976,4.896499220802459
404,20,455,26.565051177077976,3.2173639964025753
404,20,768,0,4.861111111111112
404,20,702,333.434948822922,3.2883352610291023
404,20,756,36.86989764584405,3.4013605442176873
404,20,703,63.434948822922024,1.4710973536182828
404,100,720,45,3.008965026325734
404,100,684,18.434948822922024,2.2427501135945955
404,100,735,330.25511870305775,5.884859670290911
404,100,735,33.69006752597977,2.5753937681885635
404,100,756,18.434948822922024,2.0401791355925027
404,100,840,330.25511870305775,5.637942481327657
404,100,910,33.69006752597977,2.6511406437235214
404,100,884,26.565051177077976,1.6321664069341533
404,100,918,330.94539590092285,6.475239082381762
404,100,1849,348.69006752597977,8.642405955242008
404,100,1443,63.434948822922024,4.4132920608548485
404,20,1188,53.13010235415595,3.6231884057971016
404,100,372,26.565051177077976,3.021713483107824
404,100,470,196.69924423399362,13.13246101749755
404,100,440,236.3099324740202,2.7109408086195406
404,100,320,251.56505117707798,9.166022203386607
404,100,1081,333.434948822922,4.69105170104851
404,100,1701,36.86989764584405,6.666666666666667
404,100,1456,333.434948822922,1.5858638138296381
404,100,1500,326.30993247402023,5.263578504326992
404,100,1600,39.80557109226521,5.500175828103277
404,100,1680,315,7.121938803317746
404,100,1475,30.963756532073546,3.690475882813481
404,100,2108,59.03624346792651,4.4511083166758025
404,100,1534,320.71059313749964,9.801841657621997
404,100,1488,11.30993247402023,3.3326924925443038
404,100,1953,45,3.1426968052735442
404,100,1650,330.94539590092285,7.570316280137501
404,100,2310,18.434948822922024,4.422765958277454
404,100,1625,327.9946167919165,6.417674239494288
404,100,2470,75.96375653207355,3.272306052077508
404,100,2470,36.86989764584405,3.1847133757961785
404,100,798,329.03624346792645,4.287464628562721
404,100,880,11.30993247402023,3.7219120537173613
404,100,1242,45,0.8894424920585503
404,100,1218,315,5.992430349038538
404,100,1008,20.55604521958344,5.621055095603639
404,100,989,29.744881296942253,5.8422157596366295
404,100,946,320.1944289077348,5.423784497157399
404,100,968,23.198590513648185,5.252257314388903
404,100,946,33.69006752597977,2.3565694610875747
404,100,1394,335.22485943116806,10.846834138845722
404,100,858,116.56505117707798,1.6563466499998445
404,100,798,30.963756532073546,4.0775887376540565
404,20,506,348.69006752597977,3.892381308086095
404,20,552,348.69006752597977,3.5165651817881276
404,20,529,18.434948822922024,2.0668481439009017
404,20,529,0,2.9629629629629632
404,20,528,0,2.941176470588235
404,20,825,333.434948822922,3.1273678006990067
404,20,702,0,2.0408163265306123
404,20,700,0,3.968253968253968
404,20,744,0,1.910828025477707
404,20,899,348.69006752597977,3.8338492583404395
404,20,1767,326.30993247402023,2.372073207542098
404,20,1092,123.69006752597977,2.503855052405548
404,20,667,296.565051177078,3.1493915176053378
404,20,513,14.036243467926454,3.0095661500858837
404,100,361,180,1.5037593984962405
404,100,432,333.434948822922,3.2643328138683065
404,100,407,38.65980825409008,4.509242420727358
404,100,407,15.945395900922847,4.902430901872402
404,100,385,304.99202019855863,9.31798138605626
404,100,396,261.869897645844,4.876598490941707
404,100,385,54.462322208025626,11.24486963012108
404,100,372,21.801409486351815,4.07967030843523
404,100,546,21.801409486351815,3.688469045982537
404,100,752,201.80140948635182,4.048996095589852
404,100,532,149.0362434679265,3.9938026677022607
404,100,525,194.03624346792648,2.9035955109983522
404,100,390,165.9637565320735,2.92418838696288
404,100,350,116.56505117707798,1.5636839003495033
404,100,338,189.4623222080256,4.001817454143565
404,100,299,153.43494882292202,3.4938562148434213
404,100,377,213.69006752597977,2.5753937681885635
404,100,286,315,1.8247916933846389
404,100,611,97.59464336859145,11.464201477592088
404,100,300,90,15.107913669064748
404,100,276,101.30993247402023,3.5409857733283228
404,100,280,243.43494882292202,1.552824984374854
404,100,741,225,6.82723788731839
404,100,384,135,2.1107665110046194
404,100,588,0,2.272727272727273
404,100,816,315,2.82842712474619
404,100,765,14.036243467926454,2.9035955109983522
404,100,799,350.5376777919744,4.439972649852715
404,100,1180,39.80557109226521,5.349486079388119
404,100,954,315,3.9837001756988593
404,100,1088,40.60129464500449,6.72959449437437
404,100,1035,50.19442890773479,5.6188846589256505
404,100,1095,319.3987053549955,6.146362971528592
404,100,1110,270,2.2900763358778624
404,100,1440,0,5.517241379310345
404,100,1360,30.963756532073546,4.021346134376069
404,100,2184,26.565051177077976,1.5746957588026689
404,100,1577,26.565051177077976,3.0631068184928627
404,100,300,327.0947570770121,14.061428285636518
404,20,294,18.434948822922024,2.1808811449437098
404,100,637,326.30993247402023,5.3814198141253575
404,100,434,0,2.7777777777777777
404,100,264,239.03624346792648,4.225327460032827
404,100,250,45,6.34583008757158
404,100,315,315,1.0101525445522108
404,20,210,153.43494882292202,3.2173639964025753
404,20,195,143.13010235415595,6.578947368421052
404,20,308,188.13010235415598,5.316592339748478
404,20,210,233.13010235415598,3.4013605442176873
404,20,192,161.56505117707798,2.053427052057389
404,20,140,171.86989764584405,5.611958580845616
404,20,224,150.2551187030578,5.758755534498964
404,20,416,167.1957339347132,15.888048130533067
404,100,144,33.69006752597977,2.46955566812602
404,100,136,45,2.0203050891044216
404,100,128,18.434948822922024,2.1512092926315507
404,100,120,26.565051177077976,3.1273678006990067
404,100,112,26.565051177077976,1.6086819982012877
404,100,91,26.565051177077976,2.8852490032255353
404,20,91,153.43494882292202,7.873478794013344
404,20,84,213.69006752597977,2.4198330707812006
404,20,102,135,3.955842132512154
404,20,72,198.43494882292202,4.650408323777029
404,20,84,194.03624346792648,2.7858821794713924
404,20,99,168.69006752597977,3.80523844297969
404,20,63,180,3.3175355450236967
404,100,132,219.80557109226518,5.349486079388119
404,100,80,221.63353933657018,19.266551326067674
404,100,63,180,1.4285714285714286
404,20,135,227.48955292199915,12.148373579178886
404,20,126,225,5.237828008789241
404,20,98,153.43494882292202,1.5007167634226777
404,20,90,251.56505117707798,2.211382979138727
404,20,126,166.60750224624894,14.487941708001948
404,20,104,213.69006752597977,5.078241233047872
404,20,91,170.53767779197437,4.082390959931691
404,20,96,194.03624346792648,3.2211762700137974
404,20,66,146.30993247402023,2.539120616523936
404,20,60,216.86989764584402,3.289473684210526
404,20,66,164.0546040990771,4.696845089858399
404,20,55,165.9637565320735,3.272306052077508
404,20,98,248.19859051364818,3.6386248696854757
404,20,91,135,3.0968180197950983
404,20,104,165.9637565320735,2.8832906472850772
404,20,55,169.69515353123393,8.281733249999222
404,20,77,180,10
404,20,80,210.96375653207352,4.164965639175215
404,20,72,104.03624346792651,3.0095661500858837
404,20,75,108.43494882292202,2.211382979138727
404,20,40,270,1.4598540145985401
404,20,130,132.27368900609372,10.618620533798932
404,20,96,180,2.142857142857143
404,20,120,165.9637565320735,12.400317671030558
404,20,120,146.30993247402023,5.042729056592992
404,20,60,130.6012946450045,6.585388898066348
404,20,70,165.9637565320735,2.9450754468697578
404,20,48,180,2.083333333333333
404,20,35,143.13010235415595,3.4965034965034967
404,20,20,153.43494882292202,1.6563466499998445
404,20,20,270,0.684931506849315
404,20,20,135,1.0029883421085781
404,20,70,171.25383773744477,9.742923287382151
404,20,225,180,2.797202797202797
404,20,80,183.81407483429035,20.453464460371304
404,20,126,198.43494882292202,2.3082318687360432
404,20,520,273.81407483429035,10.738068841694934
404,20,442,146.30993247402023,2.5753937681885635
404,20,225,257.4711922908485,6.271798950539378
404,20,170,141.34019174590992,4.67381331199478
404,100,234,120.96375653207349,4.164965639175215
404,100,243,153.43494882292202,1.5421158465515792
404,100,560,233.13010235415598,3.53356890459364
404,20,40,225,1.032272673265033
404,20,77,108.43494882292202,2.1808811449437098
404,20,64,141.34019174590992,4.573660169594892
404,100,88,231.3401917459099,4.606564199591977
404,20,299,68.19859051364818,3.98901096824778
404,20,330,171.86989764584405,9.889605331280386
404,20,900,197.3540246362613,22.80687702617716
404,20,144,218.65980825409008,4.541222863427552
404,20,874,29.054604099077153,7.570316280137501
404,20,279,146.30993247402023,2.3412670619896034
404,20,2379,138.94518622903757,5.757648400866797
404,20,2204,146.30993247402023,2.5571285641588575
404,100,364,294.77514056883194,10.012462282011436
404,100,364,302.0053832080835,7.09321889628316
404,100,1260,341.565051177078,4.827904824684548
404,100,1904,350.5376777919744,4.608153432044106
404,100,1972,345.96375653207355,2.8240449490531923
404,100,2268,26.565051177077976,1.49071198499986
404,100,2146,0,4
404,100,2220,341.565051177078,2.1223340001130064
404,100,2706,0,2.097902097902098
404,100,336,288.434948822922,2.014189592463936
404,100,1562,252.75854060106002,23.178971680441187
404,100,720,248.19859051364818,7.5316990309573475
404,100,611,198.43494882292202,4.7553047521329015
404,100,585,170.53767779197437,3.874371038406509
404,100,369,225,1.977921066256077
404,100,336,293.1985905136482,10.504514628777805
404,100,275,328.3924977537511,11.223777590054226
404,100,276,315,7.1735470555157
404,100,1872,59.03624346792651,22.25554158337901
404,100,952,85.23635830927384,8.362218457494649
404,100,130,306.86989764584405,20.689655172413794
404,100,680,237.99461679191648,6.787036785652233
404,100,612,135,2.925959094565024
404,100,544,141.34019174590992,4.67381331199478
404,100,496,213.69006752597977,2.436183294232425
404,100,448,231.3401917459099,4.509242420727358
404,100,448,180,1.3793103448275863
404,100,405,180,4.411764705882353
404,100,378,90,2.158273381294964
404,100,364,225,1.950639396376683
404,100,338,180,6.521739130434782
404,100,325,161.56505117707798,2.3082318687360432
404,100,276,161.56505117707798,2.1366740947083644
404,100,242,180,2.797202797202797
404,100,220,213.69006752597977,2.521364528296496
404,100,230,104.03624346792651,2.9450754468697578
404,100,198,172.8749836510982,5.637942481327657
404,100,168,168.69006752597977,3.6163258961650957
404,100,220,206.56505117707798,1.5636839003495033
404,100,152,168.69006752597977,3.565747911603346
404,100,126,149.0362434679265,4.0775887376540565
404,100,120,180,2.7777777777777777
404,100,102,165.9637565320735,3.1000794177576396
404,100,75,126.86989764584405,3.3783783783783785
404,100,65,191.3099324740202,3.80523844297969
404,100,65,198.43494882292202,2.1081851067789197
404,100,435,243.43494882292202,1.510856741553912
404,100,660,135,0.9889605331280386
404,100,504,236.3099324740202,2.521364528296496
404,100,620,135,4.040610178208843
404,100,682,180,4.195804195804196
404,100,459,168.69006752597977,3.6163258961650957
404,100,432,243.43494882292202,3.1273678006990067
404,100,432,161.56505117707798,2.211382979138727
404,100,434,236.3099324740202,5.042729056592992
404,100,448,219.80557109226518,5.423784497157399
404,100,156,204.44395478041653,9.366702305112073
404,20,240,108.43494882292202,4.160891658116289
404,20,189,180,0.7092198581560284
404,20,70,228.81407483429035,8.177035240565116
404,20,52,75.96375653207355,2.8832906472850772
404,20,108,160.82099197418927,18.17282934609839
404,20,644,143.13010235415595,3.3783783783783785
404,20,700,198.43494882292202,2.0401791355925027
404,20,700,146.30993247402023,2.7735009811261455
404,20,621,172.8749836510982,1.8970018231290704
404,20,700,158.19859051364824,3.9307772314850395
404,100,160,217.87498365109818,4.1764667586049
404,20,2144,14.036243467926454,12.589635498069192
404,20,1860,14.036243467926454,11.068739934544055
404,20,1710,14.931417178137565,10.932517391732413
404,20,1512,17.35402463626133,12.147141024811747
404,20,1537,8.972626614896399,13.085295280048534
404,20,465,351.86989764584405,5.237828008789241
404,20,1596,9.462322208025626,4.472619507572221
404,20,1482,17.10272896905235,9.190182776172598
404,20,112,90,4.929577464788732
404,20,48,180,6.535947712418301
404,20,832,7.495857639729877,13.836655521109604
404,20,1209,28.072486935852965,11.486486486486488
404,20,1254,318.81407483429035,7.280921789544282
404,20,896,8.74616226255523,9.81563167012381
404,20,306,26.565051177077976,11.260773987409014
404,20,108,198.43494882292202,9.582659576267817
404,20,99,261.869897645844,4.745683095211729
404,20,154,180,2.013422818791946
404,20,154,194.03624346792648,2.9035955109983522
404,100,1085,14.036243467926454,9.095085938862486
404,100,1147,33.69006752597977,2.5753937681885635
404,100,1020,18.434948822922024,2.196026152894708
404,100,891,326.30993247402023,5.007710104811096
404,100,1326,111.80140948635182,3.792369582489087
404,100,792,351.86989764584405,5.0870991452269605
404,100,620,56.30993247402023,2.5939217809093447
404,100,558,23.198590513648185,5.180798031199938
404,20,630,8.130102354155952,10.24792436502243
404,20,1298,26.565051177077976,3.1493915176053378
404,20,2716,18.434948822922024,2.2750198994017117
404,20,2592,11.30993247402023,3.668359362296967
404,20,2538,180,0.6896551724137931
404,20,2430,14.036243467926454,2.9450754468697578
404,20,2236,270,0.6578947368421052
404,20,2125,90,0.7692307692307693
404,20,2025,0,0.6802721088435374
404,20,1896,0,1.4084507042253522
404,20,1896,0,1.4705882352941175
404,20,1679,45,1.024792436502243
404,20,1606,0,2.083333333333333
404,20,1470,26.565051177077976,1.5858638138296381
404,20,1320,0,0.6802721088435374
404,20,1121,135,1.0174198290453922
404,20,864,0,0.6993006993006993
404,20,697,90,0.6993006993006993
404,20,612,18.434948822922024,2.1366740947083644
404,20,561,18.434948822922024,2.4325212770525995
404,20,558,14.036243467926454,2.8048337589235786
404,20,638,30.963756532073546,4.194929420752016
404,20,513,0,2.8169014084507045
404,20,525,26.565051177077976,3.2643328138683065
404,20,480,0,2.684563758389262
404,20,484,26.565051177077976,3.4138442404576947
404,20,2736,26.565051177077976,5.845929352940627
404,20,272,14.931417178137565,20.426545652973715
404,20,208,24.44395478041656,8.391004148329564
404,20,180,8.130102354155952,10.795523376893856
404,20,165,10.304846468766016,7.4041986009926815
404,20,893,153.43494882292202,6.933544116278418
404,20,252,150.2551187030578,10.538899017383724
404,20,588,63.434948822922024,1.5746957588026689
404,20,252,188.13010235415598,4.8102502121533846
404,20,192,192.52880770915152,6.880257057681259
404,100,2368,76.60750224624888,15.756958499943725
404,100,2736,225,2.651650429449553
404,100,2550,225,3.8745577051317674
404,100,2695,315,2.0203050891044216
404,100,2304,270,0.7246376811594203
404,100,1410,80.53767779197437,4.344830378784442
404,20,162,56.30993247402023,2.7314782389878705
404,20,153,9.462322208025626,4.40779893499871
404,20,128,38.65980825409008,3.904344047215152
404,20,200,329.03624346792645,4.417387799125228
404,20,216,45,3.166149766506929
404,20,144,53.13010235415595,3.4722222222222223
404,20,120,36.86989764584405,3.4965034965034967
404,20,135,36.86989764584405,3.4246575342465753
404,20,126,33.69006752597977,2.7314782389878705
404,20,117,45,2.7196414661021056
404,20,117,33.69006752597977,2.9077026415032172
404,20,117,18.434948822922024,2.0804458290581445
404,20,117,45,1.885618083164127
404,20,117,52.125016348901795,8.508771829098045
404,100,495,153.43494882292202,3.1493915176053378
404,100,528,173.65980825409008,6.3324371595366555
404,100,495,149.0362434679265,4.135426875776809
404,100,495,161.56505117707798,4.5175395145262565
404,100,480,144.46232220802563,6.0156120748549835
404,100,480,146.30993247402023,10.22851425663543
404,100,465,161.56505117707798,2.1081851067789197
404,100,434,270,0.7299270072992701
404,100,420,225,2.9462782549439477
404,100,390,160.01689347809997,8.360499936228303
404,100,611,161.56505117707798,2.2915055508466518
404,100,528,206.56505117707798,3.105649968749708
404,100,720,164.0546040990771,5.055631867555915
404,100,602,198.43494882292202,4.684855792842043
404,100,117,180,3.571428571428571
404,100,98,194.03624346792648,2.9877576997229425
404,100,119,206.56505117707798,3.1943828249996997
404,100,819,100.61965527615513,11.226772824896349
404,100,656,233.9726266148964,9.928080663310542
404,100,1943,123.69006752597977,5.150787536377127
404,100,1675,165.9637565320735,2.8832906472850772
404,100,1650,180,2.8368794326241136
404,100,1914,180,2.1739130434782608
404,100,2015,135,0.9428090415820635
404,100,1736,78.69006752597977,3.5908588123892846
404,100,2013,180,5.714285714285714
404,100,1674,213.69006752597977,2.486587086526889
404,100,1586,213.69006752597977,5.421881617239081
404,100,736,180,5.109489051094891
404,100,936,216.86989764584402,3.2467532467532463
404,100,690,153.43494882292202,4.9325028915436535
404,100,1872,53.13010235415595,3.7593984962406015
404,100,1681,45,0.9889605331280386
404,100,1763,0,1.3793103448275863
404,100,1932,135,1.0101525445522108
404,100,1764,26.565051177077976,1.6203391141302825
404,100,1632,18.434948822922024,2.1659436028550543
404,100,1802,116.56505117707798,1.6321664069341533
404,100,1764,26.565051177077976,1.5421158465515792
404,100,1924,33.69006752597977,2.387782301631781
404,100,1924,90,0.7092198581560284
404,100,2310,270,1.5267175572519083
404,20,315,56.30993247402023,2.7950009887317746
404,20,300,45,2.905918278848825
404,20,266,36.86989764584405,3.571428571428571
404,20,234,0,0.7246376811594203
404,20,204,45,4.040610178208843
404,20,192,48.81407483429035,7.433668400513742
404,20,192,70.01689347810003,8.301205610439451
404,20,192,72.89727103094765,9.856138049808292
404,20,192,180,0.6666666666666667
404,20,120,71.56505117707798,4.422765958277454
404,20,171,45,1.950639396376683
404,20,152,40.60129464500449,6.72959449437437
404,20,897,75.96375653207355,2.7125694905379345
404,20,780,321.3401917459099,4.67381331199478
404,20,912,293.96248897457815,7.136853479562394
404,20,1058,30.963756532073546,3.966633942071633
404,20,1034,63.434948822922024,6.528665627736613
404,20,924,320.1944289077348,5.24177830597762
404,20,989,56.30993247402023,2.6907099070626788
404,20,840,345.96375653207355,2.7858821794713924
404,20,798,0,3.816793893129771
404,20,697,11.30993247402023,3.5908588123892846
404,20,1110,7.125016348901795,5.484529080475204
404,20,1000,333.434948822922,1.5211346785712856
404,20,1040,18.434948822922024,2.3252041618885144
404,100,864,0,3.4722222222222223
404,20,1085,0,0.7142857142857143
404,20,768,353.6598082540901,6.288461901484317
404,100,231,75.96375653207355,2.8435211211156277
404,100,190,300.9637565320735,4.384174357026542
404,100,782,350.5376777919744,4.001817454143565
404,100,741,135,3.901278792753366
404,100,592,36.86989764584405,3.64963503649635
404,100,768,288.434948822922,4.422765958277454
404,100,630,75.96375653207355,2.7305335268991127
404,100,820,0,0.7518796992481203
404,100,800,303.69006752597977,2.6511406437235214
404,100,792,296.565051177078,1.5421158465515792
404,100,589,33.69006752597977,2.631789252163496
404,100,580,14.036243467926454,2.7125694905379345
404,100,510,0,2.6490066225165565
404,100,464,45,1.0633184679496956
404,100,392,21.801409486351815,3.959680005245959
404,100,351,45,0.9753196981883415
404,100,312,345.96375653207355,3.0095661500858837
404,100,360,180,0.6578947368421052
404,100,418,26.565051177077976,1.6321664069341533
404,100,418,14.036243467926454,2.9877576997229425
404,100,546,26.565051177077976,3.042269357142571
404,100,900,338.1985905136482,3.9307772314850395
404,100,936,45,0.9491366190423458
404,100,405,243.43494882292202,3.1943828249996997
404,100,266,128.65980825409008,4.639945099589021
404,100,208,165.9637565320735,2.8832906472850772
404,100,192,270,2.6490066225165565
404,100,368,345.96375653207355,2.86326779556782
404,100,350,303.69006752597977,2.486587086526889
404,20,133,143.13010235415595,3.4722222222222223
404,20,210,143.13010235415595,3.3783783783783785
404,20,133,180,3.816793893129771
404,20,224,236.3099324740202,2.403700850309326
404,20,133,120.96375653207349,3.71398209862758
404,20,119,161.56505117707798,2.5502239194906284
404,20,152,161.56505117707798,2.196026152894708
404,20,160,180,2.013422818791946
404,20,136,206.56505117707798,1.6563466499998445
404,20,160,153.43494882292202,3.0631068184928627
404,20,126,206.56505117707798,1.5971914124998499
404,20,114,153.43494882292202,1.6203391141302825
404,20,102,180,2.797202797202797
404,20,621,303.69006752597977,2.387782301631781
404,20,192,135,6.92272373189627
404,20,140,210.96375653207352,3.966633942071633
404,20,165,135,4.099169746008972
404,20,140,186.3401917459099,5.918552377867593
404,20,238,104.03624346792651,3.2211762700137974
404,20,210,206.56505117707798,1.5636839003495033
404,20,210,270,0.7042253521126761
404,100,304,49.76364169072616,5.81207725799536
404,100,462,296.565051177078,1.6563466499998445
404,100,132,47.602562202499826,20.625710599201902
404,100,416,11.30993247402023,14.262991646413385
404,100,276,56.30993247402023,2.5939217809093447
404,100,276,33.69006752597977,2.6127183155536153
404,20,150,180,15.286624203821656
404,20,117,135,2.280989616730799
404,20,192,206.56505117707798,2.9616794403970728
404,20,143,180,3.875968992248062
404,20,130,225,0.9123958466923194
404,20,224,303.69006752597977,2.7314782389878705
404,20,289,135,3.008965026325734
404,20,299,180,0.6802721088435374
404,20,396,161.56505117707798,4.422765958277454
404,20,208,135,4.069679316181569
404,20,180,0,0.7246376811594203
404,20,182,41.18592516570965,6.99351698206227
404,20,180,225,2.0797258270192573
404,20,187,160.55996517182382,12.01850425154663
404,20,154,180,5.109489051094891
404,20,130,140.19442890773485,5.578749768504753
404,20,96,180,4.10958904109589
404,20,84,180,3.546099290780142
404,20,150,216.86989764584402,6.756756756756757
404,20,128,156.80140948635176,10.361596062399876
404,20,119,170.53767779197437,4.2836355847170555
404,20,65,135,5.123962182511215
404,20,112,180,3.4246575342465753
404,20,1725,10.619655276155129,10.78067589145676
404,20,1550,13.495733280795832,19.186507659973792
404,20,1512,16.699244233993625,7.404472701355
404,20,1000,10.304846468766016,7.873478794013344
404,20,910,0,0.6711409395973155
404,20,810,330.25511870305775,5.560177757447275
404,20,840,236.3099324740202,5.150787536377127
404,20,100,129.8055710922652,5.461713060074583
404,100,384,15.255118703057747,7.601169500660919
404,100,384,6.3401917459099195,6.80856025423866
404,100,352,23.962488974578207,7.034898429854359
404,100,310,18.434948822922024,6.588078458684124
404,100,288,12.528807709151522,6.4926369417555545
404,100,240,15.255118703057747,8.262140761587956
404,100,240,18.434948822922024,6.367002000339019
404,100,232,18.434948822922024,8.663774411420217
404,100,210,6.3401917459099195,6.4222589632180265
404,100,180,14.036243467926454,8.898789120038115
404,20,494,18.434948822922024,6.410022284125093
404,20,380,57.994616791916485,3.481173849467381
404,20,165,21.037511025421793,9.411073160259539
404,20,154,23.962488974578207,7.1889473005810975
404,20,143,28.61045966596521,8.18951901055011
404,20,98,28.300755766006375,10.93690597054326
404,20,78,26.565051177077976,6.254735601398013
404,20,882,26.565051177077976,6.388765649999399
404,20,765,18.434948822922024,8.321783316232578
404,20,425,149.0362434679265,4.225327460032827
404,20,336,71.56505117707798,2.2427501135945955
404,20,286,26.565051177077976,6.576670522058205
404,20,220,18.434948822922024,6.241337487174433
404,20,216,16.699244233993625,7.733560376970779
404,20,184,11.30993247402023,3.3993463423951895
404,20,168,18.434948822922024,4.6164637374720865
404,20,160,14.036243467926454,6.153888993459195
404,20,225,11.30993247402023,5.185443573145205
404,20,176,14.036243467926454,9.300238253272918
404,20,1568,17.10272896905235,9.316075690914689
404,20,1568,14.931417178137565,10.70632737673105
404,20,1891,19.98310652189997,8.481666601970742
404,20,1830,16.38954033403479,11.735129236204866
404,20,1769,17.10272896905235,10.226669555440184
404,20,1800,10.304846468766016,7.4041986009926815
404,20,1885,23.198590513648185,11.117916942867021
404,100,297,128.65980825409008,4.18504852119794
404,100,279,108.43494882292202,6.54264343483113
404,100,279,225,1.1048543456039805
404,100,252,123.69006752597977,2.372073207542098
404,100,243,111.80140948635182,3.7658495154786737
404,100,234,120.96375653207349,4.3514566379442545
404,100,260,126.86989764584405,3.3557046979865772
404,100,260,116.56505117707798,1.5421158465515792
404,100,234,135,4.129090693060132
404,100,234,116.56505117707798,2.9616794403970728
404,100,243,101.30993247402023,3.777051491550211
404,100,200,180,0.6896551724137931
404,100,200,116.56505117707798,3.0842316931031584
404,100,192,116.56505117707798,3.240678228260565
404,100,184,90,0.7352941176470588
404,20,1710,149.0362434679265,8.32993127835043
404,20,1680,225,1.0174198290453922
404,20,1640,225,3.9837001756988593
404,20,1520,142.1250163489018,8.445743889623245
404,20,1332,161.56505117707798,1.976423537605237
404,20,1224,225,3.2635697593225266
404,20,1120,90,0.684931506849315
404,20,1020,159.44395478041656,5.974827793928343
404,100,532,36.86989764584405,3.64963503649635
404,100,546,341.565051177078,4.0803582711850055
404,100,533,333.434948822922,1.6203391141302825
404,100,507,14.036243467926454,2.9450754468697578
404,100,560,0,2.797202797202797
404,100,574,0,3.64963503649635
404,100,560,26.565051177077976,1.6086819982012877
404,100,560,0,4.285714285714286
404,100,616,315,2.925959094565024
404,100,1300,9.462322208025626,4.40779893499871
404,100,1080,180,1.2987012987012987
404,100,836,326.30993247402023,5.768882040742382
404,100,792,9.462322208025626,4.028319556488888
404,100,1029,45,0.9686394262829419
404,100,940,351.86989764584405,5.276916277511549
404,100,900,323.13010235415595,3.4013605442176873
404,100,1176,0,2.898550724637681
404,100,1058,341.565051177078,2.0668481439009017
404,100,1058,338.1985905136482,3.9307772314850395
404,100,1080,0,4.225352112676056
404,100,1056,0,3.0303030303030303
404,100,1080,351.86989764584405,5.0870991452269605
404,100,1056,345.96375653207355,2.576941016011038
404,100,544,323.13010235415595,3.546099290780142
404,100,972,7.125016348901795,5.484529080475204
404,100,735,315,2.77296776935901
404,100,578,333.434948822922,1.774657124999833
404,100,560,14.036243467926454,2.8832906472850772
404,100,490,326.30993247402023,2.4198330707812006
404,100,455,341.565051177078,2.2269560987101262
404,100,468,0,3.4965034965034967
404,100,240,11.30993247402023,3.5409857733283228
404,100,1248,55.007979801441365,8.476774733148403
404,100,902,270,2.8368794326241136
404,100,576,288.434948822922,4.4539121974202525
404,100,420,0,4.316546762589928
404,100,1258,149.0362434679265,3.966633942071633
404,100,595,9.462322208025626,8.945239015144441
404,100,663,341.565051177078,4.3617622898874195
404,100,688,45,3.8221988172245815
404,100,688,14.036243467926454,3.0541523152723413
404,100,630,320.1944289077348,5.461713060074583
404,100,602,26.565051177077976,4.502150290268033
404,100,616,21.801409486351815,3.9022933385032634
404,100,658,344.05460409907715,5.055631867555915
404,100,686,21.801409486351815,3.7658495154786737
404,100,666,11.30993247402023,3.565747911603346
404,100,798,0,2.684563758389262
404,100,966,330.94539590092285,6.729170026788889
404,100,874,327.9946167919165,6.787036785652233
404,100,836,33.69006752597977,2.5571285641588575
404,100,224,18.434948822922024,4.422765958277454
404,100,330,9.462322208025626,4.5057500224431255
404,100,608,20.55604521958344,11.949655587856686
404,100,817,209.7448812969422,5.884859670290911
404,100,779,215.53767779197437,6.188723213699731
404,100,722,45,2.0203050891044216
404,100,700,153.43494882292202,1.5421158465515792
404,100,1176,116.56505117707798,3.240678228260565
404,100,2668,147.52880770915152,8.46649663013331
404,100,2806,206.56505117707798,3.577708763999664
404,100,2754,78.69006752597977,3.6949416765165104
404,100,2256,53.13010235415595,3.2679738562091507
404,100,1932,45,2.064545346530066
404,100,1840,206.56505117707798,4.724087276408007
404,100,1716,206.56505117707798,3.3879817840905906
404,100,1960,206.56505117707798,6.434727992805151
404,100,2150,0,1.875
404,100,1886,225,8.636418701515085
404,100,2793,45,1.9918500878494296
404,100,2397,45,0.9959250439247148
404,100,2491,216.86989764584402,7.518796992481203
404,100,2444,213.69006752597977,4.973174173053778
404,100,2250,229.3987053549955,6.105658580988667
404,100,2021,201.80140948635182,4.142434467026542
404,100,1978,217.87498365109818,7.262263854134636
404,100,1978,225,3.052259487136176
404,100,135,345.96375653207355,2.576941016011038
404,100,1134,240.94539590092285,15.718519299216796
404,100,960,80.53767779197437,8.567271169434111
404,100,288,201.80140948635182,3.792369582489087
404,100,363,0,5.714285714285714
404,100,444,0,1.3793103448275863
404,100,455,352.8749836510982,5.8422157596366295
404,100,462,333.434948822922,1.4519921931816817
404,100,720,39.80557109226521,6.2481997407253225
404,100,950,348.69006752597977,3.376834114962109
404,100,1325,90,1.36986301369863
404,100,1288,0,5.223880597014925
404,100,1155,348.69006752597977,3.4687207575461123
404,100,1378,315,1.024792436502243
404,100,1416,7.125016348901795,5.269449508691862
404,100,1281,14.036243467926454,3.0095661500858837
404,100,1512,333.434948822922,3.1493915176053378
404,100,1612,326.30993247402023,2.7314782389878705
404,100,1488,350.5376777919744,4.376088151293683
404,100,1342,0,3.125
404,100,1200,333.434948822922,5.120766360686542
404,20,473,69.44395478041656,6.016904045998261
404,20,240,180,4.72972972972973
404,20,224,180,5
404,20,208,180,3.597122302158273
404,20,208,351.86989764584405,4.621612948931683
404,20,208,345.96375653207355,3.147408874517298
404,100,2088,135,3.030457633656632
404,100,2394,213.69006752597977,2.539120616523936
404,100,2028,116.56505117707798,1.7069221202288474
404,100,1900,180,0.6944444444444444
404,100,1755,153.43494882292202,1.49071198499986
404,100,1640,180,0.7352941176470588
404,100,1406,135,1.0475656017578483
404,100,1292,153.43494882292202,1.5007167634226777
404,100,1326,180,0.7092198581560284
404,100,1326,180,1.3986013986013985
404,100,1140,225,1.0029883421085781
404,100,1064,194.03624346792648,3.0541523152723413
404,100,1066,140.19442890773485,5.24177830597762
404,100,936,251.56505117707798,4.273348189416729
404,100,912,270,1.4814814814814816
404,100,912,119.74488129694225,5.522094348149691
404,100,874,99.46232220802563,4.344830378784442
404,100,416,208.07248693585294,12.056737588652481
404,100,620,161.56505117707798,2.1366740947083644
404,100,620,191.3099324740202,3.6949416765165104
404,100,580,225,0.9820927516479828
404,100,616,168.69006752597977,3.5409857733283228
404,100,588,153.43494882292202,3.0014335268453554
404,100,494,123.69006752597977,2.5939217809093447
404,100,513,201.80140948635182,4.07967030843523
404,100,494,206.56505117707798,1.510856741553912
404,100,450,153.43494882292202,1.6086819982012877
404,100,432,198.43494882292202,2.2427501135945955
404,100,432,158.19859051364824,1.8763640442977365
404,100,432,180,2.158273381294964
404,100,864,180,3.3783783783783785
404,100,624,146.30993247402023,5.187843561818689
404,100,640,201.80140948635182,3.8192658206627685
404,100,680,210.96375653207352,4.0775887376540565
404,100,648,119.74488129694225,5.598790102985104
404,100,555,203.19859051364818,5.47897345745605
404,100,1875,14.743562836470744,13.835832890414437
404,100,1872,13.240519915187178,12.655253040994912
404,100,2262,17.744671625056924,17.383317547558526
404,100,2160,15.945395900922847,10.47497825795758
404,100,2030,14.036243467926454,14.620941934814399
404,100,496,164.0546040990771,5.275441948753999
404,100,448,161.56505117707798,2.1659436028550543
404,100,420,180,3.7593984962406015
404,100,390,153.43494882292202,3.021713483107824
404,100,429,206.56505117707798,3.4138442404576947
404,100,363,180,2.0689655172413794
404,100,416,161.56505117707798,4.550039798803423
404,100,384,161.56505117707798,2.1808811449437098
404,100,341,237.99461679191648,6.2476696238785445
404,100,360,128.65980825409008,4.850851695024885
404,100,384,156.80140948635176,5.111257118029469
404,20,300,180,4.10958904109589
404,20,336,153.43494882292202,4.826045994603863
404,20,300,206.56505117707798,1.552824984374854
404,20,275,243.43494882292202,1.5211346785712856
404,100,230,140.19442890773485,5.785370130301225
404,100,288,225,1.032272673265033
404,100,279,150.2551187030578,5.637942481327657
404,100,310,194.03624346792648,3.0095661500858837
404,100,270,206.56505117707798,1.5636839003495033
404,100,270,159.44395478041656,5.696002496878354
404,100,270,225,3.2888687497048723
404,100,279,158.19859051364824,3.66337741981939
404,100,252,165.9637565320735,2.86326779556782
404,100,279,145.00797980144137,7.875197171441098
404,100,210,150.2551187030578,6.449806198638839
404,20,144,18.434948822922024,6.63414893741618
404,20,1504,11.888658039627956,15.169131124177811
404,20,1204,352.8749836510982,10.40291322361103
404,20,1066,39.80557109226521,11.657089068517394
404,20,1175,153.43494882292202,2.9421947072365655
404,20,80,318.81407483429035,2.530987098270155
404,20,840,12.094757077012105,10.154483023600251
404,20,1218,30.963756532073546,12.494896917525642
404,20,182,11.30993247402023,7.72578714180725
404,20,168,5.194428907734789,7.7240286833477345
404,20,1260,357.6140559696112,18.197594165855023
404,20,1080,13.240519915187178,8.104059952006022
404,20,637,53.13010235415595,18.75
404,20,588,323.13010235415595,7.751937984496124
404,20,992,12.994616791916485,9.529760045804526
404,20,1116,10.304846468766016,8.281733249999222
404,20,228,225,3.5355339059327378
404,20,126,11.30993247402023,22.010156173781805
404,20,2744,12.264773727892418,17.43496636435529
404,20,2350,14.036243467926454,11.296179796212769
404,20,1452,26.565051177077976,4.594660227739293
404,20,760,143.13010235415595,3.7037037037037033
404,20,1595,9.462322208025626,13.720516985635081
404,20,2210,9.462322208025626,8.164781919863382
404,20,1500,14.036243467926454,16.944269694319154
404,20,1300,0,22.55639097744361
404,20,1250,12.528807709151522,6.447233886218802
404,100,1537,327.9946167919165,6.787036785652233
404,100,1512,45,5.0870991452269605
404,100,2695,26.565051177077976,1.552824984374854
404,100,2596,30.963756532073546,3.8615575462551663
404,100,2745,35.537677791974374,3.0289877700854317
404,100,2695,41.987212495816664,9.40812870424735
404,100,2584,270,2.1739130434782608
404,100,2618,281.30993247402023,3.6949416765165104
404,100,2640,33.69006752597977,2.46955566812602
404,100,2640,225,0.9820927516479828
404,100,2542,56.30993247402023,2.5753937681885635
404,100,2511,270,0.6451612903225806
404,100,2511,180,0.7874015748031495
404,100,2407,26.565051177077976,1.5315534092464314
404,100,2352,116.56505117707798,1.5746957588026689
404,100,2295,45,1.0029883421085781
404,100,2210,0,0.6802721088435374
404,100,2268,206.56505117707798,1.6203391141302825
404,100,2408,0,0.684931506849315
404,100,2184,225,2.1591046753787713
404,100,2150,90,0.6944444444444444
404,100,2408,303.69006752597977,5.114257128317715
404,100,2262,135,3.7216146378239348
404,100,2380,291.8014094863518,3.9022933385032634
404,100,2436,180,0.6756756756756757
404,100,2214,135,6.104518974272352
404,100,2050,9.462322208025626,4.40779893499871
404,100,1944,180,0.7246376811594203
404,100,2214,239.03624346792648,3.93983236138196
404,100,2025,26.565051177077976,6.084538714285142
404,100,1944,225,4.285495643554834
404,100,1920,108.43494882292202,2.1081851067789197
404,100,2028,80.53767779197437,4.472619507572221
404,100,2028,161.56505117707798,2.3424278964210217
404,100,2079,0,0.6993006993006993
404,100,1924,225,1.87313054618953
404,100,1872,198.43494882292202,4.4539121974202525
404,100,1800,206.56505117707798,1.5315534092464314
404,100,1728,225,1.0795523376893856
404,100,1728,225,2.049584873004486
404,100,2356,225,2.987775131774144
404,100,2668,153.43494882292202,7.929319069148192
404,100,2604,333.434948822922,3.1273678006990067
404,100,2294,33.69006752597977,2.503855052405548
404,100,1512,0,7.2992700729927
404,100,1260,191.3099324740202,3.5908588123892846
404,100,1568,159.44395478041656,5.892416376081055
404,100,1113,225,1.024792436502243
404,100,1100,153.43494882292202,1.4614823382351567
404,100,912,153.43494882292202,5.081972676135886
404,100,900,225,1.9641855032959656
404,100,817,135,1.0398629135096287
404,100,988,135,0.9686394262829419
404,100,756,161.56505117707798,4.684855792842043
404,100,672,180,1.3071895424836601
404,100,630,198.43494882292202,2.1808811449437098
404,20,357,36.86989764584405,3.225806451612903
404,20,195,45,3.340661958361642
404,20,135,146.30993247402023,2.436183294232425
404,20,126,180,2.1739130434782608
404,100,170,9.462322208025626,4.40779893499871
404,100,285,30.963756532073546,3.966633942071633
404,20,35,168.69006752597977,3.4924791188991673
404,20,28,165.9637565320735,3.147408874517298
404,20,40,171.86989764584405,4.979625219623574
404,20,28,161.56505117707798,2.0668481439009017
404,100,80,194.03624346792648,2.92418838696288
404,100,60,165.9637565320735,3.0541523152723413
404,20,36,213.69006752597977,2.5571285641588575
404,20,36,251.56505117707798,2.211382979138727
404,20,81,251.56505117707798,2.196026152894708
404,20,90,255.9637565320735,3.0095661500858837
404,20,120,270,1.4084507042253522
404,20,143,180,1.3793103448275863
404,20,45,201.80140948635182,4.018779706816794
404,20,56,178.02506598911805,19.216712753042263
404,20,377,156.80140948635176,5.813567256384663
404,20,348,153.43494882292202,3.1493915176053378
404,20,351,194.03624346792648,2.8048337589235786
404,20,351,161.56505117707798,2.2750198994017117
404,20,338,158.19859051364824,3.6386248696854757
404,20,375,168.69006752597977,3.4924791188991673
404,20,312,201.80140948635182,4.142434467026542
404,20,312,153.43494882292202,4.79157423749955
404,20,276,165.9637565320735,2.8240449490531923
404,20,264,158.19859051364824,3.84654629081036
404,100,252,198.43494882292202,2.2587697572631282
404,20,198,164.0546040990771,4.727344083948388
404,20,170,146.30993247402023,2.861548631320626
404,20,160,191.3099324740202,3.565747911603346
404,20,135,150.2551187030578,5.304116939670099
404,20,117,161.56505117707798,2.2587697572631282
404,20,99,158.19859051364824,3.8742192857082762
404,20,77,165.9637565320735,2.9035955109983522
404,100,294,180,1.4285714285714286
404,20,247,236.3099324740202,4.682534123979207
404,20,234,128.65980825409008,5.081844632883213
404,20,209,135,4.944802665640193
404,20,252,206.56505117707798,4.4132920608548485
404,20,198,180,3.571428571428571
404,20,198,180,2.877697841726619
404,20,136,220.2363583092738,22.85823673278712
404,20,119,234.46232220802563,5.734883511361751
404,20,144,206.56505117707798,6.775963568181181
404,20,126,216.86989764584402,3.4482758620689653
404,20,150,234.46232220802563,6.10093990570399
404,20,140,231.3401917459099,4.509242420727358
404,20,187,216.86989764584402,3.64963503649635
404,20,696,15.524110996754246,12.883821856737521
404,20,598,12.094757077012105,10.30059069300457
404,20,420,23.629377730656813,12.747627150783197
404,20,187,15.255118703057747,8.086350532617999
404,20,170,53.13010235415595,3.4013605442176873
404,20,1040,18.434948822922024,8.907824394840505
404,20,925,19.653824058053317,10.112971936951364
404,20,952,12.094757077012105,10.012462282011436
404,20,775,18.434948822922024,4.485500227189191
404,20,672,21.250505507133255,13.228224599882168
404,20,550,0,5.223880597014925
404,20,462,14.931417178137565,10.780676872402795
404,20,400,16.38954033403479,12.220720790806448
404,20,320,48.57633437499737,16.548589852196546
404,20,154,140.19442890773485,5.386379086832175
404,20,320,90,0.7299270072992701
404,20,144,175.6012946450045,9.05444778500368
404,20,510,315,1.950639396376683
404,20,392,278.13010235415595,4.745683095211729
404,20,351,90,2.9850746268656714
404,20,300,63.434948822922024,1.5858638138296381
404,20,738,315,3.8482001697227077
404,20,792,8.130102354155952,4.843197131414709
404,100,714,0,10
404,100,675,8.130102354155952,4.745683095211729
404,100,598,4.7636416907261605,8.789485094008976
404,100,616,7.125016348901795,5.598790102985104
404,100,533,6.3401917459099195,6.3324371595366555
404,100,494,0,7.194244604316546
404,100,462,0,4.697986577181208
404,100,420,347.4711922908485,6.779076806833005
404,20,550,19.98310652189997,8.072206834979053
404,20,480,11.30993247402023,7.232651792330191
404,20,552,23.198590513648185,5.180798031199938
404,20,506,15.945395900922847,5.200078492343227
404,20,460,15.945395900922847,5.353021977412146
404,20,529,16.699244233993625,7.250212853410104
404,20,598,16.699244233993625,7.404472701355
404,20,504,26.565051177077976,5.807968772726727
404,20,572,7.125016348901795,5.884859670290911
404,20,609,18.434948822922024,6.728250340783785
404,20,546,15.945395900922847,5.23748912897879
404,20,480,30.963756532073546,3.93983236138196
404,20,504,14.036243467926454,2.8048337589235786
404,20,585,18.434948822922024,4.7553047521329015
404,20,810,21.801409486351815,3.84654629081036
404,20,646,18.434948822922024,4.216370213557839
404,20,638,25.7693276243387,23.001774554435165
404,20,238,16.699244233993625,7.352328527401797
404,20,180,0,2.158273381294964
