405,100,2409,30.963756532073546,4.3192236258113335
405,100,2100,45,2.905918278848825
405,100,1890,59.03624346792651,4.2561692663104385
405,100,1725,56.30993247402023,2.46955566812602
405,100,2291,60.2551187030578,6.01661025992429
405,100,3204,45,5.619391638568589
405,100,2291,90,0.7462686567164178
405,100,2772,38.65980825409008,4.708179586347683
405,100,4928,64.79887635452491,12.12148014713286
405,100,510,45,3.367175148507369
405,100,544,36.86989764584405,3.2679738562091507
405,100,544,45,5.199314567548144
405,100,544,56.30993247402023,2.503855052405548
405,100,560,26.565051177077976,3.021713483107824
405,100,576,56.30993247402023,2.403700850309326
405,100,576,45,3.0743773095067284
405,100,540,45,2.064545346530066
405,100,560,45,2.702318908993175
405,100,528,33.69006752597977,2.436183294232425
405,100,612,33.69006752597977,2.7950009887317746
405,100,544,26.565051177077976,1.6321664069341533
405,100,496,33.69006752597977,2.452755969703394
405,100,1000,296.565051177078,6.625386599999378
405,20,1342,341.565051177078,2.489982409581401
405,20,1407,303.69006752597977,2.1720188406409573
405,20,1452,323.13010235415595,4.166666666666666
405,100,1633,291.8014094863518,3.9022933385032634
405,100,1760,310.6012946450045,6.358306522270957
405,100,1520,296.565051177078,1.5858638138296381
405,100,429,339.44395478041656,6.2823556950864194
405,100,416,0,2.7777777777777777
405,100,434,351.86989764584405,4.777748521530727
405,100,434,0,2.666666666666667
405,100,416,352.8749836510982,5.8422157596366295
405,100,462,341.565051177078,4.6164637374720865
405,100,442,9.462322208025626,3.874371038406509
405,100,429,344.05460409907715,4.918993168432782
405,100,468,348.69006752597977,3.9527283051106856
405,100,1914,18.434948822922024,9.232927474944173
405,100,1300,270,2.7210884353741496
405,100,874,330.25511870305775,5.410911240468825
405,100,714,324.4623222080256,6.4679137346185165
405,100,640,353.6598082540901,5.996943800091005
405,100,828,36.86989764584405,7.4074074074074066
405,100,690,21.801409486351815,3.4968602643730544
405,100,885,276.3401917459099,12.40463717553071
405,100,990,326.30993247402023,5.263578504326992
405,100,770,38.65980825409008,4.385701532488253
405,100,1804,303.69006752597977,13.453549535313392
405,100,812,81.25383773744477,8.710560554944308
405,100,481,63.434948822922024,6.674829783581463
405,100,720,65.55604521958344,8.884592627643068
405,100,574,270,5.806451612903226
405,100,468,344.74488129694225,8.508771829098045
405,100,507,90,0.6802721088435374
405,100,2210,59.03624346792651,12.675982380098477
405,100,3392,241.3895403340348,8.762212647651516
405,100,3570,265.6012946450045,9.117765601682027
405,100,3723,231.3401917459099,4.4777092569460475
405,100,3692,180,0.7042253521126761
405,100,3300,214.69515353123398,10.98013076447354
405,100,3312,206.56505117707798,4.724087276408007
405,100,4144,210.96375653207352,4.287464628562721
405,100,308,26.565051177077976,3.3374148917907314
405,20,247,164.0546040990771,10.550883897507997
405,20,234,172.8749836510982,6.348234447479173
405,20,252,170.53767779197437,4.109974682633933
405,20,450,188.13010235415598,4.652018297279918
405,20,777,153.43494882292202,3.0842316931031584
405,20,704,36.86989764584405,3.937007874015748
405,20,667,333.434948822922,1.347028902108307
405,20,891,243.43494882292202,1.863389981249825
405,20,918,341.565051177078,2.2915055508466518
405,20,858,338.1985905136482,3.7139067635410368
405,20,816,345.96375653207355,2.92418838696288
405,20,792,333.434948822922,3.1943828249996997
405,20,684,348.69006752597977,3.2069305116935753
405,100,484,20.55604521958344,6.946344508388236
405,100,473,82.8749836510982,5.269449508691862
405,100,473,45,6.82723788731839
405,100,918,121.60750224624894,11.925263689432615
405,100,1242,165.9637565320735,2.5609351711910935
405,100,1026,180,4.964539007092199
405,100,918,171.86989764584405,5.439282932204212
405,100,1088,129.8055710922652,5.138322155201746
405,100,2112,246.80140948635182,5.683412765570081
405,100,2322,146.30993247402023,2.486587086526889
405,100,2214,194.03624346792648,3.0769444967295976
405,100,2024,212.00538320808352,6.331530961111814
405,100,2208,171.86989764584405,5.050762722761054
405,100,2700,206.56505117707798,1.6203391141302825
405,100,2828,180,2.7210884353741496
405,100,2652,153.43494882292202,3.3625082368417893
405,100,3604,270,2.097902097902098
405,100,171,345.96375653207355,5.7665812945701544
405,100,162,345.96375653207355,2.767184983636014
405,100,128,0,5.633802816901409
405,100,120,0,1.4814814814814816
405,100,98,26.565051177077976,1.552824984374854
405,100,91,336.8014094863518,5.439837932759935
405,100,78,9.462322208025626,4.253680091117635
405,100,80,198.43494882292202,2.1808811449437098
405,100,44,349.695153531234,5.978791383689278
405,100,42,348.69006752597977,3.6163258961650957
405,20,108,171.25383773744477,9.88943341200444
405,20,99,167.47119229084842,6.447233886218802
405,20,99,185.71059313749964,6.9309487042213025
405,20,99,180,2
405,20,99,161.56505117707798,2.4513780311382787
405,20,99,180,8.571428571428571
405,20,99,180,1.3333333333333335
405,20,312,218.65980825409008,9.486109981381997
405,20,372,216.86989764584402,3.225806451612903
405,20,150,131.6335393365702,9.262765060609459
405,20,456,126.0273733851036,9.578500358264396
405,20,150,239.03624346792648,8.042692268752138
405,20,110,135,3.2141217326661247
405,20,110,180,3.2467532467532463
405,20,90,180,4.285714285714286
405,100,880,171.86989764584405,5.014941710542891
405,100,880,158.19859051364824,3.7139067635410368
405,100,798,143.13010235415595,3.731343283582089
405,100,738,195.94539590092288,5.275441948753999
405,100,738,191.3099324740202,3.2896900087695387
405,100,738,135,3.2141217326661247
405,100,738,165.9637565320735,2.8832906472850772
405,100,697,156.80140948635176,5.32571545864609
405,100,819,185.71059313749964,7.027885049734888
405,100,722,175.91438322002512,9.884273836350845
405,100,550,303.69006752597977,2.2965294748178273
405,100,528,315,1.0713739108887086
405,100,552,180,0.7936507936507936
405,100,598,303.69006752597977,2.436183294232425
405,100,576,315,0.9491366190423458
405,100,576,333.434948822922,1.6203391141302825
405,100,550,296.565051177078,1.5858638138296381
405,100,550,296.565051177078,1.5421158465515792
405,100,528,315,2.1107665110046194
405,100,575,315,1.024792436502243
405,100,676,296.565051177078,1.4426245016127677
405,100,648,225,2.142747821777417
405,100,621,0,1.3986013986013985
405,100,572,315,1.977921066256077
405,100,520,146.30993247402023,2.6511406437235214
405,100,507,146.30993247402023,2.2965294748178273
405,100,546,161.56505117707798,2.4705294220065466
405,100,1632,201.80140948635182,6.689645723148452
405,100,2324,209.7448812969422,5.717913296665637
405,100,2520,191.3099324740202,3.92232270276368
405,100,3432,270,1.3157894736842104
405,100,2822,164.0546040990771,5.4329178278212815
405,100,2890,189.4623222080256,4.1950086415849785
405,100,170,338.1985905136482,4.142434467026542
405,100,216,326.30993247402023,2.372073207542098
405,100,385,21.801409486351815,3.84654629081036
405,100,310,90,2.898550724637681
405,100,1027,73.30075576600638,14.204498651578982
405,100,1482,29.744881296942253,6.061847931051541
405,100,1368,63.434948822922024,3.1273678006990067
405,100,1500,347.4711922908485,6.358306522270957
405,20,288,191.3099324740202,3.565747911603346
405,20,289,159.44395478041656,6.23649908417338
405,20,272,168.69006752597977,3.376834114962109
405,20,306,180,2.941176470588235
405,20,256,164.0546040990771,5.126837950197547
405,20,289,165.9637565320735,2.9662630400127057
405,20,306,191.3099324740202,3.5165651817881276
405,20,528,206.56505117707798,1.6687074458953657
405,20,380,161.56505117707798,4.422765958277454
405,20,361,149.0362434679265,4.194929420752016
405,20,342,135,1.9372788525658837
405,20,340,180,3.64963503649635
405,20,340,165.9637565320735,2.9035955109983522
405,20,340,180,2.684563758389262
405,20,340,153.43494882292202,3.1717276276592763
405,20,304,153.43494882292202,3.312693299999689
405,20,304,180,2.0689655172413794
405,20,323,161.56505117707798,2.196026152894708
405,20,357,165.9637565320735,2.9877576997229425
405,20,342,167.47119229084842,6.229421930603302
405,20,342,165.9637565320735,3.031695312954162
405,100,814,338.1985905136482,3.688469045982537
405,100,840,323.13010235415595,3.731343283582089
405,100,1488,93.17983011986428,12.969608904546723
405,100,1364,122.47119229084848,9.117765601682027
405,100,1080,74.35775354279127,18.950007278463023
405,20,306,170.53767779197437,4.166275705683712
405,20,210,243.43494882292202,1.7069221202288474
405,20,168,236.3099324740202,2.46955566812602
405,20,285,180,3.3557046979865772
405,20,285,225,2.064545346530066
405,20,270,225,2.702318908993175
405,20,520,260.5376777919744,4.539375022610612
405,20,399,135,2.0348396580907844
405,20,630,260.5376777919744,4.253680091117635
405,20,1131,161.56505117707798,2.1223340001130064
405,20,1131,206.56505117707798,1.6939908920452953
405,20,1080,146.30993247402023,2.503855052405548
405,20,1176,168.69006752597977,3.2896900087695387
405,20,1161,180,2.272727272727273
405,20,1066,153.43494882292202,1.5858638138296381
405,20,1025,146.30993247402023,2.539120616523936
405,20,1000,135,1.950639396376683
405,20,1312,146.30993247402023,2.503855052405548
405,20,1118,270,0.7142857142857143
405,20,1064,143.13010235415595,3.5211267605633805
405,20,999,180,0.7194244604316548
405,20,896,135,2.0348396580907844
405,20,672,153.43494882292202,1.6321664069341533
405,20,529,153.43494882292202,3.0014335268453554
405,20,575,153.43494882292202,1.6086819982012877
405,20,418,165.9637565320735,2.9662630400127057
405,20,374,161.56505117707798,2.1512092926315507
405,20,2133,135,5.123962182511215
405,20,2002,161.56505117707798,6.410022284125093
405,100,1950,165.9637565320735,3.031695312954162
405,100,1850,170.53767779197437,4.376088151293683
405,100,1728,143.13010235415595,3.2679738562091507
405,100,1680,194.03624346792648,3.19620591133152
405,100,1564,168.69006752597977,3.5908588123892846
405,100,1518,149.0362434679265,3.8873012632302006
405,100,1518,165.9637565320735,2.8832906472850772
405,100,1495,194.03624346792648,3.031695312954162
405,100,1386,161.56505117707798,4.188447232011098
405,100,1342,180,2.2058823529411766
405,100,1298,153.43494882292202,3.1717276276592763
405,100,1276,158.19859051364824,3.8192658206627685
405,20,30,149.0362434679265,4.485347611419463
405,20,20,135,0.9959250439247148
405,20,260,225,1.950639396376683
405,20,864,310.6012946450045,6.984503376737036
405,20,336,45,2.7549614851423927
405,20,352,344.05460409907715,5.200078492343227
405,20,396,0,3.4246575342465753
405,100,1845,198.43494882292202,4.216370213557839
405,100,1292,156.80140948635176,5.32571545864609
405,100,1190,168.69006752597977,3.7492790541123413
405,100,961,149.0362434679265,3.8615575462551663
405,100,783,171.86989764584405,5.199314567548144
405,100,588,170.53767779197437,4.314015978934908
405,100,486,158.19859051364824,3.8192658206627685
405,100,486,170.53767779197437,4.166275705683712
405,100,378,153.43494882292202,3.240678228260565
405,100,405,153.43494882292202,3.042269357142571
405,20,312,180,2.158273381294964
405,20,264,170.53767779197437,4.314015978934908
405,20,286,161.56505117707798,2.1223340001130064
405,20,253,146.30993247402023,2.7314782389878705
405,20,242,180,3.4722222222222223
405,20,300,146.30993247402023,2.3261621132025736
405,20,338,180,2.272727272727273
405,100,375,161.56505117707798,2.2427501135945955
405,100,350,194.03624346792648,2.9035955109983522
405,100,308,165.9637565320735,2.8435211211156277
405,100,322,146.30993247402023,2.503855052405548
405,100,299,161.56505117707798,2.2587697572631282
405,20,759,156.80140948635176,5.599833166076404
405,20,714,171.86989764584405,4.9104637582399135
405,20,640,180,2.2556390977443606
405,20,700,171.86989764584405,4.714045207910317
405,20,608,135,7.6964003394454155
405,20,612,203.19859051364818,5.903700082065046
405,20,576,180,4.697986577181208
405,20,576,171.86989764584405,4.876598490941707
405,20,576,225,1.0633184679496956
405,20,558,158.19859051364824,3.84654629081036
405,20,651,168.69006752597977,6.70923620209577
405,20,532,200.55604521958347,6.328891663198171
405,20,468,161.56505117707798,4.392052305789416
405,20,432,168.69006752597977,3.4452834551302596
405,20,396,167.47119229084842,6.880257057681259
405,20,170,206.56505117707798,6.2987830352106755
405,20,135,165.9637565320735,2.9662630400127057
405,20,270,111.80140948635182,7.7484385714165525
405,20,198,231.3401917459099,4.67381331199478
405,20,84,214.99202019855866,8.781694687578202
405,20,120,153.43494882292202,3.042269357142571
405,20,100,161.56505117707798,2.2269560987101262
405,20,99,161.56505117707798,4.392052305789416
405,20,90,161.56505117707798,2.3252041618885144
405,20,108,161.56505117707798,2.196026152894708
405,20,108,63.434948822922024,1.6812541184208947
405,20,96,206.56505117707798,1.49071198499986
405,20,88,141.34019174590992,4.3558668281856106
405,20,96,180,3.875968992248062
405,20,96,180,2.013422818791946
405,20,88,135,1.950639396376683
405,20,88,90,1.5037593984962405
405,100,209,116.56505117707798,1.6441676305145512
405,100,220,135,2.8096958192842947
405,100,200,104.03624346792651,3.031695312954162
405,100,220,135,2.0059766842171562
405,100,190,126.86989764584405,3.546099290780142
405,100,190,116.56505117707798,3.0631068184928627
405,100,200,153.43494882292202,1.6203391141302825
405,100,180,135,1.9241000848613539
405,100,171,126.86989764584405,3.597122302158273
405,100,180,146.30993247402023,2.5571285641588575
405,100,180,116.56505117707798,1.5007167634226777
405,100,299,135,2.049584873004486
405,100,252,90,1.935483870967742
405,100,240,135,2.142747821777417
405,100,240,108.43494882292202,2.2427501135945955
405,100,240,116.56505117707798,3.0842316931031584
405,100,1080,258.69006752597977,11.247837162337026
405,100,468,180,3.597122302158273
405,100,504,165.9637565320735,2.9662630400127057
405,100,518,180,3.64963503649635
405,100,504,172.8749836510982,5.410911240468825
405,100,490,153.43494882292202,3.2173639964025753
405,100,490,194.03624346792648,2.9662630400127057
405,100,468,170.53767779197437,4.137933694080422
405,20,105,157.61986494804046,13.618352822852026
405,20,144,161.56505117707798,2.196026152894708
405,20,247,146.30993247402023,2.436183294232425
405,20,176,194.03624346792648,3.0769444967295976
405,20,272,90,2.083333333333333
405,20,270,170.53767779197437,4.1950086415849785
405,20,234,168.69006752597977,3.7219120537173613
405,20,270,135,0.9959250439247148
405,20,252,210.96375653207352,3.9133905334532217
405,20,221,153.43494882292202,3.3374148917907314
405,20,204,116.56505117707798,3.0842316931031584
405,20,408,144.46232220802563,5.973836991001824
405,20,420,147.99461679191648,6.506193884176968
405,20,378,138.81407483429035,7.703004212126557
405,20,378,153.43494882292202,4.79157423749955
405,20,396,147.99461679191648,6.3743115757139215
405,20,378,150.2551187030578,5.374838498865699
405,20,5202,186.3401917459099,19.131095362262148
405,20,3900,45,4.532735776836843
405,20,4437,18.434948822922024,8.108404256841999
405,100,1302,196.92751306414704,17.050801815845826
405,20,5187,200.32313682966296,20.420113544521943
405,100,4410,190.0079798014413,12.2430329798809
405,100,4410,196.26020470831193,18.38235294117647
405,100,1224,33.69006752597977,2.6511406437235214
405,20,1292,198.43494882292202,11.056914895693634
405,20,1551,199.98310652189997,16.84129483556781
405,20,1681,201.03751102542182,20.04084644199154
405,20,741,200.55604521958347,12.293530568802202
405,20,285,234.78240703180728,14.450452810197786
405,20,874,225,0.9753196981883415
405,20,728,180,6.521739130434782
405,20,500,249.4439547804165,5.892416376081055
405,20,1161,148.39249775375112,10.903098230338392
405,20,825,243.43494882292202,5.9233588807941455
405,20,1260,194.03624346792648,18.88445324710379
405,20,1156,202.47943439710312,21.205884900642182
405,20,945,186.70983680775691,11.804995012843925
405,20,950,188.5307656099481,14.242076349406116
405,20,580,188.5307656099481,14.44553458296906
405,20,1536,185.19442890773482,7.08035962640209
405,20,256,9.462322208025626,4.715319790928852
405,100,372,326.30993247402023,4.807401700618652
405,100,416,14.036243467926454,2.9035955109983522
405,100,429,15.945395900922847,5.313948824292349
405,100,481,338.1985905136482,3.792369582489087
405,100,432,341.565051177078,4.6164637374720865
405,100,481,9.462322208025626,4.376088151293683
405,100,455,344.05460409907715,4.853406592853679
405,100,408,0,1.5267175572519083
405,100,455,350.5376777919744,4.1950086415849785
405,100,504,26.565051177077976,4.626347539654738
405,100,468,333.434948822922,3.1493915176053378
405,100,468,341.565051177078,4.3318872057101085
405,100,560,9.462322208025626,4.314015978934908
405,100,624,344.05460409907715,5.392673992059643
405,100,546,0,4.081632653061225
405,100,72,348.69006752597977,3.668359362296967
405,20,156,352.8749836510982,5.928130697278345
405,20,126,345.96375653207355,2.6430164266779874
405,20,80,345.96375653207355,3.246539862691071
405,20,64,326.30993247402023,2.387782301631781
405,20,576,64.79887635452491,14.021115095564133
405,20,81,282.5288077091515,13.077368024528917
405,20,56,14.036243467926454,2.9035955109983522
405,20,99,351.86989764584405,5.161363366325165
405,20,72,345.96375653207355,2.86326779556782
405,20,64,8.130102354155952,4.8102502121533846
405,100,190,21.801409486351815,3.8192658206627685
405,100,136,26.565051177077976,1.5636839003495033
405,100,128,336.8014094863518,5.010377043331519
405,100,170,0,2.34375
405,100,128,344.05460409907715,5.200078492343227
405,100,105,18.434948822922024,2.0401791355925027
405,20,84,0,3.787878787878788
405,100,225,38.65980825409008,4.606564199591977
405,100,238,153.43494882292202,1.5636839003495033
405,100,264,74.74488129694225,8.202700899993797
405,100,168,296.565051177078,3.1943828249996997
405,100,160,345.96375653207355,2.9662630400127057
405,100,152,40.60129464500449,3.280976675193198
405,100,225,0,5.0359712230215825
405,100,192,0,0.6896551724137931
405,100,544,3.366460663429791,12.251357097788778
405,100,420,315,2.737187540076958
405,100,450,333.434948822922,7.2131225080638375
405,100,612,327.9946167919165,6.597189602836785
405,100,435,29.744881296942253,5.598790102985104
405,100,434,321.3401917459099,4.385701532488253
405,100,1342,50.19442890773479,5.539184167309684
405,100,950,315,6.060915267313264
405,100,765,341.565051177078,4.422765958277454
405,100,738,337.3801350519596,8.783783783783784
405,100,663,333.434948822922,1.7200522903844537
405,100,629,315,0.9959250439247148
405,100,680,351.86989764584405,9.491366190423458
405,100,275,219.80557109226518,5.461713060074583
405,100,297,198.43494882292202,2.3252041618885144
405,100,308,225,2.8666491129184357
405,100,672,241.3895403340348,9.3507194672699
405,100,546,206.56505117707798,1.510856741553912
405,100,372,165.9637565320735,5.497474167490214
405,20,280,225,3.9837001756988593
405,20,132,26.565051177077976,1.5007167634226777
405,20,80,45,1.1048543456039805
405,20,54,63.434948822922024,1.5746957588026689
405,20,72,63.434948822922024,1.4710973536182828
405,20,48,116.56505117707798,1.4426245016127677
405,20,45,116.56505117707798,1.774657124999833
405,20,32,135,2.8666491129184357
405,20,319,353.2901631922431,12.22660197758835
405,20,319,9.462322208025626,8.628031957869815
405,20,319,351.25383773744477,9.133990581920767
405,20,624,350.5376777919744,8.110350040397627
405,100,902,180,3.4246575342465753
405,100,902,161.56505117707798,4.485500227189191
405,100,902,161.56505117707798,4.273348189416729
405,100,989,180,5.109489051094891
405,100,946,170.53767779197437,4.376088151293683
405,100,946,170.53767779197437,4.137933694080422
405,100,1012,206.56505117707798,3.240678228260565
405,100,882,153.43494882292202,6.043426966215648
405,100,882,168.69006752597977,3.3993463423951895
405,100,903,180,4.195804195804196
405,100,861,156.80140948635176,5.903700082065046
405,100,840,135,3.7965464761693832
405,100,840,168.69006752597977,3.4687207575461123
405,100,798,161.56505117707798,4.979964819162802
405,100,798,201.80140948635182,3.5663343093605984
405,100,836,158.19859051364824,3.7396977827322946
405,100,792,153.43494882292202,3.312693299999689
405,20,187,225,3.955842132512154
405,20,216,206.56505117707798,3.2173639964025753
405,20,312,225,3.8221988172245815
405,20,220,206.56505117707798,4.626347539654738
405,20,210,192.52880770915152,6.358306522270957
405,20,224,199.98310652189997,8.670148082014538
405,20,225,195.94539590092288,5.1631985030358285
405,20,700,135,6.688847930143018
405,20,666,186.3401917459099,6.4222589632180265
405,20,592,184.76364169072616,8.60113898485164
405,20,780,206.56505117707798,8.600261451922268
405,20,1944,170.53767779197437,8.945239015144441
405,20,2067,243.43494882292202,1.5746957588026689
405,20,2666,201.80140948635182,3.7396977827322946
405,20,2120,195.25511870305775,7.917884896521792
405,20,1850,194.03624346792648,8.710786532995057
405,20,1728,150.2551187030578,11.600370860861222
405,20,1692,146.30993247402023,11.706335309948017
405,20,3078,11.768288932020653,17.636907441915486
405,20,4661,225,1.0553832555023097
405,20,3876,191.3099324740202,3.565747911603346
405,20,4949,195.52411099675425,12.210157968803532
405,20,5050,195.52411099675425,14.260718849060616
405,20,5049,197.10272896905238,9.252701026350643
405,20,5252,194.74356283647074,13.54957427888862
405,20,5148,198.43494882292202,11.213750567972976
405,20,4888,195.52411099675425,13.537349052369136
405,20,1440,177.13759477388828,14.303560281786275
405,20,697,190.30484646876602,15.315534092464315
405,20,640,193.24051991518718,12.127950830953457
405,20,338,190.4914770123316,19.47451094715742
405,20,288,194.03624346792648,5.8901508937395155
405,20,230,167.00538320808346,9.46217309512506
405,20,4760,194.03624346792648,14.620941934814399
405,20,4930,194.03624346792648,14.120224745265961
405,20,5046,192.2647737278924,16.345280966583083
405,20,5429,194.03624346792648,17.54513032177728
405,100,171,14.036243467926454,3.0769444967295976
405,100,152,348.69006752597977,3.5908588123892846
405,100,200,323.13010235415595,3.3783783783783785
405,100,140,0,3.4965034965034967
405,100,120,326.30993247402023,5.187843561818689
405,100,105,336.8014094863518,5.252257314388903
405,100,105,350.5376777919744,3.97566178450864
405,100,88,0,4.23728813559322
405,100,110,350.5376777919744,3.8992067501911665
405,100,115,350.5376777919744,4.40779893499871
405,100,132,352.8749836510982,6.01661025992429
405,100,126,344.05460409907715,4.986376636493506
405,100,105,350.5376777919744,4.2836355847170555
405,100,806,22.6198649480404,8.609271523178808
405,100,392,26.565051177077976,5.006122337686096
405,100,330,33.69006752597977,2.5753937681885635
405,100,425,345.96375653207355,2.9035955109983522
405,100,375,0,3.64963503649635
405,100,336,284.03624346792645,2.7858821794713924
405,100,336,198.43494882292202,2.3599087016181937
405,100,368,135,4.129090693060132
405,100,384,153.43494882292202,3.021713483107824
405,20,368,161.56505117707798,4.719817403236387
405,20,368,149.0362434679265,4.106304151299508
405,20,368,168.69006752597977,3.4452834551302596
405,100,260,345.96375653207355,2.6773413153361436
405,100,216,18.434948822922024,4.7553047521329015
405,100,275,348.69006752597977,3.4687207575461123
405,100,286,333.434948822922,3.1273678006990067
405,100,630,266.98721249581666,13.121584545131343
405,100,430,291.8014094863518,11.14172029062311
405,100,408,350.5376777919744,4.166275705683712
405,100,330,321.3401917459099,4.887881097276984
405,100,290,45,4.843197131414709
405,100,290,348.69006752597977,3.6163258961650957
405,100,352,11.30993247402023,3.565747911603346
405,100,408,0,4.195804195804196
405,100,408,348.69006752597977,3.8338492583404395
405,100,363,14.036243467926454,2.6261819271450064
405,100,429,348.69006752597977,3.565747911603346
405,100,494,9.462322208025626,4.1950086415849785
405,100,384,326.30993247402023,2.5571285641588575
405,100,494,0,2.797202797202797
405,100,533,329.03624346792645,4.0775887376540565
405,100,470,33.69006752597977,5.042729056592992
405,100,126,270,2.8368794326241136
405,100,120,315,1.9918500878494296
405,100,115,315,3.030457633656632
405,100,84,303.69006752597977,2.372073207542098
405,100,116,26.565051177077976,1.6812541184208947
405,100,125,279.4623222080256,4.0551750201988135
405,100,115,296.565051177078,1.7200522903844537
405,100,112,18.434948822922024,2.053427052057389
405,100,115,277.1250163489018,5.637942481327657
405,100,336,225,1.024792436502243
405,100,690,246.80140948635182,5.180798031199938
405,100,405,351.86989764584405,5.014941710542891
405,100,260,315,2.0951312035156966
405,20,72,194.03624346792648,3.0095661500858837
405,20,80,201.80140948635182,4.018779706816794
405,20,90,153.43494882292202,3.0842316931031584
405,20,72,172.8749836510982,5.522094348149691
405,20,56,168.69006752597977,3.6163258961650957
405,20,70,141.34019174590992,4.297398817069026
405,20,63,165.9637565320735,3.0769444967295976
405,100,551,173.65980825409008,4.1067506295407785
405,100,513,165.9637565320735,6.247129735784334
405,100,513,168.69006752597977,3.7219120537173613
405,100,520,180,3.3557046979865772
405,100,520,180,5.714285714285714
405,20,520,180,2.112676056338028
405,20,500,164.0546040990771,5.126837950197547
405,20,528,165.9637565320735,5.7665812945701544
405,20,552,165.9637565320735,2.9877576997229425
405,20,506,171.86989764584405,4.944802665640193
405,20,504,168.69006752597977,3.4924791188991673
405,20,550,180,2.158273381294964
405,20,440,180,2.877697841726619
405,20,414,153.43494882292202,3.240678228260565
405,20,414,165.9637565320735,2.8435211211156277
405,20,414,170.53767779197437,4.109974682633933
405,100,320,333.434948822922,4.724087276408007
405,100,272,0,4.225352112676056
405,100,256,350.5376777919744,4.253680091117635
405,100,224,39.80557109226521,5.659601214425112
405,100,224,23.198590513648185,5.32571545864609
405,100,217,0,4.794520547945205
405,100,217,350.5376777919744,4.376088151293683
405,100,296,311.18592516570965,7.647586915636438
405,100,174,45,5.123962182511215
405,100,368,38.65980825409008,4.606564199591977
405,100,345,0,1.3793103448275863
405,20,30,155.22485943116806,10.08297257977208
405,20,85,171.86989764584405,5.123962182511215
405,20,85,159.44395478041656,5.892416376081055
405,20,75,147.99461679191648,6.3743115757139215
405,20,230,194.03624346792648,5.72653559113564
405,20,2150,205.6410058243053,19.39220227113573
405,20,1216,201.3706222693432,16.91656032223078
405,20,1656,208.6104596659652,9.14595918696472
405,20,713,185.71059313749964,20.79284611266391
405,20,319,66.80140948635182,20.86513179688742
405,20,1690,196.3895403340348,12.657175104763821
405,20,1600,195.25511870305775,15.835769793043584
405,20,1625,198.43494882292202,11.213750567972976
405,20,2079,188.5307656099481,14.44553458296906
405,20,3102,173.29016319224309,11.644382835798428
405,20,2196,196.92751306414704,16.354850721321508
405,20,2574,197.10272896905238,9.511517838276534
405,20,2030,197.52556837372288,14.334430823864228
405,20,1683,197.3540246362613,11.560727320165663
405,20,1872,196.3895403340348,12.840612425122716
405,20,3818,26.565051177077976,1.5636839003495033
405,20,4848,24.44395478041656,8.449682499017182
405,20,4773,132.27368900609372,10.6950134872795
405,20,3895,135,0.9820927516479828
405,20,3230,231.3401917459099,4.385701532488253
405,20,3634,104.03624346792651,5.8901508937395155
405,20,3552,206.56505117707798,3.1943828249996997
405,20,3105,221.98721249581664,9.40812870424735
405,20,1184,206.56505117707798,13.783980683217884
405,20,870,189.86580694308435,15.827278006683054
405,20,1054,192.9946167919165,20.368952769658524
405,20,2025,206.56505117707798,3.021713483107824
405,20,1896,190.30484646876602,7.657767046232157
405,20,1944,194.03624346792648,6.153888993459195
405,20,2214,191.3099324740202,3.668359362296967
405,20,2241,198.43494882292202,6.324555320336758
405,20,2050,194.03624346792648,6.019132300171767
405,20,1872,203.96248897457818,6.935815353377538
405,20,1776,201.80140948635182,3.8742192857082762
405,20,1518,198.43494882292202,6.680868296130379
405,20,1344,200.55604521958347,6.016904045998261
405,20,1080,251.56505117707798,2.1659436028550543
405,20,1066,189.4623222080256,8.945239015144441
405,20,1394,200.22485943116808,14.463183379511849
405,20,1386,197.3540246362613,11.40343851308858
405,20,1462,198.43494882292202,11.799543508090968
405,20,1716,190.61965527615513,10.999203105472773
405,20,2438,188.97262661489637,13.357905598382876
405,20,546,191.88865803962798,10.346263502103517
405,20,500,213.69006752597977,5.042729056592992
405,20,480,198.43494882292202,6.63414893741618
405,20,576,189.4623222080256,8.567271169434111
405,20,456,194.03624346792648,5.7665812945701544
405,20,456,180,4.3478260869565215
405,20,552,195.94539590092288,5.275441948753999
405,20,648,168.69006752597977,3.4221607473777076
405,20,667,206.56505117707798,3.1493915176053378
405,20,744,180,2
405,20,713,180,2.2556390977443606
405,20,713,180,1.282051282051282
405,20,726,206.56505117707798,1.7333860290696046
405,20,693,206.56505117707798,1.5211346785712856
405,20,620,206.56505117707798,3.1717276276592763
405,20,580,236.3099324740202,5.150787536377127
405,20,560,216.86989764584402,3.64963503649635
405,20,550,296.565051177078,3.3625082368417893
405,20,624,333.434948822922,1.4710973536182828
405,20,484,33.69006752597977,5.114257128317715
405,20,777,180,3.4482758620689653
405,20,504,153.43494882292202,1.5636839003495033
405,20,990,45,1.0553832555023097
405,20,774,185.71059313749964,6.979080292445063
405,20,408,201.80140948635182,3.8192658206627685
405,20,352,225,2.0203050891044216
405,20,520,201.80140948635182,3.9307772314850395
405,20,396,243.43494882292202,1.4808397201985364
405,20,345,180,2.456140350877193
405,20,396,198.43494882292202,2.2427501135945955
405,20,391,189.4623222080256,4.539375022610612
405,20,420,206.56505117707798,3.1493915176053378
405,20,357,191.3099324740202,3.4221607473777076
405,20,357,194.03624346792648,2.9662630400127057
405,20,308,180,2.73972602739726
405,20,264,206.56505117707798,3.3879817840905906
405,20,242,180,2.684563758389262
405,20,242,191.3099324740202,3.5908588123892846
405,20,220,210.96375653207352,4.287464628562721
405,20,242,194.03624346792648,2.748737083745107
405,20,336,210.96375653207352,4.194929420752016
405,20,345,194.03624346792648,2.9877576997229425
405,20,253,180,3.64963503649635
405,20,230,194.03624346792648,2.7125694905379345
405,20,230,194.03624346792648,3.0769444967295976
405,20,220,206.56505117707798,2.9421947072365655
405,20,210,194.03624346792648,3.123564867892167
405,20,722,211.60750224624888,5.471088717732526
405,20,819,196.69924423399362,7.150894869116815
405,20,740,203.96248897457818,7.29545022355267
405,20,816,199.65382405805332,10.469062498111624
405,20,1120,203.19859051364818,10.802515043778593
405,20,1330,202.61986494804043,9.15492957746479
405,20,240,198.43494882292202,2.2427501135945955
405,20,360,201.80140948635182,3.84654629081036
405,20,255,135,1.032272673265033
405,20,272,206.56505117707798,2.9616794403970728
405,20,255,198.43494882292202,2.3776523760664507
405,20,342,198.43494882292202,4.160891658116289
405,20,270,180,1.4184397163120568
405,20,252,203.96248897457818,3.568426739781197
405,20,323,189.4623222080256,4.082390959931691
405,20,396,196.3895403340348,3.1307500259133128
405,20,378,198.43494882292202,4.4539121974202525
405,20,456,198.43494882292202,2.3252041618885144
405,20,580,143.13010235415595,3.3333333333333335
405,20,480,218.65980825409008,4.606564199591977
405,20,154,198.43494882292202,2.3252041618885144
405,20,242,165.9637565320735,2.92418838696288
405,20,330,225,4.0119533684343125
405,20,418,206.56505117707798,4.594660227739293
405,20,345,143.13010235415595,3.5211267605633805
405,20,231,194.03624346792648,2.9035955109983522
405,20,200,198.43494882292202,2.3424278964210217
405,20,209,180,2.083333333333333
405,20,170,206.56505117707798,3.1717276276592763
405,20,150,213.69006752597977,2.503855052405548
405,20,108,191.3099324740202,3.4221607473777076
405,20,90,194.03624346792648,3.0769444967295976
405,20,81,225,2.905918278848825
405,20,90,180,4.895104895104895
405,20,72,236.3099324740202,2.6127183155536153
405,20,80,201.80140948635182,3.688469045982537
405,20,63,195.94539590092288,5.090985936559803
405,20,135,206.56505117707798,3.3625082368417893
405,20,117,194.03624346792648,2.8240449490531923
405,20,96,192.52880770915152,12.985273883511109
405,20,378,185.71059313749964,7.077377197972458
405,20,272,187.1250163489018,5.522094348149691
405,20,285,198.43494882292202,6.975612485665543
405,20,255,189.4623222080256,8.44828129208086
405,20,156,201.80140948635182,7.277249739370951
405,20,224,206.56505117707798,6.725016473683579
405,20,156,189.4623222080256,8.567271169434111
405,20,1311,116.56505117707798,18.754118520965978
405,20,168,195.64224645720873,6.225781767744446
405,20,195,186.3401917459099,6.288461901484317
405,20,273,187.1250163489018,5.235232304089967
405,20,168,221.63353933657018,9.053830510370148
405,20,132,168.69006752597977,3.668359362296967
405,20,190,171.86989764584405,4.9104637582399135
405,20,143,206.56505117707798,4.69105170104851
405,20,464,123.69006752597977,5.150787536377127
405,20,496,209.7448812969422,5.235232304089967
405,20,364,219.80557109226518,5.962022653363858
405,20,180,212.00538320808352,6.643648684546903
405,20,255,213.69006752597977,2.5571285641588575
405,20,836,191.88865803962798,14.172618860545693
405,20,144,187.1250163489018,5.677646301618696
405,20,120,201.80140948635182,3.8192658206627685
405,20,120,198.43494882292202,4.485500227189191
405,20,156,195.94539590092288,3.3860976229211714
405,20,121,201.80140948635182,3.98901096824778
405,20,120,180,1.3888888888888888
405,20,110,191.3099324740202,3.6163258961650957
405,20,110,206.56505117707798,3.105649968749708
405,20,99,198.43494882292202,4.244668000226013
405,20,80,206.56505117707798,3.3374148917907314
405,20,80,191.3099324740202,3.4924791188991673
405,20,70,180,3.4965034965034967
405,20,70,198.43494882292202,4.5830111016933035
405,20,70,198.43494882292202,4.3318872057101085
405,20,130,206.56505117707798,3.1493915176053378
405,20,121,198.43494882292202,2.2269560987101262
405,20,132,180,2.2222222222222223
405,20,154,198.43494882292202,2.196026152894708
405,20,165,191.3099324740202,3.6163258961650957
405,20,165,194.03624346792648,2.86326779556782
405,20,216,201.80140948635182,3.6142045685466466
405,20,143,188.13010235415598,5.276916277511549
405,20,273,225,0.9686394262829419
405,100,85,180,4.026845637583892
405,100,75,194.03624346792648,3.0769444967295976
405,100,72,180,3.4246575342465753
405,100,40,165.9637565320735,2.8832906472850772
405,100,96,194.03624346792648,14.517977554991763
405,100,220,198.43494882292202,4.650408323777029
405,100,220,189.4623222080256,4.344830378784442
405,100,220,198.43494882292202,4.302418585263101
405,100,220,191.3099324740202,3.5908588123892846
405,100,209,189.4623222080256,4.472619507572221
405,100,198,194.03624346792648,2.7858821794713924
405,100,500,195.94539590092288,4.9524557069935495
405,100,525,180,3.5211267605633805
405,20,575,191.3099324740202,3.7492790541123413
405,20,648,194.03624346792648,2.7858821794713924
405,20,700,180,3.225806451612903
405,20,696,180,3.2520325203252036
405,20,700,180,1.9867549668874174
405,20,780,225,2.0797258270192573
405,20,754,180,1.342281879194631
405,20,754,180,1.4492753623188406
405,20,754,180,0.6993006993006993
405,20,780,0,0.7042253521126761
405,20,891,0,0.7092198581560284
405,20,810,135,1.032272673265033
405,20,918,341.565051177078,2.2269560987101262
405,20,810,165.9637565320735,2.86326779556782
405,20,810,0,0.7042253521126761
405,20,840,270,0.684931506849315
405,20,840,225,1.0101525445522108
405,20,812,180,1.4285714285714286
405,20,812,45,1.977921066256077
405,20,812,198.43494882292202,4.216370213557839
405,20,812,198.43494882292202,2.4513780311382787
405,20,812,198.43494882292202,2.211382979138727
405,20,812,180,2
405,20,812,206.56505117707798,3.1943828249996997
405,20,784,201.80140948635182,3.8742192857082762
405,20,783,180,2.083333333333333
405,20,783,191.3099324740202,3.6421567954234173
405,20,728,206.56505117707798,4.724087276408007
405,20,728,191.3099324740202,3.668359362296967
405,20,702,198.43494882292202,4.273348189416729
405,20,675,194.03624346792648,5.687042242231255
405,100,820,201.80140948635182,3.7139067635410368
405,100,860,206.56505117707798,1.5636839003495033
405,100,920,225,5.276916277511549
405,100,1150,180,6.944444444444445
405,100,1380,206.56505117707798,3.1717276276592763
405,100,1260,116.56505117707798,1.5421158465515792
405,100,1596,209.7448812969422,5.800185430430611
405,100,1806,180,3.4482758620689653
405,100,1760,198.43494882292202,4.5830111016933035
405,100,1480,90,4.861111111111112
405,100,1365,180,3.5211267605633805
405,20,621,172.8749836510982,5.928130697278345
405,20,966,174.2894068625003,6.790456500757358
405,20,938,164.0546040990771,4.9524557069935495
405,100,1188,180,5.384615384615385
405,100,1134,158.19859051364824,3.7139067635410368
405,100,1062,153.43494882292202,3.0631068184928627
405,100,1380,128.65980825409008,4.541222863427552
405,100,1120,180,2.7027027027027026
405,100,918,180,3.546099290780142
405,100,1224,104.03624346792651,3.0095661500858837
405,100,1300,180,1.3513513513513513
405,100,1430,180,0.7194244604316548
405,100,1378,90,0.7142857142857143
405,100,1404,180,0.7352941176470588
405,100,1404,270,0.6622516556291391
405,100,1484,45,1.0029883421085781
405,100,1325,180,0.7352941176470588
405,100,1296,315,1.0398629135096287
405,100,1248,90,0.7246376811594203
405,100,1378,90,0.6578947368421052
405,100,1326,45,0.9959250439247148
405,100,1274,90,0.6944444444444444
405,100,1300,270,0.7142857142857143
405,100,1296,90,0.7194244604316548
405,100,1170,90,1.4492753623188406
405,100,1066,90,1.3605442176870748
405,100,1014,90,0.6896551724137931
405,100,962,90,0.7407407407407408
405,100,980,90,0.7042253521126761
405,100,868,90,0.7246376811594203
405,100,841,90,0.6802721088435374
405,100,870,270,0.7352941176470588
405,100,783,90,0.7092198581560284
405,100,780,0,0.7194244604316548
405,100,750,90,0.6578947368421052
405,100,800,0,0.7462686567164178
405,100,992,75.96375653207355,3.494157309845475
405,100,800,270,2.0408163265306123
405,100,768,270,0.641025641025641
405,100,736,90,0.7352941176470588
405,100,775,90,0.6535947712418301
405,100,744,270,0.78125
405,100,690,0,0.628930817610063
405,100,690,90,0.7092198581560284
405,100,609,90,0.7352941176470588
405,100,704,225,1.032272673265033
405,100,630,45,1.0633184679496956
405,100,690,90,0.7092198581560284
405,100,660,270,0.6944444444444444
405,100,667,90,0.7299270072992701
405,100,936,180,2.1739130434782608
405,100,864,270,0.7142857142857143
405,100,888,180,0.6666666666666667
405,100,713,18.434948822922024,2.0668481439009017
405,100,690,0,0.7462686567164178
405,100,660,270,0.6993006993006993
405,100,682,180,0.684931506849315
405,100,660,0,0.6622516556291391
405,100,667,90,0.7518796992481203
405,100,638,270,0.684931506849315
405,100,682,180,0.7092198581560284
405,100,660,0,0.7462686567164178
405,100,690,90,0.6622516556291391
405,100,660,270,0.6896551724137931
405,100,682,180,0.6493506493506493
405,100,660,0,0.6993006993006993
405,100,667,90,0.6993006993006993
405,100,713,180,0.7142857142857143
405,100,690,0,0.6944444444444444
405,100,874,180,2.631578947368421
405,100,943,180,1.36986301369863
405,100,1032,180,0.7092198581560284
405,100,748,0,4.580152671755725
405,100,682,0,0.7042253521126761
405,100,660,0,0.684931506849315
405,100,616,270,0.6711409395973155
405,100,594,180,0.7518796992481203
405,100,567,90,0.7142857142857143
405,100,675,270,1.3793103448275863
405,100,702,270,0.7042253521126761
405,100,567,90,1.9867549668874174
405,100,546,0,0.7299270072992701
405,100,598,270,0.7518796992481203
405,100,546,90,0.6578947368421052
405,100,567,180,0.6896551724137931
405,100,546,0,0.7142857142857143
405,100,572,270,0.6622516556291391
405,100,546,90,0.7299270072992701
405,100,520,270,0.6802721088435374
405,100,500,180,0.7299270072992701
405,100,506,180,0.7299270072992701
405,100,483,90,0.6993006993006993
405,100,525,180,0.7246376811594203
405,100,594,225,0.9959250439247148
405,100,460,0,1.3793103448275863
405,100,440,0,0.7299270072992701
405,100,440,180,0.6944444444444444
405,100,440,180,0.6756756756756757
405,100,440,180,0.7246376811594203
405,100,440,180,0.7407407407407408
405,100,5054,153.43494882292202,1.6321664069341533
405,100,5304,180,0.684931506849315
405,100,5421,180,2.054794520547945
405,100,240,340.01689347810003,8.867196902060323
405,100,209,45,3.030457633656632
405,20,4992,191.3099324740202,3.9527283051106856
405,20,5151,171.86989764584405,4.652018297279918
405,20,4545,206.56505117707798,7.710579232757896
405,20,4590,180,4.761904761904762
405,20,4326,194.03624346792648,5.534369967272028
405,20,3880,191.3099324740202,3.565747911603346
405,20,3510,189.4623222080256,4.314015978934908
405,20,3078,194.03624346792648,5.84837677392576
405,20,2556,189.4623222080256,4.1950086415849785
405,20,2268,180,5.147058823529411
405,20,2135,180,4.195804195804196
405,20,1947,187.1250163489018,5.637942481327657
405,20,1960,180,5.755395683453238
405,20,2016,189.4623222080256,4.22414064604043
405,20,4386,192.09475707701208,9.482000704156524
405,20,4558,195.25511870305775,8.262140761587956
405,20,4644,196.69924423399362,7.30091364259479
405,20,5060,194.93141717813754,11.010052976070938
405,20,5264,191.3099324740202,6.753668229924218
405,20,1932,194.93141717813754,10.418909192120822
405,20,1890,194.93141717813754,10.856066221160857
405,20,1917,194.03624346792648,9.02869845025765
405,20,1846,195.94539590092288,10.181971873119606
405,20,2232,187.59464336859142,10.582339825469619
405,20,2130,196.3895403340348,12.934339523116314
405,20,2414,192.9946167919165,9.667872510236473
405,100,4214,198.43494882292202,4.6164637374720865
405,100,4200,206.56505117707798,4.6584749531245615
405,100,4488,194.03624346792648,5.84837677392576
405,100,4182,194.03624346792648,5.975515399445885
405,100,4223,195.94539590092288,5.200078492343227
405,100,4326,194.03624346792648,5.571764358942785
405,100,4472,189.4623222080256,4.109974682633933
405,100,4725,192.52880770915152,6.880257057681259
405,100,4876,198.43494882292202,4.3617622898874195
405,100,5136,187.1250163489018,5.598790102985104
405,100,5341,188.13010235415598,5.0870991452269605
405,100,5508,195.94539590092288,4.986376636493506
405,20,288,198.43494882292202,8.971000454378382
405,20,288,195.94539590092288,5.020765440883116
405,20,4100,194.03624346792648,3.0095661500858837
405,20,3705,180,2.272727272727273
405,20,3783,198.43494882292202,2.1081851067789197
405,20,3312,0,0.6666666666666667
405,20,3744,191.3099324740202,3.9836089949943627
405,20,3920,198.43494882292202,2.0804458290581445
405,20,3404,90,1.3888888888888888
405,20,3990,189.4623222080256,4.643330175800167
405,20,4365,180,2.6490066225165565
405,20,4704,198.43494882292202,2.2427501135945955
405,20,3772,198.43494882292202,2.3776523760664507
405,20,3948,201.80140948635182,3.8192658206627685
405,20,3906,189.4623222080256,3.7781133728560365
405,20,3772,206.56505117707798,3.549314249999666
405,20,3731,189.4623222080256,4.082390959931691
405,20,3690,194.03624346792648,2.9450754468697578
405,20,3822,195.94539590092288,5.275441948753999
405,20,3690,194.03624346792648,2.7305335268991127
405,20,3440,206.56505117707798,3.1493915176053378
405,20,3081,180,4.477611940298507
405,20,2736,225,1.9110994086122908
405,20,2774,189.4623222080256,4.40779893499871
405,20,2850,194.03624346792648,5.8071910219967044
405,20,1692,198.43494882292202,11.056914895693634
405,20,1728,192.09475707701208,10.450964279763761
405,20,1813,192.9946167919165,9.667872510236473
405,20,5382,213.69006752597977,7.408667004378061
405,20,5304,206.56505117707798,6.254735601398013
405,20,520,191.3099324740202,3.4687207575461123
405,20,629,180,4.225352112676056
405,20,612,206.56505117707798,3.2643328138683065
405,20,480,198.43494882292202,4.302418585263101
405,20,496,201.80140948635182,3.7396977827322946
405,20,512,192.52880770915152,6.447233886218802
405,20,527,188.13010235415598,5.014941710542891
405,20,1085,172.8749836510982,5.637942481327657
405,20,600,213.69006752597977,4.221956997030432
405,20,532,196.3895403340348,6.37411695923358
405,20,760,194.03624346792648,5.72653559113564
405,20,738,192.52880770915152,6.402461428675616
405,20,697,190.30484646876602,8.281733249999222
405,20,779,188.13010235415598,4.9104637582399135
405,20,697,195.25511870305775,7.809420719857109
405,20,663,191.3099324740202,7.389883353033021
405,20,624,195.25511870305775,7.601169500660919
405,20,576,192.52880770915152,6.4926369417555545
405,20,560,194.03624346792648,5.932526080025411
405,20,629,192.52880770915152,6.585388898066348
405,20,702,191.3099324740202,3.6421567954234173
405,100,1435,186.3401917459099,6.80856025423866
405,100,1554,195.94539590092288,4.885979791463435
405,100,1271,180,4.444444444444445
405,100,1189,195.94539590092288,5.200078492343227
405,100,1134,201.80140948635182,3.7396977827322946
405,100,1092,191.3099324740202,3.6949416765165104
405,100,1066,189.4623222080256,4.109974682633933
405,100,1066,194.03624346792648,2.7858821794713924
405,100,1025,198.43494882292202,4.827904824684548
405,100,984,201.80140948635182,3.66337741981939
405,100,920,201.80140948635182,3.9307772314850395
405,100,897,194.03624346792648,2.8435211211156277
405,100,858,194.03624346792648,2.8832906472850772
405,100,840,203.19859051364818,2.6171041600906904
405,100,1216,198.43494882292202,1.1213750567972978
405,20,2419,196.69924423399362,7.404472701355
405,20,2562,198.43494882292202,6.63414893741618
405,20,2378,194.03624346792648,2.86326779556782
405,20,2501,202.61986494804043,9.219858156028367
405,20,2542,180,2.142857142857143
405,20,2440,198.43494882292202,2.1223340001130064
405,20,2301,191.3099324740202,3.4452834551302596
405,20,2223,201.80140948635182,4.17454636211977
405,20,2296,180,2.5806451612903225
405,20,2255,180,3.4246575342465753
405,20,2255,206.56505117707798,1.6563466499998445
405,20,2322,180,0.7142857142857143
405,20,2310,216.86989764584402,3.4722222222222223
405,20,2160,206.56505117707798,1.6203391141302825
405,20,2145,198.43494882292202,2.211382979138727
405,20,850,198.43494882292202,6.728250340783785
405,20,768,198.43494882292202,6.92469560620813
405,20,198,196.69924423399362,7.6206616853361675
405,20,180,196.69924423399362,6.868622703230626
405,20,162,195.94539590092288,5.557335793343906
405,20,162,198.43494882292202,4.3318872057101085
405,20,162,192.52880770915152,6.447233886218802
405,20,153,191.3099324740202,7.181717624778569
405,20,144,196.69924423399362,7.404472701355
405,20,176,167.47119229084842,6.18761372972677
405,20,150,213.69006752597977,7.895367756490488
405,20,168,172.8749836510982,5.800185430430611
405,20,550,189.4623222080256,4.082390959931691
405,20,525,201.80140948635182,3.9307772314850395
405,20,500,189.4623222080256,4.376088151293683
405,20,735,158.19859051364824,7.085743167282242
405,20,693,249.4439547804165,5.5843161734101505
405,20,594,215.53767779197437,6.0579755401708635
405,20,483,210.96375653207352,4.4511083166758025
405,20,440,233.13010235415598,3.4013605442176873
405,20,420,185.71059313749964,7.077377197972458
405,20,441,225,5.161363366325165
405,20,529,213.69006752597977,2.521364528296496
405,20,308,194.03624346792648,8.77256516088864
405,20,418,194.03624346792648,5.571764358942785
405,20,391,161.56505117707798,2.211382979138727
405,20,600,198.43494882292202,6.63414893741618
405,20,525,185.19442890773482,8.003884795063234
405,20,675,206.56505117707798,4.69105170104851
405,20,702,180,5.072463768115942
405,20,621,194.03624346792648,8.530563363346884
405,20,621,200.55604521958347,5.772975503592926
405,20,572,198.43494882292202,9.582659576267817
405,20,550,198.43494882292202,6.588078458684124
405,20,525,191.3099324740202,7.0819715466566455
405,20,690,195.25511870305775,7.703888007426607
405,20,588,195.94539590092288,5.392673992059643
405,20,667,194.03624346792648,8.58980338670346
405,20,616,198.43494882292202,4.422765958277454
405,20,594,216.0273733851036,9.578500358264396
405,20,575,206.56505117707798,4.79157423749955
405,20,704,180,5.673758865248227
405,20,112,0,0.6896551724137931
405,20,91,180,2.18978102189781
405,20,91,225,1.0029883421085781
405,20,105,180,0.6451612903225806
405,20,170,14.036243467926454,2.7858821794713924
405,20,170,14.036243467926454,3.147408874517298
405,20,209,90,1.948051948051948
405,20,180,18.434948822922024,7.132957128199352
405,20,225,341.565051177078,2.0804458290581445
405,20,171,50.19442890773479,5.578749768504753
405,100,779,174.80557109226515,7.670389595268931
405,100,663,192.52880770915152,6.358306522270957
405,100,624,161.56505117707798,6.92469560620813
405,100,624,180,4.827586206896552
405,100,592,172.8749836510982,5.800185430430611
405,100,555,165.9637565320735,5.8071910219967044
405,100,518,180,2.9850746268656714
405,100,504,168.69006752597977,7.0819715466566455
405,100,518,153.43494882292202,3.1493915176053378
405,100,507,171.86989764584405,9.889605331280386
405,100,456,149.0362434679265,4.135426875776809
405,100,444,198.43494882292202,4.5175395145262565
405,20,396,35.537677791974374,4.096345365258394
405,20,330,12.528807709151522,6.314756477597867
405,20,264,49.39870535499551,6.585388898066348
405,20,200,18.434948822922024,4.5830111016933035
405,20,153,38.65980825409008,4.573660169594892
405,20,112,38.65980825409008,4.4777092569460475
405,20,77,21.801409486351815,3.8192658206627685
405,20,63,20.55604521958344,6.191307061824297
405,20,63,33.69006752597977,4.807401700618652
405,20,63,21.801409486351815,3.792369582489087
405,100,495,165.9637565320735,3.0769444967295976
405,100,495,180,5.555555555555555
405,100,429,237.72435568542238,14.784345430423837
405,100,624,320.1944289077348,5.700912172194638
405,100,429,323.13010235415595,10.869565217391305
405,100,728,153.43494882292202,4.861017342390848
405,100,700,158.19859051364824,3.688469045982537
405,100,1653,198.43494882292202,4.6164637374720865
405,100,1175,206.56505117707798,4.626347539654738
405,100,946,153.43494882292202,1.4808397201985364
405,100,874,171.86989764584405,5.014941710542891
405,100,735,158.19859051364824,4.110812829873667
405,100,1173,108.43494882292202,5.929270612815711
405,100,816,257.4711922908485,7.146933687823943
405,100,1550,112.61986494804046,8.904109589041095
405,100,1320,225,3.030457633656632
405,100,1416,143.13010235415595,3.6231884057971016
405,20,160,143.13010235415595,3.3333333333333335
405,20,176,139.3987053549955,6.4926369417555545
405,20,135,198.43494882292202,2.2587697572631282
405,20,120,189.4623222080256,4.1950086415849785
405,20,98,156.80140948635176,5.726145192378879
405,20,72,153.43494882292202,2.9421947072365655
405,20,156,185.71059313749964,6.9309487042213025
405,20,143,180,1.4598540145985401
405,100,840,180,2.631578947368421
405,100,646,180,5.839416058394161
405,100,558,161.56505117707798,2.2915055508466518
405,100,693,170.53767779197437,8.275867388160844
405,100,700,180,2.18978102189781
405,100,448,174.55966796899452,2.9964521462683225
405,100,432,180,2.7210884353741496
405,100,384,198.43494882292202,2.234825201532424
405,100,360,206.56505117707798,3.105649968749708
405,100,448,154.79887635452496,12.694793397335092
405,100,400,161.56505117707798,4.6164637374720865
405,100,375,189.4623222080256,4.2836355847170555
405,100,486,108.43494882292202,2.2587697572631282
405,100,957,170.53767779197437,4.001817454143565
405,100,924,170.53767779197437,4.472619507572221
405,100,924,180,2.684563758389262
405,100,896,171.86989764584405,4.944802665640193
405,100,864,141.34019174590992,4.850851695024885
405,100,837,170.53767779197437,4.253680091117635
405,100,837,170.53767779197437,4.137933694080422
405,100,810,146.30993247402023,2.6127183155536153
405,100,810,170.53767779197437,3.97566178450864
405,100,810,170.53767779197437,4.752158226795484
405,100,837,149.0362434679265,4.0775887376540565
405,100,750,170.53767779197437,4.2836355847170555
405,100,750,180,2
405,100,725,149.0362434679265,4.4511083166758025
405,100,700,161.56505117707798,2.1808811449437098
405,100,700,180,4.761904761904762
405,100,624,153.43494882292202,4.969039949999533
405,100,624,180,2.0689655172413794
405,100,624,149.0362434679265,3.836152562398224
405,100,312,195.94539590092288,5.090985936559803
405,100,280,180,1.4814814814814816
405,100,280,270,1.4705882352941175
405,100,272,341.565051177078,2.196026152894708
405,100,261,144.46232220802563,5.9326381152018115
405,100,273,164.0546040990771,4.9524557069935495
405,100,80,203.19859051364818,5.641313411751043
405,20,132,146.30993247402023,2.670778722565918
405,20,132,158.19859051364824,3.9307772314850395
405,20,187,225,0.9065471553673687
405,20,110,158.19859051364824,3.9022933385032634
405,20,110,165.9637565320735,3.0095661500858837
405,20,154,194.03624346792648,2.767184983636014
405,20,154,161.56505117707798,2.4513780311382787
405,20,228,174.2894068625003,2.3103162347404345
405,20,150,135,1.0475656017578483
405,20,165,161.56505117707798,4.273348189416729
405,20,165,165.9637565320735,2.8048337589235786
405,20,220,213.69006752597977,2.521364528296496
405,20,189,180,1.4814814814814816
405,20,160,135,3.119588740528886
405,20,60,135,6.92272373189627
405,20,84,180,9.868421052631579
405,20,156,180,2.2058823529411766
405,20,132,143.13010235415595,3.3557046979865772
405,20,121,180,5.594405594405594
405,20,150,161.56505117707798,2.3956648940669543
405,100,192,38.65980825409008,4.7430549906909985
405,100,216,36.86989764584405,3.6764705882352944
405,100,192,38.65980825409008,4.446614053772811
405,100,144,26.565051177077976,4.532570224661736
405,100,115,56.30993247402023,5.5046584358228845
405,100,84,26.565051177077976,2.98142396999972
405,100,100,45,4.5038648483219585
405,100,351,26.565051177077976,1.8032806270159594
405,20,80,139.3987053549955,6.402461428675616
405,20,160,206.56505117707798,3.1717276276592763
405,20,63,128.65980825409008,4.4777092569460475
405,20,49,143.13010235415595,3.4246575342465753
405,20,42,158.19859051364824,4.07967030843523
405,20,42,158.19859051364824,3.6386248696854757
405,20,30,168.69006752597977,3.6421567954234173
405,20,35,161.56505117707798,2.2915055508466518
405,20,28,153.43494882292202,3.105649968749708
405,20,30,165.9637565320735,2.9035955109983522
405,20,24,158.19859051364824,3.792369582489087
405,20,48,156.80140948635176,5.077182070575939
405,20,42,149.0362434679265,4.3514566379442545
405,20,3213,185.71059313749964,13.05178652093622
405,20,2928,205.0168934781,12.445823576877329
405,20,3055,199.44003482817618,13.063591577768078
405,20,2944,195.25511870305775,7.703888007426607
405,20,1332,30.256437163529256,10.140470065291828
405,20,3185,195.25511870305775,14.90425392286455
405,20,1794,53.13010235415595,3.597122302158273
405,20,1368,189.4623222080256,4.539375022610612
405,20,1190,225,1.9110994086122908
405,20,1120,184.76364169072616,8.24766751972075
405,20,1200,168.111341960372,13.119248539829458
405,20,1131,196.69924423399362,15.241323370672335
405,20,837,208.6104596659652,8.18951901055011
405,20,840,198.43494882292202,6.825059698205135
405,20,812,190.30484646876602,8.343537229476826
405,20,784,195.25511870305775,7.703888007426607
405,20,868,186.00900595749454,6.798922837915587
405,20,837,195.94539590092288,5.353021977412146
405,20,1598,116.56505117707798,1.4063320613206225
405,20,2214,161.56505117707798,2.4513780311382787
405,20,988,0,4.37956204379562
405,20,828,0,11.564625850340136
405,20,1120,327.9946167919165,6.936750832394561
405,20,828,14.036243467926454,8.649871941855231
405,20,700,11.30993247402023,10.697243734810039
405,20,3876,198.43494882292202,6.497830808565164
405,20,3914,196.69924423399362,7.511011876914066
405,20,3990,194.03624346792648,5.6480898981063845
405,20,4134,192.52880770915152,6.779076806833005
405,20,4066,198.43494882292202,4.5830111016933035
405,20,4066,195.94539590092288,4.9524557069935495
405,20,4066,213.69006752597977,2.539120616523936
405,20,4320,188.7461622625552,8.653254235503885
405,20,4536,195.94539590092288,5.275441948753999
405,20,4510,198.43494882292202,4.7553047521329015
405,20,4950,188.13010235415598,4.745683095211729
405,20,4860,189.4623222080256,4.253680091117635
405,20,4329,188.13010235415598,5.050762722761054
405,20,4329,191.3099324740202,3.4687207575461123
405,20,4368,201.80140948635182,4.018779706816794
405,20,4218,195.94539590092288,4.727344083948388
405,20,4256,191.3099324740202,3.7219120537173613
405,20,4368,191.3099324740202,3.5409857733283228
405,20,4407,189.4623222080256,4.314015978934908
405,20,4256,201.80140948635182,3.8742192857082762
405,20,4407,188.13010235415598,4.652018297279918
405,20,4520,198.43494882292202,4.650408323777029
405,20,4633,188.13010235415598,5.161363366325165
405,20,4633,189.4623222080256,4.314015978934908
405,20,4788,201.80140948635182,3.792369582489087
405,20,4746,191.3099324740202,3.565747911603346
405,20,5060,194.03624346792648,5.687042242231255
405,20,5060,188.13010235415598,5.050762722761054
405,100,900,195.94539590092288,5.313948824292349
405,100,900,195.94539590092288,4.986376636493506
405,100,900,194.03624346792648,2.92418838696288
405,100,900,195.94539590092288,5.200078492343227
405,100,731,197.969139740157,4.538774874860379
405,100,714,210.96375653207352,4.194929420752016
405,100,640,200.55604521958347,5.621055095603639
405,100,560,213.69006752597977,5.302281287447043
405,100,450,212.00538320808352,6.886117614639857
405,20,4588,206.56505117707798,8.043409991006438
405,20,370,120.96375653207349,4.3192236258113335
405,20,444,108.43494882292202,4.392052305789416
405,20,444,126.86989764584405,2.9940119760479043
405,20,407,126.86989764584405,4.273504273504273
405,20,370,90,3.4722222222222223
405,100,333,123.69006752597977,4.56398895628353
405,100,333,108.43494882292202,2.3424278964210217
405,100,333,113.19859051364818,5.401257521889296
405,100,306,126.86989764584405,3.546099290780142
405,100,297,111.80140948635182,3.792369582489087
405,100,297,101.30993247402023,3.565747911603346
405,100,1197,263.99099404250546,13.844183459813623
405,100,1134,274.0856167799749,10.025477748298714
405,100,468,329.03624346792645,3.966633942071633
405,100,432,333.434948822922,3.312693299999689
405,100,494,0,2.9197080291970803
405,100,494,329.03624346792645,3.7619044482872908
405,100,507,14.036243467926454,2.9877576997229425
405,100,574,0,2.857142857142857
405,100,585,338.1985905136482,3.7658495154786737
405,100,546,351.86989764584405,5.161363366325165
405,100,520,315,2.0348396580907844
405,100,533,344.05460409907715,5.200078492343227
405,100,588,348.69006752597977,3.5165651817881276
405,100,546,344.05460409907715,5.275441948753999
405,100,559,14.036243467926454,2.6773413153361436
405,100,462,150.2551187030578,6.01661025992429
405,100,720,131.18592516570965,7.539110505485567
405,100,126,333.434948822922,3.1493915176053378
405,100,198,348.69006752597977,3.565747911603346
405,100,276,323.13010235415595,3.4013605442176873
405,100,294,350.5376777919744,4.5057500224431255
405,100,336,336.8014094863518,5.5589584714335105
405,100,403,315,5.474375080153916
405,100,300,15.945395900922847,5.275441948753999
405,100,276,11.30993247402023,3.6421567954234173
405,100,425,161.56505117707798,4.550039798803423
405,100,500,180,2
405,100,400,170.53767779197437,4.472619507572221
405,100,375,158.19859051364824,3.4083321564142426
405,100,375,180,3.2
405,100,375,180,3.64963503649635
405,100,375,165.9637565320735,2.660068145559781
405,100,375,165.9637565320735,3.1000794177576396
405,100,375,198.43494882292202,2.2915055508466518
405,100,375,164.74488129694225,7.703888007426607
405,100,375,168.69006752597977,3.668359362296967
405,100,360,230.1944289077348,5.386379086832175
405,100,345,119.74488129694225,6.01661025992429
405,100,345,206.56505117707798,1.5007167634226777
405,100,442,143.13010235415595,3.731343283582089
405,100,437,180,2.013422818791946
405,100,450,161.56505117707798,2.211382979138727
405,100,425,168.69006752597977,3.7219120537173613
405,100,408,153.43494882292202,1.5211346785712856
405,100,408,180,2.0408163265306123
405,100,442,161.56505117707798,2.4325212770525995
405,100,486,153.43494882292202,3.0014335268453554
405,100,459,161.56505117707798,2.2915055508466518
405,100,1936,270,3.7593984962406015
405,100,2809,240.25511870305775,2.838823150809348
405,100,3025,0,3.6764705882352944
405,100,3380,38.65980825409008,4.297398817069026
405,100,2805,308.6598082540901,4.446614053772811
405,100,2597,348.69006752597977,3.7219120537173613
405,100,2430,323.13010235415595,3.546099290780142
405,100,2646,11.30993247402023,3.4452834551302596
405,100,2132,351.86989764584405,5.050762722761054
405,100,1872,333.434948822922,1.6086819982012877
405,100,1820,10.304846468766016,7.929319069148192
405,100,1749,33.69006752597977,2.539120616523936
405,100,1457,324.4623222080256,6.372092790401945
405,100,1500,345.96375653207355,2.576941016011038
405,100,1363,7.125016348901795,6.201736729460423
405,100,1058,187.1250163489018,5.928130697278345
405,100,1012,168.69006752597977,3.3110516322031067
405,100,920,171.86989764584405,5.611958580845616
405,100,900,180,3.225806451612903
405,100,792,135,4.040610178208843
405,100,774,188.13010235415598,5.481447916174787
405,100,731,171.86989764584405,4.777748521530727
405,100,792,180,4.166666666666666
405,100,731,146.30993247402023,2.521364528296496
405,100,697,170.53767779197437,4.472619507572221
405,100,720,161.56505117707798,2.0804458290581445
405,100,722,168.69006752597977,3.777051491550211
405,100,702,146.30993247402023,2.521364528296496
405,100,738,285.94539590092285,5.055631867555915
405,100,684,119.05460409907715,7.683306075363433
405,100,722,180,7.38255033557047
405,100,760,135,1.0174198290453922
405,100,684,153.43494882292202,2.98142396999972
405,100,684,165.9637565320735,3.031695312954162
405,100,880,180,1.89873417721519
405,100,882,206.56505117707798,1.788854381999832
405,100,1118,108.43494882292202,2.3082318687360432
405,100,1180,350.5376777919744,4.2836355847170555
405,100,1220,345.96375653207355,2.9035955109983522
405,100,1220,333.434948822922,3.3625082368417893
405,100,1200,344.05460409907715,5.020765440883116
405,20,308,38.65980825409008,4.509242420727358
405,20,286,296.565051177078,6.725016473683579
405,100,242,348.69006752597977,3.5165651817881276
405,100,220,0,1.9867549668874174
405,100,209,341.565051177078,2.4325212770525995
405,100,216,348.69006752597977,3.247783129676933
405,100,783,33.69006752597977,2.539120616523936
405,100,812,21.801409486351815,3.98901096824778
405,100,840,33.69006752597977,2.2534695471649933
405,100,868,0,3.8461538461538463
405,100,837,26.565051177077976,3.0631068184928627
405,100,837,26.565051177077976,3.1273678006990067
405,100,837,33.69006752597977,2.7314782389878705
405,100,837,26.565051177077976,1.5007167634226777
405,100,810,26.565051177077976,1.4426245016127677
405,100,810,56.30993247402023,3.055551928359313
405,100,806,56.30993247402023,2.4198330707812006
405,100,780,18.434948822922024,2.053427052057389
405,100,378,11.30993247402023,3.668359362296967
405,100,342,0,3.007518796992481
405,20,266,333.434948822922,6.168463386206317
405,20,252,36.86989764584405,3.6764705882352944
405,20,252,348.69006752597977,3.3110516322031067
405,20,252,8.130102354155952,5.611958580845616
405,20,252,345.96375653207355,2.660068145559781
405,20,238,0,5
405,20,238,0,3.875968992248062
405,20,238,350.5376777919744,4.109974682633933
405,20,252,350.5376777919744,4.22414064604043
405,20,238,0,2.797202797202797
405,20,224,0,4.411764705882353
405,20,224,14.036243467926454,2.7125694905379345
405,20,210,0,2.9629629629629632
405,20,363,291.0375110254218,10.71414482860317
405,20,252,45,3.6030918786575676
405,20,527,330.25511870305775,5.800185430430611
405,20,496,344.05460409907715,5.473766834045502
405,20,496,51.34019174590992,9.018484841454717
405,100,232,333.434948822922,3.3879817840905906
405,100,252,333.434948822922,2.9229646764703134
405,100,216,0,2.2900763358778624
405,100,70,66.80140948635182,5.252257314388903
405,100,40,326.30993247402023,2.6511406437235214
405,20,80,348.69006752597977,13.781133820521038
405,20,90,26.565051177077976,1.6086819982012877
405,20,252,26.565051177077976,6.168463386206317
405,20,81,128.65980825409008,4.778450923457349
405,20,143,331.55707137563667,19.923130020373986
405,20,120,315,0.9620500424306769
405,20,90,18.434948822922024,2.1512092926315507
405,20,120,90,0.7692307692307693
405,20,88,0,4.026845637583892
405,20,128,346.7594800848128,12.127950830953457
405,20,90,18.434948822922024,4.550039798803423
405,20,150,0,0.7042253521126761
405,20,140,243.43494882292202,1.5746957588026689
405,20,104,45,3.9837001756988593
405,20,182,333.434948822922,1.5971914124998499
405,20,253,210.96375653207352,4.664761515876241
405,20,253,206.56505117707798,4.896499220802459
405,20,242,191.3099324740202,3.2896900087695387
405,20,231,210.96375653207352,4.384174357026542
405,20,273,206.56505117707798,4.861017342390848
405,20,84,315,3.119588740528886
405,20,104,323.13010235415595,3.7037037037037033
405,20,252,333.434948822922,1.5421158465515792
405,20,252,323.13010235415595,3.597122302158273
405,20,418,338.1985905136482,3.7139067635410368
405,20,286,270,1.3245033112582782
405,20,294,348.69006752597977,3.862893570903625
405,20,437,341.565051177078,4.244668000226013
405,20,378,333.434948822922,3.312693299999689
405,20,378,341.565051177078,4.3318872057101085
405,20,414,0,3.4246575342465753
405,20,432,0,3.597122302158273
405,100,555,159.44395478041656,6.016904045998261
405,100,816,143.13010235415595,7.194244604316546
405,100,703,206.56505117707798,3.021713483107824
405,100,544,164.0546040990771,5.4329178278212815
405,100,495,161.56505117707798,4.216370213557839
405,100,495,170.53767779197437,4.253680091117635
405,100,495,153.43494882292202,4.724087276408007
405,100,480,165.9637565320735,3.123564867892167
405,100,480,149.0362434679265,3.8873012632302006
405,100,465,180,3.731343283582089
405,100,465,170.53767779197437,4.109974682633933
405,100,580,161.56505117707798,2.234825201532424
405,100,435,189.4623222080256,4.253680091117635
405,20,1365,210.57922687248902,16.81175307786926
405,20,1995,219.80557109226518,5.700912172194638
405,20,2679,180,11.594202898550725
405,20,1368,251.56505117707798,4.5830111016933035
405,20,2209,285.94539590092285,5.1631985030358285
405,20,1599,66.03751102542185,7.136853479562394
405,20,1702,165.9637565320735,5.7665812945701544
405,20,5130,190.12467165539783,20.76125934792393
405,20,2760,176.42366562500263,11.369659249561275
405,20,2714,201.03751102542182,10.02042322099577
405,20,1496,333.434948822922,3.1273678006990067
405,20,1148,206.56505117707798,6.343455255318553
405,20,888,184.76364169072616,8.420695509644963
405,20,726,185.19442890773482,7.670389595268931
405,20,1288,184.76364169072616,17.080275998286947
405,20,1450,170.53767779197437,3.949845798894948
405,20,3196,341.565051177078,4.5175395145262565
405,20,3196,21.037511025421793,9.740131662366517
405,20,972,357.6140559696112,17.036045602077042
405,20,1044,194.93141717813754,5.466258695866206
405,20,1110,200.55604521958347,6.1028598180839495
405,20,1170,201.80140948635182,6.993720528746109
405,20,1140,198.43494882292202,6.680868296130379
405,20,1050,189.4623222080256,4.314015978934908
405,20,1080,201.80140948635182,7.5316990309573475
405,20,1110,189.4623222080256,4.608153432044106
405,20,1184,192.52880770915152,6.447233886218802
405,20,675,171.86989764584405,4.979625219623574
405,20,1092,180,6.338028169014084
405,20,580,203.96248897457818,7.034898429854359
405,20,1064,190.0079798014413,11.987969792800047
405,20,1110,195.25511870305775,7.973254720972993
405,20,1122,191.3099324740202,7.0819715466566455
405,20,1120,197.10272896905238,9.578500358264396
405,20,1116,203.19859051364818,10.577462647033206
405,20,1044,206.56505117707798,6.343455255318553
405,20,3321,244.7988763545249,13.13866729234681
405,20,2701,14.036243467926454,2.8435211211156277
405,20,2263,243.43494882292202,4.532570224661736
405,20,2905,270,3.597122302158273
405,20,754,192.52880770915152,6.538684012264459
405,20,750,199.65382405805332,10.618620533798932
405,20,792,192.9946167919165,9.395538073328405
405,20,850,194.03624346792648,5.7665812945701544
405,20,782,204.77514056883192,9.942931293941912
405,20,748,196.69924423399362,7.457361792078965
405,20,680,201.03751102542182,9.539991970674054
405,20,646,199.65382405805332,11.094081154715303
405,20,1701,245.55604521958344,17.139072302971027
405,100,1624,90,2.1739130434782608
405,20,322,190.61965527615513,11.383790626643151
405,20,396,213.69006752597977,10.085458113185984
405,20,324,188.7461622625552,8.8274808308496
405,20,306,209.7448812969422,11.600370860861222
405,20,192,206.56505117707798,3.2173639964025753
405,20,176,192.9946167919165,9.598319470594486
405,20,160,186.3401917459099,6.561873288505375
405,20,465,219.80557109226518,15.939285052870723
405,20,350,206.56505117707798,17.88854381999832
405,20,275,196.69924423399362,13.9204086785474
405,20,1537,201.80140948635182,3.6142045685466466
405,20,1800,202.61986494804043,9.701492537313433
405,20,1269,197.10272896905238,9.007596363400957
405,20,225,192.09475707701208,9.67420342113267
405,20,196,199.98310652189997,8.420647417783904
405,20,196,195.94539590092288,10.627897648584698
405,20,182,190.30484646876602,7.657767046232157
405,20,384,180,3.3557046979865772
405,20,132,326.30993247402023,2.6511406437235214
405,20,2944,8.530765609948162,13.851882476819647
405,20,3150,11.30993247402023,11.50154777502132
405,20,2842,33.69006752597977,2.387782301631781
405,100,1344,170.53767779197437,4.1950086415849785
405,100,1344,171.86989764584405,5.481447916174787
405,100,1400,180,4.10958904109589
405,100,1320,171.86989764584405,4.944802665640193
405,100,1280,158.19859051364824,3.688469045982537
405,100,1280,165.9637565320735,2.9035955109983522
405,100,1248,172.8749836510982,5.884859670290911
405,100,1287,170.53767779197437,4.40779893499871
405,100,1209,170.53767779197437,4.22414064604043
405,100,1209,161.56505117707798,4.106854104114778
405,100,1170,161.56505117707798,2.4705294220065466
405,100,1170,180,4.166666666666666
405,100,1200,209.7448812969422,5.717913296665637
405,100,1102,129.8055710922652,5.349486079388119
405,100,1131,168.69006752597977,3.5908588123892846
405,100,1131,153.43494882292202,3.021713483107824
405,100,1073,161.56505117707798,4.650408323777029
405,100,4526,323.9726266148964,9.856138049808292
405,100,3942,353.6598082540901,6.288461901484317
405,100,3744,23.962488974578207,6.395362208958509
405,100,3640,0,7.8125
405,100,3588,90,2.7777777777777777
405,100,3380,300.9637565320735,4.135426875776809
405,100,520,53.13010235415595,3.4013605442176873
405,100,728,342.89727103094765,19.023035676553068
405,100,676,0,1.2738853503184715
405,100,714,326.30993247402023,2.6511406437235214
405,100,765,315,1.977921066256077
405,100,780,306.86989764584405,3.7037037037037033
405,100,624,341.565051177078,2.1659436028550543
405,100,728,323.13010235415595,3.1645569620253164
405,100,795,303.69006752597977,2.9313425003772267
405,100,864,306.86989764584405,3.4482758620689653
405,100,832,326.30993247402023,2.486587086526889
405,100,440,194.03624346792648,6.108304630544683
405,100,468,180,4.794520547945205
405,100,418,172.8749836510982,5.102694777404145
405,100,407,180,5.691056910569105
405,100,407,180,4.137931034482759
405,100,407,164.0546040990771,5.020765440883116
405,100,456,189.4623222080256,4.715319790928852
405,100,396,191.3099324740202,3.4924791188991673
405,100,385,135,4.944802665640193
405,100,455,187.1250163489018,5.522094348149691
405,100,481,191.3099324740202,3.5908588123892846
405,100,385,153.43494882292202,6.528665627736613
405,100,374,191.3099324740202,3.6949416765165104
405,100,363,153.43494882292202,4.6584749531245615
405,100,320,165.9637565320735,2.6773413153361436
405,20,390,331.3895403340348,7.9808688446762215
405,20,390,347.0053832080835,10.031326364004762
405,100,200,333.434948822922,1.5421158465515792
405,100,187,315,0.9753196981883415
405,100,140,341.565051177078,2.4513780311382787
405,100,160,296.565051177078,3.0631068184928627
405,100,135,326.30993247402023,2.521364528296496
405,100,112,345.96375653207355,2.8240449490531923
405,100,104,0,0.7042253521126761
405,100,91,323.13010235415595,3.64963503649635
405,100,91,326.30993247402023,2.6127183155536153
405,100,81,340.90650799951436,18.844954098900825
405,100,160,309.8055710922652,5.500175828103277
405,100,319,90,10.294117647058822
405,100,168,315,1.950639396376683
405,20,108,180,3.4246575342465753
405,20,117,168.69006752597977,3.565747911603346
405,20,117,173.65980825409008,6.468132241526726
405,20,117,258.69006752597977,3.4687207575461123
405,20,117,243.43494882292202,4.826045994603863
405,20,108,140.19442890773485,5.74283064404901
405,100,799,168.69006752597977,3.4924791188991673
405,100,782,180,2.797202797202797
405,100,799,173.65980825409008,6.468132241526726
405,100,782,206.56505117707798,3.042269357142571
405,100,828,165.9637565320735,5.932526080025411
405,100,874,171.86989764584405,5.199314567548144
405,100,1134,201.80140948635182,3.7658495154786737
405,100,950,146.30993247402023,4.905511939406788
405,100,893,153.43494882292202,3.2643328138683065
405,100,980,158.19859051364824,3.6386248696854757
405,100,969,180,4.838709677419355
405,100,960,161.56505117707798,2.094223616005549
405,100,940,170.53767779197437,4.314015978934908
405,100,900,168.69006752597977,3.80523844297969
405,100,1150,255.06858282186244,10.015596578232273
405,20,700,30.256437163529256,9.450642169693744
405,20,247,45,5.199314567548144
405,20,234,90,4.895104895104895
405,20,234,104.03624346792651,5.609667517847157
405,20,221,0,3.64963503649635
405,20,345,105.64224645720873,19.519932309394243
405,20,266,303.69006752597977,2.436183294232425
405,20,315,45,3.0743773095067284
405,20,300,203.19859051364818,5.439837932759935
405,20,221,194.03624346792648,2.9662630400127057
405,20,195,303.69006752597977,7.069708383262725
405,20,182,42.13759477388828,20.52145254855985
405,20,196,0,0.684931506849315
405,20,182,0,1.3888888888888888
405,20,195,45,3.030457633656632
405,100,2482,180,4.137931034482759
405,100,2310,161.56505117707798,4.485500227189191
405,100,2660,161.56505117707798,2.3424278964210217
405,100,2627,191.3099324740202,3.6163258961650957
405,100,2450,186.3401917459099,6.377031787420716
405,100,2343,180,3.4482758620689653
405,100,2520,191.3099324740202,3.376834114962109
405,100,2244,180,4.511278195488721
405,100,2079,180,3.4965034965034967
405,100,1829,189.4623222080256,4.40779893499871
405,100,1674,219.80557109226518,5.277195726963956
405,100,1421,201.80140948635182,4.018779706816794
405,100,1215,180,3.2679738562091507
405,100,1118,161.56505117707798,2.5298221281347035
405,100,1000,165.9637565320735,2.8435211211156277
405,100,912,153.43494882292202,1.552824984374854
405,100,805,153.43494882292202,4.9325028915436535
405,100,759,180,3.3112582781456954
405,100,704,165.9637565320735,2.8240449490531923
405,100,660,50.19442890773479,5.539184167309684
405,100,462,45,8.599947338755308
405,100,495,26.565051177077976,3.240678228260565
405,100,528,15.945395900922847,5.200078492343227
405,20,154,218.65980825409008,4.385701532488253
405,100,1170,270,1.574803149606299
405,100,1312,270,1.36986301369863
405,100,1170,315,3.9837001756988593
405,100,1110,326.30993247402023,2.5571285641588575
405,100,1116,323.13010235415595,3.4013605442176873
405,100,1116,323.13010235415595,3.6231884057971016
405,100,1085,315,1.9372788525658837
405,100,1088,315,5.397761688446928
405,100,1056,315,1.9641855032959656
405,100,1122,315,3.008965026325734
405,100,1122,315,2.7912109783679506
405,100,1190,333.434948822922,3.240678228260565
405,100,1295,308.6598082540901,4.326435295562735
405,100,1330,341.565051177078,2.2750198994017117
405,100,325,303.69006752597977,2.5571285641588575
405,100,300,315,2.7912109783679506
405,100,375,319.3987053549955,6.680829316878905
405,100,225,338.1985905136482,3.98901096824778
405,100,250,348.69006752597977,3.565747911603346
405,100,250,0,3.9735099337748347
405,100,243,345.96375653207355,5.8071910219967044
405,100,243,348.69006752597977,3.4924791188991673
405,100,243,350.5376777919744,4.643330175800167
405,100,243,0,3.6231884057971016
405,100,243,336.8014094863518,5.3632204970872595
405,100,280,351.86989764584405,4.621612948931683
405,100,308,348.69006752597977,3.80523844297969
405,100,280,333.434948822922,4.69105170104851
405,100,308,0,3.546099290780142
405,100,1265,39.28940686250036,9.938930352134193
405,100,589,270,9.929078014184398
405,100,1598,70.01689347810003,8.360499936228303
405,100,2142,56.30993247402023,5.114257128317715
405,100,2544,326.30993247402023,2.521364528296496
405,100,2950,315,1.9641855032959656
405,100,3360,315,2.064545346530066
405,100,3016,225,1.9918500878494296
405,100,3380,258.69006752597977,3.5165651817881276
405,100,3192,135,1.024792436502243
405,100,3132,248.19859051364818,3.5197155602186303
405,100,2632,135,3.2141217326661247
405,100,2585,206.56505117707798,1.552824984374854
405,100,2491,225,1.0398629135096287
405,100,2544,270,0.684931506849315
405,100,2544,243.43494882292202,1.552824984374854
405,100,2448,254.05460409907715,2.5454929682799015
405,100,2250,233.13010235415598,3.7037037037037033
405,100,2250,315,1.0029883421085781
405,100,2150,323.13010235415595,3.4482758620689653
405,100,2100,288.434948822922,2.094223616005549
405,100,2050,270,2.2556390977443606
405,100,198,344.05460409907715,4.918993168432782
405,100,275,324.4623222080256,6.516913081092899
405,100,200,333.434948822922,4.47213595499958
405,100,200,350.5376777919744,4.472619507572221
405,100,231,0,4.444444444444445
405,100,240,338.1985905136482,3.7658495154786737
405,20,77,164.0546040990771,5.090985936559803
405,20,70,180,6.622516556291391
405,20,60,158.19859051364824,7.584739164978174
405,20,54,180,4.794520547945205
405,20,50,167.47119229084842,7.037820196406784
405,20,204,213.69006752597977,2.6127183155536153
405,20,228,198.43494882292202,2.0668481439009017
405,20,238,352.8749836510982,6.061847931051541
405,20,270,164.0546040990771,5.090985936559803
405,20,304,158.19859051364824,3.9022933385032634
405,20,238,187.1250163489018,5.447471451553073
405,20,234,170.53767779197437,4.539375022610612
405,20,216,165.9637565320735,2.6948402781814775
405,100,336,126.86989764584405,3.4246575342465753
405,100,350,194.03624346792648,3.1716197120135847
405,100,336,160.01689347809997,8.360499936228303
405,100,299,153.43494882292202,3.0631068184928627
405,100,299,167.47119229084842,6.585388898066348
405,100,312,180,2.142857142857143
405,100,275,189.4623222080256,3.949845798894948
405,100,275,180,2.380952380952381
405,100,275,164.0546040990771,5.090985936559803
405,100,250,158.19859051364824,3.542871583641121
405,100,250,180,2.142857142857143
405,100,216,141.34019174590992,4.606564199591977
405,100,207,150.9453959009229,3.6770107646382146
405,100,184,171.86989764584405,4.9104637582399135
405,100,176,135,1.9918500878494296
405,20,216,233.13010235415598,3.3557046979865772
405,20,228,213.69006752597977,2.670778722565918
405,20,252,231.3401917459099,4.157872881449902
405,20,276,216.86989764584402,3.7037037037037033
405,20,276,231.3401917459099,4.81437912588936
405,20,288,222.87890360333856,3.316835620580347
405,20,300,231.3401917459099,4.4159477499536886
405,20,300,225,2.1266369358993913
405,20,325,206.56505117707798,3.1273678006990067
405,20,338,233.13010235415598,3.3112582781456954
405,20,324,206.56505117707798,3.3374148917907314
405,20,312,218.65980825409008,4.573660169594892
405,20,992,194.03624346792648,12.494259471568668
405,20,220,165.9637565320735,3.0769444967295976
405,20,81,229.3987053549955,6.358306522270957
405,20,64,234.46232220802563,6.372092790401945
405,20,56,225,2.925959094565024
405,20,4794,194.03624346792648,17.79757824007623
405,20,3572,190.30484646876602,16.086819982012877
405,20,4067,189.4623222080256,4.082390959931691
405,20,3698,195.52411099675425,13.736427714903975
