808,100,855,26.565051177077976,4.9325028915436535
808,100,940,20.55604521958344,5.892416376081055
808,100,987,26.565051177077976,4.115462535275687
808,100,960,20.55604521958344,6.675002926029321
808,100,1197,329.03624346792645,4.106304151299508
808,100,2059,354.28940686250036,6.442227962256982
808,100,2052,18.434948822922024,4.5175395145262565
808,100,2028,33.69006752597977,5.421881617239081
808,100,2106,29.054604099077153,6.863753427324667
808,100,2054,33.69006752597977,4.839666141562401
808,100,2106,26.565051177077976,3.1943828249996997
808,100,2025,21.801409486351815,3.84654629081036
808,100,2000,48.81407483429035,7.3311350432652755
808,100,2000,21.801409486351815,3.84654629081036
808,100,1975,51.34019174590992,4.4777092569460475
808,100,2556,14.036243467926454,5.8901508937395155
808,100,2886,0,3.4965034965034967
808,100,3784,348.69006752597977,3.4924791188991673
808,100,3192,48.012787504183336,9.749002932662108
808,100,4277,296.565051177078,1.4710973536182828
808,100,3680,12.528807709151522,6.779076806833005
808,100,4554,350.5376777919744,4.166275705683712
808,100,4950,49.39870535499551,5.948093198253476
808,100,4900,0,2.380952380952381
808,100,5150,35.537677791974374,5.62243481506054
808,100,5995,0,3.6764705882352944
808,100,6270,18.434948822922024,10.683370473541821
808,100,6608,0,2
808,100,798,56.30993247402023,4.622501635210242
808,100,798,50.19442890773479,5.578749768504753
808,100,800,33.69006752597977,2.7109408086195406
808,100,741,39.80557109226521,5.206833117271103
808,100,684,45,7.5930929523387665
808,100,684,63.434948822922024,1.5971914124998499
808,100,1026,71.56505117707798,2.2587697572631282
808,100,1400,70.01689347810003,8.12826382688863
808,100,1320,55.007979801441365,8.247672713333582
808,100,1320,90,0.6666666666666667
808,100,1320,315,1.024792436502243
808,100,1320,120.96375653207349,8.512338532620877
808,100,1320,206.56505117707798,1.510856741553912
808,100,1320,348.69006752597977,3.9527283051106856
808,100,1320,0,5.839416058394161
808,20,294,30.963756532073546,3.7863323992501954
808,100,1050,51.34019174590992,4.708179586347683
808,100,1144,327.5288077091515,8.357951801541857
808,100,1400,45,1.0475656017578483
808,100,1260,333.434948822922,1.5315534092464314
808,100,880,53.13010235415595,3.3112582781456954
808,100,774,68.19859051364818,4.018779706816794
808,100,714,45,8.31890330807703
808,100,3752,11.30993247402023,6.579380017539077
808,100,5670,0,0.7462686567164178
808,100,5325,0,3.4013605442176873
808,100,5254,23.198590513648185,5.5186761636694985
808,100,5390,18.434948822922024,2.489982409581401
808,100,5600,38.65980825409008,4.326435295562735
808,100,5670,0,3.9473684210526314
808,100,5670,33.69006752597977,2.486587086526889
808,100,5530,45,4.454215944482189
808,100,5688,45,4.259679404738239
808,100,5694,56.30993247402023,3.0046260628866577
808,100,5852,26.565051177077976,1.6203391141302825
808,100,5264,0,3.2467532467532463
808,100,5665,26.565051177077976,4.826045994603863
808,100,5940,30.963756532073546,4.287464628562721
808,100,6448,45,4.532735776836843
808,100,6580,333.434948822922,4.896499220802459
808,100,5934,0,4.10958904109589
808,100,5762,11.30993247402023,3.80523844297969
808,100,6231,45,2.8096958192842947
808,100,6240,26.565051177077976,5.006122337686096
808,100,6111,21.801409486351815,3.959680005245959
808,100,5612,56.30993247402023,2.3261621132025736
808,100,1595,345.96375653207355,6.493079725382142
808,100,1325,55.007979801441365,7.3533467564660855
808,100,2304,225,5.439282932204212
808,100,2400,225,3.9837001756988593
808,100,2500,210.96375653207352,4.021346134376069
808,100,2444,206.56505117707798,1.6939908920452953
808,100,2544,219.80557109226518,5.0715906986406845
808,100,2700,239.03624346792648,4.164965639175215
808,100,2754,216.86989764584402,3.4246575342465753
808,100,3348,219.80557109226518,5.828544534258697
808,100,2793,161.56505117707798,2.1659436028550543
808,100,2773,225,7.556866363825698
808,100,2820,230.1944289077348,5.349486079388119
808,100,576,160.34617594194674,10.395852270852101
808,100,560,184.08561677997486,9.815153040292447
808,100,540,233.13010235415598,3.731343283582089
808,100,558,236.3099324740202,4.973174173053778
808,100,792,270,1.3071895424836601
808,100,888,230.1944289077348,6.149802894414688
808,100,912,240.25511870305775,5.235232304089967
808,100,988,225,1.9918500878494296
808,100,1064,246.80140948635182,5.726145192378879
808,100,988,243.43494882292202,1.510856741553912
808,100,950,216.86989764584402,3.6231884057971016
808,100,888,251.56505117707798,2.2269560987101262
808,100,805,270,3.4246575342465753
808,100,759,206.56505117707798,1.5746957588026689
808,100,920,281.30993247402023,6.012994709425453
808,100,851,284.03624346792645,5.975515399445885
808,100,805,300.9637565320735,8.212608302599016
808,100,748,305.5376777919744,5.734883511361751
808,20,704,48.81407483429035,8.436623660900516
808,20,814,32.005383208083515,6.506193884176968
808,20,2376,165.9637565320735,10.709365261344574
808,20,2279,167.00538320808346,9.956465719497265
808,20,2852,172.8749836510982,11.275884962655313
808,20,2970,165.0685828218625,10.780676872402795
808,20,2948,167.00538320808346,9.882714121575061
808,20,2752,161.56505117707798,8.784104611578831
808,20,2745,174.2894068625003,6.568546157595353
808,20,2668,171.86989764584405,5.123962182511215
808,20,3350,161.56505117707798,14.265914256398704
808,20,306,63.434948822922024,4.79157423749955
808,100,1288,42.87890360333853,14.257442667569254
808,100,1196,41.18592516570965,7.647586915636438
808,100,1150,48.81407483429035,7.382045703287951
808,100,1150,38.65980825409008,4.708179586347683
808,100,1128,26.565051177077976,7.605673392856429
808,100,1175,56.30993247402023,7.116219622626295
808,100,1128,29.054604099077153,7.301865348217731
808,100,1128,59.03624346792651,4.135426875776809
808,20,1650,48.81407483429035,6.99351698206227
808,100,1593,51.34019174590992,5.42637647240072
808,100,1456,66.80140948635182,5.010377043331519
808,100,1876,59.03624346792651,8.834775598250456
808,100,2346,63.434948822922024,3.312693299999689
808,100,2574,45,3.955842132512154
808,100,1736,32.47119229084848,8.692269873603532
808,100,1323,32.005383208083515,6.690766760323832
808,100,1144,33.69006752597977,5.263578504326992
808,100,1000,33.69006752597977,5.078241233047872
808,100,1107,45,7.121938803317746
808,20,304,51.34019174590992,8.831895499907377
808,20,270,95.19442890773485,7.219190207311936
808,20,238,26.565051177077976,1.6939908920452953
808,20,221,60.2551187030578,5.972042776517443
808,20,204,33.69006752597977,5.042729056592992
808,20,324,47.48955292199912,10.85254706406647
808,20,260,180,0.7092198581560284
808,20,221,53.13010235415595,3.64963503649635
808,20,225,40.60129464500449,6.025846050518227
808,20,208,56.30993247402023,5.462956477975741
808,20,180,63.434948822922024,3.312693299999689
808,20,210,38.65980825409008,4.4777092569460475
808,20,180,11.30993247402023,3.3993463423951895
808,20,182,63.434948822922024,7.929319069148192
808,100,544,26.565051177077976,1.6441676305145512
808,100,1064,325.00797980144137,8.536052878135456
808,100,901,90,7.482993197278912
808,100,810,60.94539590092285,8.171135032529365
808,100,1404,0,1.910828025477707
808,100,1092,45,6.379910807698172
808,100,990,38.65980825409008,4.21258173515319
808,100,1170,45,4.9104637582399135
808,100,1081,59.03624346792651,4.555431167847892
808,100,684,63.434948822922024,3.105649968749708
808,100,680,56.30993247402023,2.6511406437235214
808,100,680,38.65980825409008,4.4159477499536886
808,100,714,53.13010235415595,6.944444444444445
808,100,660,53.13010235415595,3.787878787878788
808,100,1368,305.5376777919744,5.734883511361751
808,100,1809,33.69006752597977,2.539120616523936
808,100,2240,63.434948822922024,8.160832034670767
808,100,3648,270,0.684931506849315
808,100,2432,26.565051177077976,6.2987830352106755
808,100,4400,149.0362434679265,4.2561692663104385
808,100,2400,28.300755766006375,10.622174863477268
808,100,3276,213.69006752597977,2.5571285641588575
808,100,3240,275.1944289077348,7.5138510321001775
808,100,1665,309.8055710922652,11.57074026060245
808,100,1125,296.565051177078,4.532570224661736
808,100,946,270,0.7633587786259541
808,100,860,236.3099324740202,6.802926934837716
808,100,840,63.434948822922024,1.6812541184208947
808,100,968,240.94539590092285,7.460601551439856
808,100,984,248.19859051364818,3.7396977827322946
808,100,882,209.7448812969422,5.560177757447275
808,20,234,144.46232220802563,5.892003607563443
808,20,200,108.43494882292202,4.4539121974202525
808,20,192,123.69006752597977,5.263578504326992
808,100,660,53.13010235415595,7.092198581560284
808,100,722,54.462322208025626,6.372092790401945
808,100,800,40.60129464500449,6.271798950539378
808,100,861,33.69006752597977,2.670778722565918
808,20,900,355.23635830927384,8.479996182248096
808,20,912,11.30993247402023,7.443824107434723
808,20,969,355.9143832200251,9.746992255290415
808,20,950,4.3987053549955135,8.869663136330134
808,20,950,349.695153531234,7.657767046232157
808,100,154,8.130102354155952,4.876598490941707
808,20,120,45,7.644397634449163
808,20,120,38.65980825409008,4.606564199591977
808,20,120,36.86989764584405,3.225806451612903
808,20,88,29.744881296942253,6.5018207647568955
808,20,99,39.80557109226521,5.461713060074583
808,20,336,194.03624346792648,5.8071910219967044
808,20,308,194.93141717813754,12.034243950589167
808,100,984,243.43494882292202,4.327873504838302
808,100,960,249.4439547804165,6.146765284401101
808,100,1118,231.3401917459099,4.4159477499536886
808,100,1400,213.69006752597977,2.372073207542098
808,100,1222,264.80557109226515,8.836288813749809
808,100,1170,251.56505117707798,2.2587697572631282
808,100,1118,225,1.885618083164127
808,100,1118,246.80140948635182,5.683412765570081
808,100,555,236.3099324740202,5.042729056592992
808,100,629,225,6.577737499409745
808,100,560,270,6.0402684563758395
808,100,666,243.43494882292202,6.084538714285142
808,20,2142,155.77225468204585,15.230355694070353
808,20,4576,143.9726266148964,9.646432984918754
808,100,2170,41.18592516570965,7.382045703287951
808,100,1888,35.537677791974374,5.549887269059759
808,100,2920,56.30993247402023,5.5046584358228845
808,100,2886,45,2.925959094565024
808,100,2920,63.434948822922024,3.1717276276592763
808,100,2993,45,3.74626109237906
808,100,3075,45,4.159451654038515
808,100,3432,33.69006752597977,2.6511406437235214
808,100,3483,45,2.737187540076958
808,100,6510,296.565051177078,1.5858638138296381
808,100,1150,38.65980825409008,4.446614053772811
808,100,1012,38.65980825409008,4.887881097276984
808,100,924,51.34019174590992,4.4159477499536886
808,100,3800,257.4711922908485,13.077368024528917
808,100,234,126.86989764584405,7.092198581560284
808,20,3172,56.30993247402023,2.5571285641588575
808,20,3050,108.43494882292202,2.1081851067789197
808,20,3000,71.56505117707798,2.2750198994017117
808,20,3127,90,0.78125
808,20,4466,60.2551187030578,2.794543413621681
808,20,4187,57.994616791916485,2.178748529343326
808,20,4150,63.434948822922024,3.5213668937004563
808,20,4272,63.434948822922024,1.4519921931816817
808,20,4050,78.69006752597977,3.668359362296967
808,20,5049,68.19859051364818,3.7658495154786737
808,20,4080,63.434948822922024,4.626347539654738
808,100,969,21.801409486351815,7.376938091965074
808,100,882,24.44395478041656,8.884592627643068
808,100,864,336.0375110254218,6.985005533188726
808,100,864,0,5.673758865248227
808,100,893,347.4711922908485,6.146362971528592
808,100,864,338.1985905136482,7.7484385714165525
808,100,799,26.565051177077976,5.2407843222651325
808,100,782,19.653824058053317,9.716384802168959
808,100,765,345.96375653207355,2.9450754468697578
808,100,765,30.256437163529256,9.852797155638159
808,100,799,14.036243467926454,2.8832906472850772
808,100,3060,75.06858282186249,10.932517391732413
808,100,2958,18.434948822922024,2.3082318687360432
808,100,2997,39.80557109226521,5.277195726963956
808,100,3712,36.86989764584405,3.731343283582089
808,100,4551,33.69006752597977,2.539120616523936
808,100,3920,284.03624346792645,5.571764358942785
808,100,3816,345.96375653207355,2.8832906472850772
808,100,4494,296.565051177078,1.6086819982012877
808,100,4653,26.565051177077976,1.5421158465515792
808,100,4200,345.96375653207355,2.6948402781814775
808,100,3362,63.434948822922024,1.8949728622879574
808,100,3198,0,2.564102564102564
808,100,2775,350.5376777919744,4.40779893499871
808,100,1944,77.00538320808346,9.956465719497265
808,100,1815,45,2.905918278848825
808,100,1643,14.036243467926454,2.9035955109983522
808,100,1392,345.96375653207355,2.7305335268991127
808,100,1260,0,5.223880597014925
808,100,1204,348.69006752597977,3.6163258961650957
808,20,588,34.992020198558635,8.192319205190405
808,20,585,35.537677791974374,6.419645721673602
808,20,455,348.69006752597977,3.6163258961650957
808,20,429,36.86989764584405,6.493506493506493
808,20,416,36.86989764584405,3.7593984962406015
808,100,2520,236.3099324740202,7.116219622626295
808,100,1924,260.5376777919744,4.439972649852715
808,100,1464,249.4439547804165,6.016904045998261
808,100,924,252.64597536373867,11.804968038197332
808,100,851,210.96375653207352,4.135426875776809
808,100,925,236.3099324740202,5.150787536377127
808,100,900,234.46232220802563,5.812381937190964
808,100,465,225,7.911684265024308
808,100,448,206.56505117707798,6.168463386206317
808,100,512,231.3401917459099,4.708179586347683
808,100,465,203.96248897457818,6.699903266527962
808,100,465,201.80140948635182,3.8192658206627685
808,100,450,203.96248897457818,7.29545022355267
808,100,435,200.55604521958347,5.772975503592926
808,100,700,173.65980825409008,6.609770173822932
808,100,748,265.6012946450045,9.247095610216524
808,100,546,206.56505117707798,1.5746957588026689
808,100,437,206.56505117707798,15.131287065788051
808,100,483,201.80140948635182,3.590109871423002
808,100,440,270,0.7692307692307693
808,100,665,210.96375653207352,3.7863323992501954
808,100,576,204.77514056883192,10.012462282011436
808,100,561,164.0546040990771,5.275441948753999
808,100,931,105.25511870305775,7.756295408837673
808,100,760,320.1944289077348,5.539184167309684
808,100,840,74.05460409907715,5.392673992059643
808,100,780,63.434948822922024,3.021713483107824
808,100,819,63.434948822922024,6.528665627736613
808,20,96,170.53767779197437,9.14701132375672
808,20,224,146.30993247402023,7.211102550927979
808,20,840,98.9726266148964,14.796449278208726
808,20,602,119.74488129694225,5.235232304089967
808,20,420,180,6.7114093959731544
808,20,465,165.9637565320735,8.835226340609271
808,20,722,195.94539590092288,10.253675900395095
808,100,468,335.55604521958344,8.884592627643068
808,100,432,5.194428907734789,7.670389595268931
808,100,408,354.28940686250036,7.230126346130136
808,100,384,16.699244233993625,7.200211385455551
808,100,372,8.130102354155952,10.32272673265033
808,20,336,351.86989764584405,4.777748521530727
808,20,300,9.462322208025626,8.567271169434111
808,20,242,20.55604521958344,5.892416376081055
808,20,220,4.7636416907261605,8.854113660876688
808,20,187,21.801409486351815,7.7484385714165525
808,100,1748,243.43494882292202,4.6584749531245615
808,100,1599,206.56505117707798,3.105649968749708
808,100,1600,206.56505117707798,3.3879817840905906
808,100,1440,218.65980825409008,4.326435295562735
808,100,1681,218.65980825409008,4.67381331199478
808,100,1599,214.99202019855866,8.476774733148403
808,100,1517,213.69006752597977,2.6127183155536153
808,100,1435,218.65980825409008,4.541222863427552
808,100,1240,203.96248897457818,6.985005533188726
808,100,1148,216.86989764584402,3.3333333333333335
808,100,1066,234.46232220802563,5.62243481506054
808,100,1050,216.86989764584402,3.875968992248062
808,100,1000,213.69006752597977,2.6127183155536153
808,100,1250,323.13010235415595,3.4482758620689653
808,100,1300,299.7448812969422,5.677646301618696
808,100,1275,309.8055710922652,5.539184167309684
808,100,1275,315,3.8482001697227077
808,100,1250,315,4.876598490941707
808,100,480,225,3.2888687497048723
808,100,798,258.69006752597977,7.498558108224683
808,100,741,248.19859051364818,7.085743167282242
808,100,902,243.43494882292202,9.065140449323472
808,100,741,251.56505117707798,7.079726104854581
808,100,820,270,6.521739130434782
808,100,672,253.30075576600638,7.6206616853361675
808,100,630,206.56505117707798,3.105649968749708
808,100,645,255.9637565320735,2.9450754468697578
808,100,810,288.434948822922,2.1223340001130064
808,100,799,254.05460409907715,5.275441948753999
808,100,987,260.5376777919744,4.2836355847170555
808,100,874,261.869897645844,5.050762722761054
808,100,893,251.56505117707798,2.211382979138727
808,100,960,251.56505117707798,6.728250340783785
808,100,874,153.43494882292202,1.552824984374854
808,20,1836,161.56505117707798,4.5175395145262565
808,20,1650,126.86989764584405,7.194244604316546
808,20,2500,321.3401917459099,4.639945099589021
808,20,1683,171.86989764584405,4.8102502121533846
808,20,2632,146.30993247402023,2.539120616523936
808,20,2592,161.56505117707798,2.2587697572631282
808,20,2597,153.43494882292202,3.1493915176053378
808,20,2254,180,0.6756756756756757
808,20,2150,180,0.7246376811594203
808,20,2464,123.69006752597977,2.5939217809093447
808,20,2365,135,1.0029883421085781
808,20,2520,153.43494882292202,1.5746957588026689
808,20,2408,180,0.6802721088435374
808,20,2394,116.56505117707798,1.6441676305145512
808,20,2394,135,0.9491366190423458
808,20,2296,180,1.4184397163120568
808,20,2394,116.56505117707798,1.6086819982012877
808,20,2296,225,0.9686394262829419
808,20,2451,108.43494882292202,2.1808811449437098
808,20,2451,135,1.0475656017578483
808,20,2352,180,0.6578947368421052
808,20,2378,135,1.0553832555023097
808,20,2394,90,1.4184397163120568
808,20,2451,180,0.6944444444444444
808,20,2337,153.43494882292202,1.5211346785712856
808,20,2337,90,0.6944444444444444
808,20,2419,180,0.7751937984496124
808,20,2745,135,1.0878565864408425
808,20,2914,180,0.32786885245901637
808,20,3111,135,0.9620500424306769
808,20,3100,315,0.9065471553673687
808,20,2989,90,0.7633587786259541
808,20,3038,270,0.7352941176470588
808,20,3172,90,0.6493506493506493
808,20,3445,270,1.4492753623188406
808,20,3100,45,1.0101525445522108
808,20,2928,135,1.024792436502243
808,20,3038,180,0.6756756756756757
808,20,3087,90,1.4598540145985401
808,20,3087,90,0.7194244604316548
808,20,3038,180,0.6802721088435374
808,20,3087,90,0.6993006993006993
808,20,2880,180,0.8064516129032258
808,20,2832,90,0.7042253521126761
808,20,2784,270,0.6896551724137931
808,20,2688,270,0.7407407407407408
808,20,2880,90,1.3245033112582782
808,20,2773,180,0.6711409395973155
808,20,2773,0,2.2222222222222223
808,20,2773,180,0.6756756756756757
808,20,2773,180,0.7092198581560284
808,20,2576,270,1.4598540145985401
808,20,2520,180,0.7246376811594203
808,20,2530,135,1.977921066256077
808,20,2530,333.434948822922,1.6086819982012877
808,20,2438,90,0.7575757575757576
808,20,2397,90,0.7751937984496124
808,20,2303,90,0.6622516556291391
808,20,2304,0,0.6622516556291391
808,20,2256,180,0.6896551724137931
808,20,2352,0,0.7352941176470588
808,20,2256,180,0.6666666666666667
808,20,2350,270,0.7042253521126761
808,20,2303,90,0.7092198581560284
808,20,2256,180,0.7299270072992701
808,20,2064,180,0.6993006993006993
808,20,1968,180,0.6896551724137931
808,20,1938,90,1.3888888888888888
808,20,1911,338.1985905136482,3.8192658206627685
808,20,1911,168.69006752597977,3.7492790541123413
808,20,1824,90,0.6802721088435374
808,20,1728,225,0.9889605331280386
808,20,1700,296.565051177078,1.510856741553912
808,20,1700,108.43494882292202,2.211382979138727
808,20,1568,303.69006752597977,2.6907099070626788
808,20,1568,123.69006752597977,2.670778722565918
808,20,1568,315,1.9241000848613539
808,20,1600,296.565051177078,1.4808397201985364
808,20,1568,116.56505117707798,1.774657124999833
808,20,1617,180,0.6756756756756757
808,20,1568,0,0.7142857142857143
808,20,1617,180,0.6944444444444444
808,20,1568,0,0.7462686567164178
808,20,1568,0,2.73972602739726
808,20,1568,180,2.2556390977443606
808,20,1617,180,0.7092198581560284
808,20,1536,345.96375653207355,2.6430164266779874
808,20,1536,180,0.7633587786259541
808,20,1551,135,0.9959250439247148
808,20,1457,45,0.9686394262829419
808,20,1457,333.434948822922,1.6939908920452953
808,20,1472,146.30993247402023,2.46955566812602
808,20,1485,0,2.0689655172413794
808,20,1505,135,0.9428090415820635
808,20,1353,90,0.6802721088435374
808,20,1344,270,0.7042253521126761
808,20,1312,90,0.7518796992481203
808,20,1353,180,0.7299270072992701
808,20,1344,243.43494882292202,1.6812541184208947
808,20,1376,45,1.0475656017578483
808,20,1364,225,0.9304036594559837
808,20,1376,90,0.6802721088435374
808,20,1419,180,0.7299270072992701
808,20,1452,270,1.5151515151515151
808,20,1419,90,0.7142857142857143
808,20,1408,270,0.6451612903225806
808,20,1376,90,0.6896551724137931
808,20,1364,296.565051177078,1.6203391141302825
808,20,1305,104.03624346792651,2.9035955109983522
808,20,1260,0,0.7299270072992701
808,20,1215,180,0.641025641025641
808,20,1170,0,0.7246376811594203
808,20,1170,180,0.6993006993006993
808,20,1170,90,0.7042253521126761
808,20,1134,243.43494882292202,1.510856741553912
808,20,1134,153.43494882292202,1.6441676305145512
808,100,420,135,2.925959094565024
808,100,546,153.43494882292202,3.312693299999689
808,100,450,71.56505117707798,2.2269560987101262
808,100,575,161.56505117707798,4.3318872057101085
808,100,572,146.30993247402023,2.539120616523936
808,100,588,116.56505117707798,1.5971914124998499
808,20,589,161.56505117707798,2.2269560987101262
808,20,493,116.56505117707798,1.6203391141302825
808,20,448,0,1.4388489208633095
808,20,756,206.56505117707798,1.5858638138296381
808,20,756,180,1.4084507042253522
808,20,798,153.43494882292202,1.5211346785712856
808,20,672,225,0.9491366190423458
808,20,600,116.56505117707798,1.5858638138296381
808,20,615,161.56505117707798,2.1659436028550543
808,20,630,135,0.9753196981883415
808,20,615,180,0.7407407407407408
808,20,602,225,0.9304036594559837
808,20,645,135,2.1107665110046194
808,20,630,225,1.0029883421085781
808,20,660,90,1.3888888888888888
808,20,660,180,0.7092198581560284
808,20,12,213.69006752597977,2.6511406437235214
808,20,3825,135,1.0795523376893856
808,20,3850,180,0.7194244604316548
808,20,3750,180,0.7299270072992701
808,20,3850,153.43494882292202,1.5315534092464314
808,20,3900,0,0.684931506849315
808,20,3850,180,0.7142857142857143
808,20,3800,0,0.6756756756756757
808,20,3724,90,0.7194244604316548
808,20,3750,180,0.7299270072992701
808,20,3750,180,0.7194244604316548
808,20,3675,90,0.7246376811594203
808,20,3626,0,0.7633587786259541
808,20,3577,0,0.7194244604316548
808,20,3700,225,0.9620500424306769
808,20,3626,90,0.7462686567164178
808,20,3626,180,0.7142857142857143
808,20,3750,315,0.9620500424306769
808,20,3504,180,0.6896551724137931
808,20,3431,90,0.684931506849315
808,20,3404,135,1.0553832555023097
808,20,3404,315,0.9889605331280386
808,20,3404,0,0.7352941176470588
808,20,3525,135,1.9110994086122908
808,20,3404,296.565051177078,1.6563466499998445
808,20,3404,315,1.0713739108887086
808,20,3358,180,0.6172839506172839
808,20,3285,90,0.7575757575757576
808,20,3240,0,0.6896551724137931
808,20,3195,180,0.7352941176470588
808,20,3105,0,0.7751937984496124
808,20,3060,0,0.6896551724137931
808,20,3060,180,0.7936507936507936
808,20,2970,0,0.7352941176470588
808,20,3015,180,0.7194244604316548
808,20,2970,315,0.9620500424306769
808,20,2925,180,0.7042253521126761
808,20,2925,0,0.7352941176470588
808,20,2925,180,0.6944444444444444
808,20,2925,180,0.7092198581560284
808,20,2860,0,0.6993006993006993
808,20,2904,0,0.6451612903225806
808,20,2860,180,0.7407407407407408
808,20,2860,180,0.78125
808,20,2860,0,0.7246376811594203
808,20,2816,0,0.6993006993006993
808,20,2860,180,0.7246376811594203
808,20,2795,90,0.7633587786259541
808,20,2752,0,0.7194244604316548
808,20,2709,180,0.7518796992481203
808,20,2666,90,0.7299270072992701
808,20,2709,180,0.6622516556291391
808,20,2709,0,0.7092198581560284
808,20,2352,146.30993247402023,4.775564603263562
808,20,2352,150.2551187030578,6.201736729460423
808,20,2352,144.46232220802563,5.773372662444716
808,20,2961,59.03624346792651,4.135426875776809
808,20,3055,84.28940686250036,7.230126346130136
808,20,3312,135,6.82723788731839
808,20,4350,108.43494882292202,6.728250340783785
808,100,3150,149.0362434679265,4.287464628562721
808,100,3712,158.19859051364824,3.5197155602186303
808,100,2156,56.30993247402023,4.93911133625204
808,100,2205,150.2551187030578,5.8422157596366295
808,100,2254,161.56505117707798,2.053427052057389
808,20,1908,161.56505117707798,8.213708208229557
808,20,988,162.64597536373867,12.509742249432993
808,20,493,132.87890360333853,13.549626364923972
808,20,580,145.30484646876602,10.829718014275272
808,20,1190,159.44395478041656,12.47299816834676
808,20,2320,168.111341960372,14.069918723875071
808,100,1204,45,7.4432292756478695
808,100,1161,15.945395900922847,4.9524557069935495
808,100,1161,35.537677791974374,6.773484462238288
808,100,1176,35.537677791974374,5.8519219503691335
808,100,1040,18.434948822922024,4.244668000226013
808,100,1026,29.054604099077153,7.199741357333567
808,100,864,52.125016348901795,8.572747557136376
808,100,782,9.462322208025626,4.137933694080422
808,100,840,23.198590513648185,5.726145192378879
808,100,805,18.434948822922024,2.1223340001130064
808,100,912,45,5.851918189130048
808,100,888,9.462322208025626,4.137933694080422
808,100,1150,250.34617594194668,11.988765118805247
808,100,780,230.1944289077348,5.138322155201746
808,100,897,230.1944289077348,5.206833117271103
808,100,3216,71.56505117707798,6.367002000339019
808,100,3621,239.03624346792648,4.4511083166758025
808,100,1836,270,2.2388059701492535
808,100,1500,180,0.6944444444444444
808,100,1323,180,1.3986013986013985
808,100,1222,236.3099324740202,7.408667004378061
808,100,1080,225,3.2141217326661247
808,100,966,198.43494882292202,2.0271010642104996
808,100,920,180,2.4193548387096775
808,100,975,290.55604521958344,5.621055095603639
808,100,874,302.0053832080835,6.289320754704403
808,100,800,26.565051177077976,2.9421947072365655
808,100,861,45,3.771236166328254
808,100,924,38.65980825409008,4.778450923457349
808,100,1080,21.801409486351815,3.688469045982537
808,100,1080,18.434948822922024,4.566465935261197
808,100,1296,333.434948822922,3.1273678006990067
808,100,1100,30.963756532073546,3.8615575462551663
808,100,1392,15.945395900922847,5.126837950197547
808,100,1692,9.462322208025626,4.253680091117635
808,100,1204,29.054604099077153,7.250443761258452
808,100,1134,0,2.307692307692308
808,100,1107,26.565051177077976,2.777724195651913
808,100,1134,0,5.64516129032258
808,100,1092,18.434948822922024,4.5175395145262565
808,100,975,56.30993247402023,2.4198330707812006
808,100,897,56.30993247402023,2.539120616523936
808,100,1035,68.19859051364818,4.018779706816794
808,100,4136,245.55604521958344,8.819741586565382
808,100,3240,250.70995378081125,14.613531103735925
808,100,2806,158.19859051364824,3.8742192857082762
808,100,2376,249.4439547804165,6.016904045998261
808,100,2142,200.55604521958347,6.376122197998157
808,100,1950,246.80140948635182,5.288731323516603
808,100,1323,229.3987053549955,6.18761372972677
808,100,1242,216.86989764584402,3.5211267605633805
808,100,1215,236.3099324740202,8.072129721188036
808,100,1188,213.69006752597977,2.6907099070626788
808,100,1188,225,4.561979233461598
808,100,1188,233.13010235415598,7.352941176470589
808,100,1215,225,2.925959094565024
808,100,1161,230.1944289077348,5.349486079388119
808,100,1161,225,2.0348396580907844
808,100,1134,233.13010235415598,3.4482758620689653
808,100,800,225,2.9462782549439477
808,100,936,296.565051177078,1.5315534092464314
808,100,912,225,3.0968180197950983
808,100,816,213.69006752597977,2.3412670619896034
808,100,782,206.56505117707798,1.6441676305145512
808,100,900,230.1944289077348,5.872368177373424
808,100,798,206.56505117707798,3.1273678006990067
808,100,702,213.69006752597977,2.486587086526889
808,100,560,143.13010235415595,3.571428571428571
808,100,544,254.05460409907715,5.275441948753999
808,100,528,243.43494882292202,6.126213636985725
808,100,527,158.19859051364824,3.9307772314850395
808,100,435,303.69006752597977,2.486587086526889
808,100,620,225,3.74626109237906
808,100,522,240.25511870305775,5.717913296665637
808,100,532,270,2.2900763358778624
808,100,513,225,2.651650429449553
808,20,270,101.30993247402023,3.6949416765165104
808,20,288,236.3099324740202,2.46955566812602
808,20,605,123.69006752597977,2.631789252163496
808,100,440,259.695153531234,7.710579232757896
808,100,555,234.46232220802563,5.696904150359355
808,100,416,250.01689347810003,8.301205610439451
808,100,464,213.69006752597977,2.7523292179114422
808,100,351,243.43494882292202,1.3975424859373686
808,100,364,251.56505117707798,2.4513780311382787
808,100,420,243.43494882292202,4.594660227739293
808,100,1122,251.56505117707798,14.70826818682967
808,100,1152,206.56505117707798,3.0631068184928627
808,100,1056,216.86989764584402,3.571428571428571
808,100,1150,198.43494882292202,2.2915055508466518
808,100,1125,225,2.0203050891044216
808,100,1144,296.565051177078,1.5636839003495033
808,100,1104,248.19859051364818,3.8192658206627685
808,100,968,236.3099324740202,2.6127183155536153
808,100,880,243.43494882292202,2.98142396999972
808,100,756,213.69006752597977,2.539120616523936
808,100,656,206.56505117707798,1.5971914124998499
808,100,560,225,0.9753196981883415
808,100,585,206.56505117707798,6.725016473683579
808,100,630,248.19859051364818,3.542871583641121
808,100,714,281.30993247402023,3.5165651817881276
808,100,748,291.8014094863518,3.9307772314850395
808,100,518,90,0.702576112412178
808,100,468,239.03624346792648,4.287464628562721
808,100,561,189.4623222080256,4.1950086415849785
808,100,924,0,0.7299270072992701
808,100,946,116.56505117707798,1.4710973536182828
808,100,903,236.3099324740202,2.631789252163496
808,100,792,18.434948822922024,6.63414893741618
808,100,836,45,7.332959212304938
808,100,874,53.13010235415595,3.6764705882352944
808,100,858,36.86989764584405,6.944444444444445
808,100,560,164.0546040990771,5.126837950197547
808,100,560,168.69006752597977,3.3993463423951895
808,100,510,198.43494882292202,7.2418572370268235
808,100,962,198.43494882292202,8.604837170526203
808,100,720,161.56505117707798,4.684855792842043
808,100,594,188.13010235415598,4.876598490941707
808,100,630,209.05460409907712,6.77344088222829
808,100,648,189.4623222080256,4.539375022610612
808,100,703,180,5.555555555555555
808,100,703,194.03624346792648,5.497474167490214
808,100,722,189.4623222080256,4.539375022610612
808,100,861,203.19859051364818,5.47897345745605
808,20,506,30.963756532073546,4.225327460032827
808,20,644,33.69006752597977,7.069708383262725
808,20,725,45,4.419417382415922
808,20,891,45,0.9889605331280386
808,20,1032,26.565051177077976,4.724087276408007
808,20,1344,26.565051177077976,5.96284793999944
808,20,1232,14.036243467926454,3.147408874517298
808,20,1276,56.30993247402023,4.973174173053778
808,20,1350,20.55604521958344,5.812247445794238
808,20,1296,45,2.0951312035156966
808,100,1768,71.56505117707798,2.1808811449437098
808,100,1768,45,4.652018297279918
808,100,1728,45,2.1107665110046194
808,100,2035,38.65980825409008,4.446614053772811
808,20,868,38.65980825409008,4.240479627438972
808,20,870,14.036243467926454,2.9035955109983522
808,20,1026,45,6.332299533013858
808,20,1218,38.65980825409008,4.326435295562735
808,100,792,36.86989764584405,3.597122302158273
808,100,713,41.18592516570965,7.486018177982149
808,100,690,33.69006752597977,4.713138922175149
808,100,814,8.130102354155952,5.439282932204212
808,100,874,0,2.083333333333333
808,100,759,48.36646066342979,8.362218457494649
808,100,682,39.80557109226521,5.539184167309684
808,100,920,243.43494882292202,4.532570224661736
808,100,798,239.03624346792648,4.164965639175215
808,100,990,251.56505117707798,6.324555320336758
808,100,960,281.30993247402023,3.7219120537173613
808,100,899,254.05460409907715,5.200078492343227
808,100,840,270,4.10958904109589
808,3,3542,54.462322208025626,5.892003607563443
808,100,3476,296.565051177078,1.4710973536182828
808,100,3564,21.801409486351815,3.7396977827322946
808,100,1500,206.56505117707798,9.515182882977829
808,100,2006,232.1250163489018,7.756295408837673
808,100,1815,217.87498365109818,7.452126961432275
808,100,1590,198.43494882292202,5.019488349473619
808,100,1750,212.00538320808352,6.597189602836785
808,100,2352,251.56505117707798,2.1223340001130064
808,100,4628,84.80557109226521,7.126039365927266
808,20,528,21.801409486351815,3.7396977827322946
808,20,528,40.60129464500449,6.402461428675616
808,20,528,38.65980825409008,4.541222863427552
808,20,528,21.801409486351815,3.792369582489087
808,20,528,18.434948822922024,4.550039798803423
808,20,528,39.80557109226521,5.313095017623574
808,20,550,45,6.239177481057772
808,20,528,14.036243467926454,2.8435211211156277
808,20,528,30.963756532073546,3.93983236138196
808,20,528,315,4.190262407031393
808,20,528,326.30993247402023,2.521364528296496
808,20,528,40.60129464500449,6.18761372972677
808,3,6716,69.44395478041656,6.146765284401101
808,3,6935,66.80140948635182,5.599833166076404
808,20,1140,51.34019174590992,4.297398817069026
808,20,1140,38.65980825409008,4.639945099589021
808,20,1140,56.30993247402023,5.007710104811096
808,100,924,45,6.332299533013858
808,100,968,33.69006752597977,5.187843561818689
808,100,990,45,4.0119533684343125
808,100,1058,0,2.8368794326241136
808,100,1035,59.03624346792651,7.933267884143266
808,100,1586,36.86989764584405,6.535947712418301
808,100,1248,0,2.380952380952381
808,100,1058,38.65980825409008,4.4777092569460475
808,100,946,60.2551187030578,5.410911240468825
808,100,924,50.19442890773479,5.500175828103277
808,100,902,14.036243467926454,2.8832906472850772
808,100,880,21.801409486351815,3.66337741981939
808,100,880,36.86989764584405,3.7037037037037033
808,100,920,26.565051177077976,6.434727992805151
808,100,943,30.963756532073546,4.135426875776809
808,100,1144,35.537677791974374,6.10093990570399
808,100,285,222.87890360333856,13.549626364923972
808,100,672,245.55604521958344,8.164220252428764
808,100,450,128.65980825409008,4.573660169594892
808,100,325,255.9637565320735,2.9662630400127057
808,100,276,188.13010235415598,5.014941710542891
808,100,250,225,4.979625219623574
808,100,405,217.87498365109818,8.445743889623245
808,100,299,258.69006752597977,3.18688719599549
808,100,312,218.65980825409008,4.925480182640653
808,100,264,240.25511870305775,5.522094348149691
808,20,480,8.74616226255523,8.485771895461875
808,20,594,351.86989764584405,5.316592339748478
808,20,630,0,5.072463768115942
808,100,663,161.56505117707798,6.975612485665543
808,100,640,200.55604521958347,5.621055095603639
808,100,680,206.56505117707798,9.938079899999066
808,100,1280,135,7.911684265024308
808,100,1608,199.65382405805332,9.977227347193628
808,100,1100,227.48955292199915,11.711381723812739
808,100,1102,191.3099324740202,10.198039027185569
808,100,1272,24.44395478041656,9.294650748918903
808,100,1344,355.6012946450045,8.75060725530557
808,100,1248,22.6198649480404,9.420289855072465
808,100,1224,12.528807709151522,6.402461428675616
808,100,1150,348.69006752597977,7.336718724593934
808,100,1127,0,5.633802816901409
808,100,1078,15.255118703057747,8.029404402106605
808,100,1034,315,5.975550263548288
808,100,966,12.094757077012105,10.227015045197394
808,100,828,345.96375653207355,8.649871941855231
808,100,684,99.46232220802563,4.314015978934908
808,100,630,82.8749836510982,5.972042776517443
808,100,1856,35.537677791974374,6.188723213699731
808,100,1173,353.2901631922431,12.96760815804825
808,100,1150,26.565051177077976,3.021713483107824
808,100,1100,16.699244233993625,7.511011876914066
808,100,1078,22.6198649480404,9.219858156028367
808,100,1200,219.80557109226518,5.386379086832175
808,100,1176,180,3.9735099337748347
808,100,1092,225,6.428243465332249
808,100,1300,170.53767779197437,4.082390959931691
808,100,1224,191.3099324740202,3.777051491550211
808,100,1150,161.56505117707798,4.3318872057101085
808,100,1100,161.56505117707798,4.3318872057101085
808,100,1029,164.0546040990771,5.23748912897879
808,100,960,234.46232220802563,5.973836991001824
808,100,966,213.69006752597977,4.905511939406788
808,100,880,146.30993247402023,2.670778722565918
808,100,860,194.03624346792648,2.9662630400127057
808,100,798,135,4.944802665640193
808,100,779,180,1.4598540145985401
808,100,200,285.25511870305775,7.601169500660919
808,100,198,243.43494882292202,3.466772058139209
808,100,200,260.5376777919744,4.137933694080422
808,100,198,278.13010235415595,4.9104637582399135
808,100,224,303.69006752597977,2.6127183155536153
808,100,234,296.565051177078,6.388765649999399
808,100,234,288.434948822922,4.160891658116289
808,20,204,281.30993247402023,6.70923620209577
808,100,1566,14.036243467926454,2.8435211211156277
808,100,1350,52.125016348901795,7.703888007426607
808,100,1326,14.036243467926454,2.92418838696288
808,100,1664,300.9637565320735,3.8615575462551663
808,100,1404,59.03624346792651,7.87966472276392
808,100,3444,281.30993247402023,7.498558108224683
808,100,3995,45,0.9820927516479828
808,100,3828,23.198590513648185,4.977629480956803
808,100,3280,50.19442890773479,5.6188846589256505
808,100,3400,33.69006752597977,2.5939217809093447
808,100,4048,333.434948822922,1.5636839003495033
808,100,4851,21.801409486351815,3.7396977827322946
808,100,5252,45,1.0174198290453922
808,100,5390,347.4711922908485,6.18761372972677
808,100,4823,338.1985905136482,3.9307772314850395
808,100,4576,45,1.977921066256077
808,100,4756,45,0.9491366190423458
808,100,4880,63.434948822922024,1.4519921931816817
808,100,5214,63.434948822922024,3.4938562148434213
808,100,5382,63.434948822922024,1.4710973536182828
808,100,5530,63.434948822922024,5.081972676135886
808,100,5600,59.03624346792651,3.8615575462551663
808,100,5530,75.96375653207355,2.86326779556782
808,100,5382,63.434948822922024,6.2987830352106755
808,100,5451,53.13010235415595,3.2467532467532463
808,20,1408,34.992020198558635,8.137703743822469
808,100,216,131.18592516570965,7.433668400513742
808,100,253,150.9453959009229,7.1004345799910356
808,100,198,131.98721249581666,9.820163538010007
808,20,198,135,6.971475307473003
808,20,450,159.44395478041656,12.657783326396341
808,20,336,129.8055710922652,4.974681322233537
808,20,338,146.30993247402023,8.132822425858622
808,100,1081,45,4.5038648483219585
808,100,1104,36.86989764584405,3.6764705882352944
808,100,1056,39.80557109226521,5.461713060074583
808,100,882,63.434948822922024,2.9616794403970728
808,100,1000,36.86989764584405,6.896551724137931
808,100,828,39.80557109226521,5.24177830597762
808,100,748,21.037511025421793,9.539991970674054
808,20,2295,206.56505117707798,6.674829783581463
808,20,2184,225,4.944802665640193
808,20,2226,213.69006752597977,4.973174173053778
808,20,2530,209.05460409907712,7.515058497070804
808,20,2420,215.53767779197437,6.0579755401708635
808,20,2365,200.55604521958347,6.328891663198171
808,20,2958,206.56505117707798,4.272741358279853
808,20,2640,220.6012946450045,6.931988313754051
808,20,2808,206.56505117707798,4.563404035713857
808,100,4032,233.13010235415598,4.201680672268908
808,100,4300,270,3.4722222222222223
808,100,4532,323.13010235415595,3.571428571428571
808,100,3822,296.565051177078,6.168463386206317
808,100,3608,21.801409486351815,3.7139067635410368
808,100,3600,14.036243467926454,2.8240449490531923
808,100,3239,32.005383208083515,6.98813417189378
808,100,3564,33.69006752597977,5.150787536377127
808,100,3320,39.80557109226521,5.206833117271103
808,100,3154,68.19859051364818,4.018779706816794
808,100,1748,194.03624346792648,6.39241182266304
808,100,1584,180,4.10958904109589
808,100,1710,228.81407483429035,7.433668400513742
808,100,1505,135,3.8745577051317674
808,100,1558,180,2.112676056338028
808,100,1763,200.55604521958347,6.23649908417338
808,100,525,180,5.442176870748299
808,100,495,201.80140948635182,4.17454636211977
808,100,782,90,12.32876712328767
808,100,285,14.036243467926454,9.230833490188791
808,100,216,29.054604099077153,7.199741357333567
808,100,170,33.69006752597977,4.973174173053778
808,100,576,315,6.193636039590197
808,100,448,49.39870535499551,6.4926369417555545
808,100,1269,330.25511870305775,5.560177757447275
808,100,1032,311.6335393365702,8.789485094008976
808,100,1380,33.69006752597977,5.078241233047872
808,100,1350,233.13010235415598,7.042253521126761
808,100,1431,135,2.905918278848825
808,100,1400,180,3.79746835443038
808,100,1118,126.86989764584405,4.0650406504065035
808,100,912,116.56505117707798,3.0842316931031584
808,100,792,212.00538320808352,6.506193884176968
808,100,672,215.53767779197437,6.668469199257849
808,100,870,0,0.684931506849315
808,20,140,147.99461679191648,6.506193884176968
808,20,117,137.72631099390628,10.851145071035406
808,20,340,218.65980825409008,9.018484841454717
808,20,224,168.69006752597977,3.80523844297969
808,100,186,180,5.109489051094891
808,100,430,231.3401917459099,4.639945099589021
808,100,272,111.80140948635182,3.7396977827322946
808,100,340,191.3099324740202,3.3110516322031067
808,100,980,345.96375653207355,3.2211762700137974
808,100,1080,198.43494882292202,4.392052305789416
808,100,1295,153.43494882292202,1.5858638138296381
808,100,952,201.03751102542182,9.539991970674054
808,100,1054,185.71059313749964,7.077377197972458
808,100,660,165.9637565320735,2.7858821794713924
808,100,651,130.6012946450045,6.779076806833005
808,100,540,180,2.898550724637681
808,100,493,180,3.4246575342465753
808,100,432,225,1.977921066256077
808,100,266,347.4711922908485,6.229421930603302
808,100,304,336.8014094863518,6.1417525047289585
808,100,252,340.01689347810003,7.751456894516308
808,100,238,345.96375653207355,5.84837677392576
808,100,304,8.74616226255523,9.81563167012381
808,100,270,341.565051177078,6.120537406777508
808,100,252,0,4.25531914893617
808,100,238,352.40535663140855,11.37800447400117
808,100,238,22.6198649480404,8.783783783783784
808,100,238,348.69006752597977,7.389883353033021
808,20,950,143.13010235415595,3.4965034965034967
808,100,900,135,6.060915267313264
808,100,984,128.65980825409008,4.3558668281856106
808,100,960,146.30993247402023,5.187843561818689
808,100,1134,326.30993247402023,6.978486339607722
808,100,1092,325.00797980144137,8.657131642364329
808,100,1100,352.8749836510982,6.061847931051541
808,100,1152,341.565051177078,8.546696378833458
808,100,1081,19.98310652189997,8.481666601970742
808,100,693,146.30993247402023,5.042729056592992
808,100,620,122.00538320808352,13.67243642327044
808,100,855,258.69006752597977,3.6163258961650957
808,20,486,26.565051177077976,7.55428370776956
808,20,432,15.255118703057747,7.756295408837673
808,20,493,0,1.5151515151515151
808,20,480,303.69006752597977,2.403700850309326
808,20,493,351.86989764584405,5.199314567548144
808,20,476,28.300755766006375,10.93690597054326
808,20,464,29.744881296942253,5.637942481327657
808,100,578,30.963756532073546,4.417387799125228
808,100,612,51.34019174590992,4.268749491621899
808,100,966,210.96375653207352,4.021346134376069
808,100,987,180,2.7777777777777777
808,100,940,230.71059313749961,10.45049294378816
808,100,846,225,4.682826365473825
808,100,799,225,7.749115410263535
808,100,816,239.03624346792648,4.164965639175215
808,100,850,233.13010235415598,3.787878787878788
808,100,850,236.3099324740202,2.281994478141765
808,100,720,235.0079798014413,9.31798138605626
808,100,1848,248.19859051364818,7.085743167282242
808,100,1728,143.13010235415595,3.571428571428571
808,100,1560,194.03624346792648,2.9662630400127057
808,100,1620,213.69006752597977,5.078241233047872
808,100,1152,161.56505117707798,2.2915055508466518
808,100,902,246.80140948635182,5.288731323516603
808,100,1204,230.1944289077348,5.500175828103277
808,100,836,258.69006752597977,3.6421567954234173
808,100,770,248.19859051364818,3.752728088595473
808,100,770,248.19859051364818,3.959680005245959
808,100,735,243.43494882292202,3.2173639964025753
808,100,861,249.4439547804165,5.476925477767647
808,100,700,315,1.0174198290453922
808,100,161,233.13010235415598,3.571428571428571
808,100,144,260.5376777919744,3.949845798894948
808,100,147,225,3.367175148507369
808,100,105,238.3924977537511,10.674361903827794
808,100,154,213.69006752597977,4.744146415084196
808,100,154,243.43494882292202,1.5971914124998499
808,100,96,248.19859051364818,5.749286270962103
808,100,385,254.05460409907715,5.275441948753999
808,100,1127,24.44395478041656,8.449682499017182
808,100,1232,9.462322208025626,8.689660757568884
808,100,1166,37.56859202882748,11.389735740872727
808,100,1764,0,10.294117647058822
808,100,1275,79.38034472384487,11.149877120616237
808,100,1100,36.86989764584405,6.944444444444445
