804,3,4346,163.30075576600643,7.404472701355
804,3,3330,291.8014094863518,4.018779706816794
804,3,2948,147.99461679191648,6.643648684546903
804,3,2451,180,1.342281879194631
804,3,2173,225,1.0878565864408425
804,3,1750,270,2
804,3,1551,270,1.3333333333333335
804,20,3168,324.4623222080256,12.558139075974637
804,20,4624,335.55604521958344,8.75583041564824
804,20,4690,339.44395478041656,5.812247445794238
804,20,2009,335.55604521958344,9.58971902666236
804,20,1974,333.434948822922,12.25242727397145
804,20,2016,333.434948822922,6.211299937499416
804,20,1927,332.10272896905235,15.388307249337075
804,20,2064,333.434948822922,15.52824984374854
804,20,2448,327.9946167919165,20.215673854407008
804,20,2856,333.434948822922,17.200522903844536
804,20,2736,331.55707137563667,18.954644533272475
804,20,2891,333.434948822922,18.76420680419404
804,20,836,330.6422464572087,13.206877518479008
804,20,2646,323.13010235415595,6.944444444444445
804,20,3233,338.74949449286675,12.96188450726709
804,20,840,332.10272896905235,13.642116355795277
804,20,736,326.30993247402023,17.28688967688214
804,100,570,180,2.7210884353741496
804,100,640,180,2.097902097902098
804,100,672,165.9637565320735,2.9450754468697578
804,100,704,180,2.666666666666667
804,100,651,161.56505117707798,2.2587697572631282
804,100,726,198.43494882292202,2.1223340001130064
804,100,759,165.9637565320735,2.8435211211156277
804,100,759,201.80140948635182,3.959680005245959
804,100,682,161.56505117707798,2.2427501135945955
804,100,660,146.30993247402023,2.436183294232425
804,100,638,180,2.9197080291970803
804,100,744,210.96375653207352,4.287464628562721
804,100,713,180,2.7586206896551726
804,100,775,135,3.470462729749927
804,100,806,229.3987053549955,7.202769107260068
804,100,806,146.30993247402023,2.539120616523936
804,100,925,135,4.532735776836843
804,100,725,146.30993247402023,2.5753937681885635
804,100,972,228.3664606634298,9.053830510370148
804,100,750,113.96248897457815,6.565905201197403
804,100,1160,219.28940686250036,9.538704968826774
804,100,975,105.94539590092285,5.200078492343227
804,100,420,101.30993247402023,3.4452834551302596
804,100,448,153.43494882292202,3.2643328138683065
804,100,390,65.55604521958344,8.884592627643068
804,100,408,153.43494882292202,1.5421158465515792
804,100,360,206.56505117707798,4.115462535275687
804,100,408,135,3.314563036811941
804,100,408,161.56505117707798,2.2269560987101262
804,100,420,180,5.128205128205128
804,100,374,161.56505117707798,2.2587697572631282
804,100,135,111.80140948635182,8.097992191179705
804,100,3082,225,3.626188621469475
804,100,3087,165.9637565320735,2.9450754468697578
804,100,4560,270,3.007518796992481
804,100,3740,140.19442890773485,5.206833117271103
804,100,770,116.56505117707798,4.757591441488914
804,100,2205,140.19442890773485,5.24177830597762
804,100,5688,90,7.857142857142857
804,100,4452,236.3099324740202,5.150787536377127
804,20,7488,126.86989764584405,3.6764705882352944
804,20,7314,14.036243467926454,5.6480898981063845
804,20,7021,143.13010235415595,6.451612903225806
804,20,6552,135,3.367175148507369
804,20,6656,135,7.394580718290694
804,20,476,321.3401917459099,4.446614053772811
804,20,2752,212.00538320808352,6.206566534247765
804,100,589,36.86989764584405,3.731343283582089
804,100,459,26.565051177077976,3.1273678006990067
804,100,416,0,3.597122302158273
804,100,360,18.434948822922024,2.1659436028550543
804,100,345,33.69006752597977,2.631789252163496
804,100,308,0,2.112676056338028
804,100,252,33.69006752597977,2.4198330707812006
804,20,48,45,1.0962895832349575
804,100,1200,350.5376777919744,4.1950086415849785
804,100,918,341.565051177078,2.3776523760664507
804,100,1728,101.30993247402023,3.6421567954234173
804,100,1176,0,3.9473684210526314
804,100,1104,32.005383208083515,6.98813417189378
804,100,968,300.9637565320735,4.049272149198126
804,100,861,73.30075576600638,7.05426115466929
804,100,1344,327.9946167919165,6.886117614639857
804,100,1189,0,2.8169014084507045
804,100,1040,333.434948822922,3.0014335268453554
804,100,912,0,2.2388059701492535
804,100,792,338.1985905136482,3.7139067635410368
804,100,720,26.565051177077976,1.4614823382351567
804,100,665,36.86989764584405,7.874015748031496
804,100,612,270,3.2467532467532463
804,100,1568,90,8.450704225352112
804,100,855,324.4623222080256,6.4679137346185165
804,100,646,296.565051177078,3.021713483107824
804,100,560,0,2.898550724637681
804,100,495,0,2.112676056338028
804,100,462,0,2.73972602739726
804,100,462,341.565051177078,2.2269560987101262
804,100,396,14.036243467926454,3.0769444967295976
804,100,396,0,2.7586206896551726
804,100,363,333.434948822922,1.5746957588026689
804,100,480,0,3.571428571428571
804,100,341,90,1.3888888888888888
804,100,300,345.96375653207355,2.8435211211156277
804,100,290,0,2.1739130434782608
804,100,364,21.801409486351815,3.84654629081036
804,100,352,45,0.9555497043061454
804,100,288,0,1.3333333333333335
804,100,297,0,1.6129032258064515
804,100,558,90,1.910828025477707
804,100,561,0,1.5873015873015872
804,100,464,345.96375653207355,2.8435211211156277
804,100,406,341.565051177078,2.1081851067789197
804,100,1080,341.565051177078,2.2587697572631282
804,100,1449,71.56505117707798,4.273348189416729
804,100,1045,320.1944289077348,5.206833117271103
804,100,848,0,4.032258064516129
804,100,728,18.434948822922024,4.028379184927872
804,100,663,333.434948822922,1.774657124999833
804,100,612,0,4.137931034482759
804,100,600,14.036243467926454,2.748737083745107
804,100,600,348.69006752597977,3.892381308086095
804,100,506,315,1.8982732380846916
804,100,1225,324.4623222080256,5.773372662444716
804,100,1080,336.8014094863518,5.949822738956179
804,100,819,347.4711922908485,3.1791532611354785
804,100,780,26.565051177077976,3.2643328138683065
804,100,741,33.69006752597977,2.539120616523936
804,100,702,288.434948822922,4.002883114137189
804,100,570,293.96248897457815,7.694420157653206
804,100,532,291.8014094863518,3.84654629081036
804,100,481,35.537677791974374,6.0579755401708635
804,100,468,14.036243467926454,2.92418838696288
804,100,350,345.96375653207355,3.147408874517298
804,100,279,345.96375653207355,2.7305335268991127
804,100,279,0,2.898550724637681
804,100,279,0,2.857142857142857
804,100,279,0,2.054794520547945
804,100,270,345.96375653207355,2.8832906472850772
804,100,348,14.036243467926454,2.9877576997229425
804,100,378,315,3.2386570130681567
804,100,364,0,2.158273381294964
804,100,264,345.96375653207355,2.8240449490531923
804,100,220,341.565051177078,2.3599087016181937
804,20,32,180,1.36986301369863
804,20,32,251.56505117707798,2.1512092926315507
804,20,63,279.4623222080256,4.2836355847170555
804,20,246,90,3.571428571428571
804,20,54,270,7.913669064748201
804,100,208,293.96248897457815,7.461255910451594
804,100,208,315,1.9641855032959656
804,100,112,231.3401917459099,4.446614053772811
804,100,870,9.462322208025626,3.97566178450864
804,100,380,249.4439547804165,6.191307061824297
804,100,240,263.6598082540901,6.658371425101042
804,100,182,270,4.137931034482759
804,100,130,292.6198649480404,9.558823529411764
804,20,3400,323.13010235415595,11.811023622047244
804,20,3822,329.03624346792645,10.666375417399939
804,20,4455,323.13010235415595,7.874015748031496
804,20,4840,327.2647737278924,10.668792934034126
804,20,7878,326.30993247402023,13.76164608955721
804,20,2808,332.10272896905235,14.462694783211536
804,20,3276,326.30993247402023,7.408667004378061
804,100,3050,338.1985905136482,3.84654629081036
804,20,6308,318.81407483429035,6.814196033804262
804,20,6786,338.9624889745782,10.47247238886024
804,20,7110,344.05460409907715,5.200078492343227
804,20,7220,326.30993247402023,4.990382388185452
804,20,4488,348.9964591482505,6.5489717217472325
804,20,3776,340.01689347810003,8.185104832671067
804,20,3355,0,4.316546762589928
804,20,3060,341.565051177078,6.874516652539955
804,20,3450,288.434948822922,2.094223616005549
804,20,3234,333.434948822922,5.043762355262684
804,20,3432,321.3401917459099,4.297398817069026
804,20,3024,329.03624346792645,3.8110796698335303
804,20,3233,341.565051177078,2.2915055508466518
804,20,2842,45,2.192579166469915
804,20,2912,318.81407483429035,6.643841132959157
804,20,2808,0,2.272727272727273
804,20,2860,198.43494882292202,2.2587697572631282
804,20,3068,330.25511870305775,5.3392435419195685
804,20,2646,333.434948822922,3.4138442404576947
804,20,4736,135,16.747265870207702
804,20,3363,141.84277341263095,12.627300577847416
804,20,2856,133.5311992856142,19.564701027140032
804,20,4902,180,2.9197080291970803
804,20,4272,270,0.7142857142857143
804,20,3645,257.4711922908485,5.948093198253476
804,20,3542,243.43494882292202,1.5636839003495033
804,20,3066,180,3.6764705882352944
804,20,3182,203.19859051364818,5.5589584714335105
804,20,3124,135,2.668327476175651
804,20,3195,213.69006752597977,3.055551928359313
804,20,3139,165.9637565320735,5.425138981075869
804,20,3256,206.56505117707798,4.861017342390848
804,20,3225,153.43494882292202,3.105649968749708
804,20,3268,180,4.137931034482759
804,20,3496,146.30993247402023,2.3565694610875747
804,20,3588,153.43494882292202,1.6939908920452953
804,20,3510,116.56505117707798,1.6563466499998445
804,20,3645,126.86989764584405,3.4965034965034967
804,20,216,186.3401917459099,6.468132241526726
804,20,225,111.80140948635182,3.98901096824778
804,20,260,189.4623222080256,4.028319556488888
804,20,207,161.56505117707798,4.5175395145262565
804,20,198,161.56505117707798,2.1512092926315507
804,20,280,218.65980825409008,4.157872881449902
804,20,220,164.0546040990771,5.4329178278212815
804,20,200,203.19859051364818,5.47897345745605
804,20,1740,68.19859051364818,7.4278135270820735
804,20,2880,120.06858282186244,14.349345359542582
804,20,1856,263.6598082540901,13.415385389833212
804,20,1696,141.34019174590992,4.708179586347683
804,20,1035,168.69006752597977,7.131495823206692
804,100,1040,230.1944289077348,5.313095017623574
804,100,741,146.30993247402023,5.723097262641252
804,100,700,165.9637565320735,5.252363854290013
804,100,336,180,3.7037037037037033
804,100,286,191.3099324740202,3.565747911603346
804,100,300,168.69006752597977,3.3993463423951895
804,100,392,225,2.0059766842171562
804,100,360,180,4.37956204379562
804,100,299,161.56505117707798,4.4539121974202525
804,100,221,185.19442890773482,6.990734821004596
804,100,176,168.69006752597977,3.892381308086095
804,100,360,201.80140948635182,8.097992191179705
804,100,532,104.03624346792651,5.425138981075869
804,100,468,113.19859051364818,5.288731323516603
804,100,429,135,6.629126073623882
804,100,384,210.96375653207352,3.8873012632302006
804,100,396,210.96375653207352,4.049272149198126
804,20,150,180,2.9197080291970803
804,20,180,165.9637565320735,2.9662630400127057
804,100,387,5.194428907734789,15.55684650308065
804,100,1564,302.0053832080835,6.55137578615042
804,100,1386,26.565051177077976,1.6563466499998445
804,100,1000,320.1944289077348,5.24177830597762
804,100,975,206.56505117707798,1.552824984374854
804,100,912,225,2.049584873004486
804,100,1160,296.565051177078,1.5858638138296381
804,100,912,225,2.77296776935901
804,100,864,251.56505117707798,2.413952412342274
804,100,840,270,2.0408163265306123
804,100,782,258.69006752597977,3.5165651817881276
804,100,759,270,2.127659574468085
804,100,672,281.30993247402023,3.6949416765165104
804,100,620,284.03624346792645,2.92418838696288
804,100,551,270,2.9197080291970803
804,100,450,303.69006752597977,2.403700850309326
804,100,238,291.8014094863518,3.8192658206627685
804,100,224,279.4623222080256,8.628031957869815
804,100,224,90,1.4598540145985401
804,100,216,294.44395478041656,8.055363982396381
804,100,216,90,0.7092198581560284
804,100,370,225,7.499617376220959
804,100,330,261.869897645844,5.199314567548144
804,20,36,296.565051177078,3.2883352610291023
804,20,45,281.30993247402023,3.5409857733283228
804,20,40,296.565051177078,3.1717276276592763
804,20,48,300.9637565320735,4.164965639175215
804,100,90,296.565051177078,3.021713483107824
804,100,72,288.434948822922,4.7553047521329015
804,100,84,315,1.8608073189119674
804,20,357,200.55604521958347,5.933335934248285
804,20,340,194.03624346792648,5.975515399445885
804,20,320,196.69924423399362,7.733560376970779
804,100,231,299.7448812969422,5.717913296665637
804,100,540,277.1250163489018,5.560177757447275
804,100,638,270,6.0606060606060606
804,100,728,262.8749836510982,5.235232304089967
804,100,784,270,3.571428571428571
804,100,812,293.96248897457815,7.085509209925254
804,100,810,299.05460409907715,7.250443761258452
804,100,812,333.434948822922,2.8667538173074227
804,100,276,319.3987053549955,5.9867171800603165
804,100,231,309.28940686250036,10.527904002631033
804,20,270,326.30993247402023,5.302281287447043
804,20,308,303.69006752597977,6.845983434425297
804,20,221,49.39870535499551,7.317098775629276
804,20,204,315,4.944802665640193
804,20,192,0,5.263157894736842
804,20,165,320.1944289077348,5.785370130301225
804,20,160,318.81407483429035,7.647586915636438
804,20,4536,315,14.999234752441918
804,20,3542,325.4914770123316,13.119248539829458
804,20,3010,338.1985905136482,3.8192658206627685
804,20,2814,0,3.64963503649635
804,20,2624,329.74356283647074,9.783411260175919
804,20,2583,56.30993247402023,2.6511406437235214
804,20,2583,270,5
804,20,2562,330.94539590092285,7.149743153463195
804,20,3672,325.304846468766,11.13478049355063
804,20,3402,333.434948822922,7.76412492187427
804,20,2208,336.0375110254218,14.377894601162195
804,20,2254,327.0947570770121,13.868805980353827
804,20,1404,333.434948822922,9.126808071427714
804,100,1184,248.19859051364818,4.048996095589852
804,100,1330,158.19859051364824,3.66337741981939
804,100,1764,243.43494882292202,4.6584749531245615
804,100,1260,116.56505117707798,4.355976579545045
804,100,1122,149.0362434679265,4.049272149198126
804,100,1054,153.43494882292202,1.7069221202288474
804,100,870,105.94539590092285,5.020765440883116
804,100,795,225,2.8096958192842947
804,100,780,208.30075576600638,10.856487544289264
804,100,570,161.56505117707798,2.2750198994017117
804,100,570,153.43494882292202,1.552824984374854
804,100,585,189.4623222080256,3.924362922773045
804,100,680,164.0546040990771,2.6473126870110977
804,100,624,189.4623222080256,4.028319556488888
804,100,720,153.43494882292202,1.6812541184208947
804,100,672,123.69006752597977,4.905511939406788
804,100,640,225,3.9283710065919313
804,100,931,213.69006752597977,4.682534123979207
804,100,1914,270,5.555555555555555
804,100,1798,158.19859051364824,4.110812829873667
804,100,1708,168.69006752597977,3.5165651817881276
804,100,1680,165.9637565320735,2.92418838696288
804,100,1674,149.0362434679265,3.8615575462551663
804,100,1904,225,7.279040394567401
804,100,1755,123.69006752597977,5.302281287447043
804,100,1820,210.96375653207352,3.7619044482872908
804,100,2660,270,0.7518796992481203
804,100,1972,161.56505117707798,6.728250340783785
804,100,1836,191.3099324740202,3.247783129676933
804,100,1863,172.8749836510982,6.107771021438295
804,100,2720,108.43494882292202,2.3252041618885144
804,100,3444,206.56505117707798,1.4426245016127677
804,100,3154,153.43494882292202,1.6812541184208947
804,100,3362,168.69006752597977,3.6163258961650957
804,100,3526,165.9637565320735,2.6261819271450064
804,100,3910,161.56505117707798,2.3956648940669543
804,100,3735,194.03624346792648,2.8240449490531923
804,100,3936,180,2.666666666666667
804,100,3984,180,3.2
804,100,5590,270,0.6711409395973155
804,100,6205,153.43494882292202,3.1273678006990067
804,100,6708,198.43494882292202,2.1659436028550543
804,100,6715,153.43494882292202,1.5636839003495033
804,100,7224,201.80140948635182,3.688469045982537
804,100,7565,153.43494882292202,3.2643328138683065
804,100,7735,135,0.9686394262829419
804,100,8004,180,1.8404907975460123
804,100,1242,261.25383773744477,18.3957292838684
804,100,429,281.30993247402023,7.78476261617219
804,100,600,270,1.3793103448275863
804,100,644,225,4.9104637582399135
804,100,552,108.43494882292202,2.1808811449437098
804,100,630,285.94539590092285,4.986376636493506
804,100,658,90,1.5267175572519083
804,100,644,90,0.684931506849315
804,100,658,135,2.0059766842171562
804,100,602,90,0.6993006993006993
804,100,645,116.56505117707798,1.5636839003495033
804,100,1848,135,5.316592339748478
804,100,702,71.56505117707798,0.3685638298564545
804,100,629,90,0.6944444444444444
804,100,555,135,1.0174198290453922
804,100,518,45,0.9686394262829419
804,100,420,270,1.4705882352941175
804,100,420,135,1.9241000848613539
804,100,481,104.03624346792651,2.7125694905379345
804,100,666,26.565051177077976,1.6321664069341533
804,100,612,135,0.9959250439247148
804,100,630,233.61564818416412,17.744998077001423
804,100,572,0,0.7042253521126761
804,100,528,0,0.6896551724137931
804,100,473,0,3.546099290780142
804,100,410,0,2.8169014084507045
804,100,369,326.30993247402023,2.5571285641588575
804,100,324,303.69006752597977,2.539120616523936
804,100,1056,315,1.9918500878494296
804,100,1035,161.56505117707798,2.1366740947083644
804,100,1892,249.4439547804165,5.974827793928343
804,100,4800,168.69006752597977,7.336718724593934
804,100,4838,180,3.4482758620689653
804,100,4774,146.30993247402023,2.3565694610875747
804,100,4836,180,1.694915254237288
804,100,5016,146.30993247402023,2.311250817605121
804,100,4891,180,2.898550724637681
804,100,5175,225,1.0553832555023097
804,100,5250,153.43494882292202,3.0631068184928627
804,100,4899,165.9637565320735,2.9035955109983522
804,100,4968,206.56505117707798,2.9616794403970728
804,100,4900,188.13010235415598,5.276916277511549
804,100,4554,341.565051177078,2.1223340001130064
804,20,300,160.20112364547504,17.36644477854434
804,20,506,26.565051177077976,7.579891449151829
804,20,323,18.434948822922024,2.0271010642104996
804,20,225,348.69006752597977,3.6949416765165104
804,20,360,139.89909245378777,18.53692887817048
804,20,252,191.3099324740202,3.6163258961650957
804,20,187,135,4.129090693060132
804,20,135,180,4.026845637583892
804,20,120,189.4623222080256,4.539375022610612
804,20,105,135,2.0059766842171562
804,20,544,90,1.948051948051948
804,20,1050,0,1.5037593984962405
804,20,987,352.5685920288275,15.778793884004354
804,20,8,36.86989764584405,13.986013986013987
804,100,150,14.036243467926454,2.7305335268991127
804,100,352,45,1.0553832555023097
804,100,319,14.036243467926454,2.9662630400127057
804,100,360,338.1985905136482,3.7396977827322946
804,100,481,315,3.052259487136176
804,100,1176,56.30993247402023,2.46955566812602
804,100,612,351.86989764584405,5.199314567548144
804,100,403,21.801409486351815,3.66337741981939
804,100,104,90,0.6369426751592357
804,100,104,290.55604521958344,5.974827793928343
804,100,88,285.52411099675425,13.736427714903975
804,20,1260,6.3401917459099195,6.4222589632180265
804,20,1400,0,2.127659574468085
804,20,1292,303.69006752597977,4.807401700618652
804,20,1564,315,4.621612948931683
804,20,1551,0,0.7751937984496124
804,20,1590,319.3987053549955,6.680829316878905
804,100,510,270,1.4285714285714286
804,100,504,270,2.054794520547945
804,100,416,180,1.4814814814814816
804,100,396,270,0.6578947368421052
804,100,408,270,1.4705882352941175
804,100,481,251.56505117707798,2.3599087016181937
804,100,396,270,0.7299270072992701
804,100,352,63.434948822922024,3.0014335268453554
804,100,330,296.565051177078,1.5746957588026689
804,100,290,255.9637565320735,2.9877576997229425
804,100,270,180,0.6578947368421052
804,100,663,237.99461679191648,6.738557951469002
804,100,280,56.30993247402023,2.7314782389878705
804,100,280,333.434948822922,1.5636839003495033
804,100,243,225,0.9820927516479828
804,100,270,243.43494882292202,1.5858638138296381
804,100,260,251.56505117707798,2.1512092926315507
804,100,147,336.8014094863518,5.769525080199931
804,100,325,90,3.3783783783783785
804,100,286,53.13010235415595,3.64963503649635
804,100,629,345.96375653207355,2.86326779556782
804,100,680,341.565051177078,2.1223340001130064
804,100,629,63.434948822922024,8.343537229476826
804,100,555,321.3401917459099,4.297398817069026
804,100,608,344.05460409907715,5.353021977412146
804,100,555,75.96375653207355,2.7125694905379345
804,100,1380,35.537677791974374,5.812381937190964
804,100,555,299.05460409907715,15.366612150726866
804,100,416,306.86989764584405,3.4965034965034967
804,100,390,333.434948822922,1.5746957588026689
804,100,364,26.565051177077976,1.5971914124998499
804,100,338,36.86989764584405,7.2992700729927
804,100,338,288.434948822922,2.196026152894708
804,100,338,326.30993247402023,2.5753937681885635
804,100,324,0,1.342281879194631
804,100,324,296.565051177078,1.6203391141302825
804,100,400,8.130102354155952,10.101525445522109
804,20,190,0,2.797202797202797
804,20,221,333.434948822922,1.7069221202288474
804,20,228,353.6598082540901,6.077439690025113
804,20,187,45,0.9959250439247148
804,20,165,0,2.1739130434782608
804,20,126,341.565051177078,4.302418585263101
804,20,120,0,2.9629629629629632
804,20,135,350.5376777919744,4.1950086415849785
804,20,120,0,2.112676056338028
804,20,112,0,3.546099290780142
804,20,144,333.434948822922,3.042269357142571
804,20,128,326.30993247402023,2.486587086526889
804,20,119,45,0.49275733880595646
804,100,385,270,2.054794520547945
804,100,407,288.434948822922,2.3082318687360432
804,100,370,288.434948822922,2.1808811449437098
804,100,410,26.565051177077976,1.5315534092464314
804,100,410,276.3401917459099,6.377031787420716
804,100,360,282.5288077091515,6.025846050518227
804,100,351,240.94539590092285,7.859259649608398
804,20,264,212.00538320808352,6.506193884176968
804,20,288,206.56505117707798,5.043762355262684
804,100,2288,258.69006752597977,3.4687207575461123
804,100,2436,0,0.6993006993006993
804,100,1960,291.8014094863518,3.8742192857082762
804,100,1938,315,0.9753196981883415
804,100,1710,288.434948822922,4.5830111016933035
804,100,2035,26.565051177077976,1.5636839003495033
804,100,1944,296.565051177078,4.69105170104851
804,100,1980,315,2.0348396580907844
804,20,1200,198.43494882292202,4.5830111016933035
804,100,1012,270,4.316546762589928
804,100,897,284.03624346792645,2.8240449490531923
804,100,874,293.1985905136482,5.769525080199931
804,100,814,296.565051177078,3.0014335268453554
804,100,1782,216.86989764584402,3.597122302158273
804,100,1625,206.56505117707798,1.49071198499986
804,100,1464,180,1.4598540145985401
804,100,1288,153.43494882292202,1.5746957588026689
804,100,1127,146.30993247402023,2.5939217809093447
804,100,1125,225,0.9959250439247148
804,100,1100,206.56505117707798,1.5746957588026689
804,100,1025,180,1.36986301369863
804,100,1014,225,1.0398629135096287
804,100,900,236.3099324740202,2.503855052405548
804,100,884,270,2.027027027027027
804,100,832,270,0.7518796992481203
804,100,837,288.434948822922,2.2269560987101262
804,100,1188,345.96375653207355,2.660068145559781
804,100,1344,326.30993247402023,2.6511406437235214
804,100,1178,270,4.316546762589928
804,100,1080,315,2.9462782549439477
804,100,980,315,2.987775131774144
804,100,858,333.434948822922,1.5858638138296381
804,100,744,315,4.040610178208843
804,100,638,315,3.9837001756988593
804,100,567,315,2.737187540076958
804,100,234,315,3.052259487136176
804,100,266,300.9637565320735,4.049272149198126
804,100,1050,274.3987053549955,2.287439440421982
804,100,1150,261.869897645844,5.316592339748478
804,100,1170,270,1.36986301369863
804,100,1215,281.30993247402023,3.5908588123892846
804,100,1170,291.8014094863518,3.792369582489087
804,100,1144,285.94539590092285,5.200078492343227
804,20,780,248.19859051364818,3.792369582489087
804,20,806,251.56505117707798,2.211382979138727
804,20,864,255.9637565320735,2.9662630400127057
804,20,896,270,1.9607843137254901
804,20,924,284.03624346792645,3.123564867892167
804,20,864,270,3.546099290780142
804,20,864,270,2.0689655172413794
804,20,832,299.7448812969422,5.928130697278345
804,20,850,281.30993247402023,3.6421567954234173
804,20,832,303.69006752597977,4.905511939406788
804,20,840,296.565051177078,4.724087276408007
804,20,759,315,6.239177481057772
804,20,3850,325.304846468766,11.293848786315639
804,20,4758,325.00797980144137,8.657131642364329
804,20,4032,326.30993247402023,15.023130314433288
804,20,4032,327.2647737278924,11.39953217609126
804,20,4158,324.7824070318073,14.350794514955043
804,20,1628,331.92751306414704,11.888111888111888
804,20,1505,326.30993247402023,9.87822267250408
804,20,1400,123.69006752597977,2.539120616523936
804,20,3233,330.25511870305775,10.894942903106147
804,20,2156,331.92751306414704,11.486486486486488
804,20,2420,323.9726266148964,10.382801915065224
804,20,2451,321.3401917459099,4.573660169594892
804,20,2365,328.2405199151872,8.546082377320738
804,20,2322,318.81407483429035,8.642394969702966
804,20,1892,330.25511870305775,10.894942903106147
804,20,1892,330.25511870305775,11.600370860861222
804,20,1936,336.8014094863518,11.199666332152807
804,20,1806,331.92751306414704,10.967741935483872
804,20,1845,333.434948822922,13.15334104411641
804,20,3380,347.9052429229879,10.52780960535026
804,20,2640,342.64597536373867,11.101360671682258
804,20,2128,302.4711922908485,3.075095474152193
804,100,1472,315,10.029883421085781
804,100,1536,332.10272896905235,13.085295280048534
804,20,3600,319.3987053549955,6.4926369417555545
804,20,1472,326.97613244420336,16.338164988872006
804,20,3835,334.4400348281762,17.582825908940638
804,100,2754,326.30993247402023,10.375687123637379
804,100,3100,310.6012946450045,6.358306522270957
804,100,2444,311.6335393365702,8.540137999143473
804,100,2555,144.46232220802563,6.23356903408886
804,100,2964,213.69006752597977,2.3565694610875747
804,100,3330,135,2.209708691207961
804,100,3570,165.9637565320735,2.593148192212365
804,100,3723,180,0.7352941176470588
804,100,3723,206.56505117707798,5.006122337686096
804,100,4125,153.43494882292202,3.1273678006990067
804,100,4800,161.56505117707798,2.2427501135945955
804,100,4725,180,3.4722222222222223
804,100,5106,165.9637565320735,2.7858821794713924
804,100,5110,165.9637565320735,2.7125694905379345
804,100,5256,180,3.125
804,100,5476,165.9637565320735,2.8240449490531923
804,100,5175,180,4.225352112676056
804,100,5329,158.19859051364824,3.7658495154786737
804,100,4964,168.69006752597977,3.5409857733283228
804,100,5016,206.56505117707798,3.2173639964025753
804,100,4736,170.53767779197437,4.1950086415849785
804,100,5852,194.03624346792648,3.0095661500858837
804,100,4810,180,3.3333333333333335
804,100,4940,191.3099324740202,3.668359362296967
804,100,5159,180,4.861111111111112
804,100,2275,161.56505117707798,2.3252041618885144
804,100,2470,180,3.571428571428571
804,100,2278,165.9637565320735,2.86326779556782
804,100,2680,135,1.9641855032959656
804,100,3024,135,1.9918500878494296
804,100,3212,198.43494882292202,2.2750198994017117
804,100,2982,180,3.597122302158273
804,100,2993,161.56505117707798,2.1512092926315507
804,100,2952,165.9637565320735,2.8048337589235786
804,100,3285,194.03624346792648,2.92418838696288
804,100,3116,198.43494882292202,4.5830111016933035
804,100,3182,146.30993247402023,2.539120616523936
804,100,2774,180,2.797202797202797
804,100,2628,191.3099324740202,3.4687207575461123
804,100,3034,225,2.1266369358993913
804,100,2880,170.53767779197437,4.314015978934908
804,100,2730,194.03624346792648,2.8832906472850772
804,100,4214,333.434948822922,1.5211346785712856
804,100,3854,180,2.9197080291970803
804,100,132,206.56505117707798,4.826045994603863
804,100,126,225,16.858174915705767
804,100,90,168.69006752597977,9.933154896609322
804,100,224,33.69006752597977,2.9797944425322225
804,100,420,308.6598082540901,8.831895499907377
804,100,204,330.94539590092285,7.570316280137501
804,100,2052,221.42366562500263,16.31048064569012
804,20,550,57.994616791916485,12.495339247757089
804,20,440,194.03624346792648,3.031695312954162
804,20,506,149.0362434679265,3.93983236138196
804,20,380,90,0.6493506493506493
804,20,324,180,2.479338842975207
804,20,306,170.53767779197437,4.1950086415849785
804,20,208,253.30075576600638,7.006917120074195
804,20,45,219.80557109226518,11.319202428850224
804,20,1350,275.1944289077348,7.565315765196755
804,20,930,225,4.682826365473825
804,20,1072,270,2.272727272727273
804,100,325,146.30993247402023,4.93911133625204
804,100,242,140.19442890773485,5.172350778746129
804,100,351,192.52880770915152,12.716613044541914
804,100,432,123.69006752597977,2.7109408086195406
804,100,560,206.56505117707798,1.5211346785712856
804,100,672,50.19442890773479,5.539184167309684
804,100,459,180,3.546099290780142
804,100,329,315,1.87313054618953
804,100,351,116.56505117707798,1.5636839003495033
804,100,504,0,2.0689655172413794
804,100,351,180,2.112676056338028
804,100,312,108.43494882292202,2.196026152894708
804,100,364,308.6598082540901,4.541222863427552
804,100,232,270,0.7352941176470588
804,100,288,299.7448812969422,5.235232304089967
804,100,126,315,4.040610178208843
804,100,195,153.43494882292202,1.5636839003495033
804,20,80,90,4.137931034482759
804,20,63,270,2.112676056338028
804,20,247,225,1.0475656017578483
804,20,160,14.036243467926454,11.69675354785152
804,20,217,59.03624346792651,4.4511083166758025
804,20,162,0,2.112676056338028
804,20,320,90,2.054794520547945
804,20,486,338.1985905136482,4.048996095589852
804,20,783,284.03624346792645,5.84837677392576
804,20,874,315,2.7196414661021056
804,20,627,303.69006752597977,2.7523292179114422
804,100,960,331.6992442339936,10.112892507009178
804,100,768,333.434948822922,1.6939908920452953
804,100,1014,45,1.9372788525658837
804,100,912,288.434948822922,4.3617622898874195
804,20,156,142.1250163489018,15.101661259591232
804,20,110,135,0.9304036594559837
804,100,310,349.695153531234,7.605673392856429
804,100,261,350.5376777919744,4.166275705683712
804,100,261,351.86989764584405,5.276916277511549
804,100,290,11.30993247402023,3.4924791188991673
804,100,252,284.03624346792645,5.72653559113564
804,100,882,26.565051177077976,5.555448391303826
804,100,646,0,5.303030303030303
804,100,665,0,4.285714285714286
804,100,629,341.565051177078,2.2587697572631282
804,100,684,341.565051177078,4.5175395145262565
804,100,684,0,2.9197080291970803
804,100,630,345.96375653207355,2.8240449490531923
804,100,396,315,2.0951312035156966
804,100,240,63.434948822922024,4.327873504838302
804,100,315,338.1985905136482,3.7139067635410368
804,100,207,336.8014094863518,5.769525080199931
804,100,140,0,0.7142857142857143
804,100,152,15.945395900922847,5.200078492343227
804,100,108,308.6598082540901,4.573660169594892
804,100,272,0,3.4246575342465753
804,100,224,45,2.0951312035156966
804,100,228,345.3791260113683,16.16988343402002
804,100,228,0,2.2222222222222223
804,100,216,156.80140948635176,5.5589584714335105
804,100,216,270,2.7586206896551726
804,100,184,141.34019174590992,9.416359172695365
804,100,264,90,1.9230769230769231
804,100,264,4.7636416907261605,8.789485094008976
804,100,250,270,18.38235294117647
804,100,192,225,2.8666491129184357
804,100,154,180,1.4814814814814816
804,100,126,180,0.6666666666666667
804,100,70,135,0.9123958466923194
804,100,48,270,0.7575757575757576
804,100,36,255.9637565320735,2.92418838696288
804,100,30,270,0.7462686567164178
804,100,25,251.56505117707798,1.9520232470175183
804,100,30,255.9637565320735,3.123564867892167
804,100,25,270,2.2388059701492535
804,100,16,306.86989764584405,3.4246575342465753
804,100,42,287.10272896905235,9.128503697137882
804,100,48,291.8014094863518,3.7139067635410368
804,100,70,296.565051177078,5.006122337686096
804,20,221,180,3.6764705882352944
804,20,176,180,1.3513513513513513
804,20,180,188.13010235415598,5.356869554443542
804,20,143,188.13010235415598,4.944802665640193
804,20,216,255.9637565320735,2.6948402781814775
804,20,221,180,4.477611940298507
804,20,510,180,2.797202797202797
804,20,555,165.9637565320735,2.8435211211156277
804,20,495,201.80140948635182,4.018779706816794
804,20,1645,270,2.2556390977443606
804,20,1610,281.30993247402023,3.6163258961650957
804,20,1564,284.03624346792645,2.6948402781814775
804,20,1530,270,3.7593984962406015
804,20,1376,263.6598082540901,6.561873288505375
804,20,1376,303.69006752597977,4.713138922175149
804,20,1376,0,1.550387596899225
804,20,1290,289.98310652189997,7.700460467578702
804,20,1350,288.434948822922,6.54264343483113
804,100,858,230.1944289077348,4.9121067144067005
804,100,858,284.03624346792645,3.2211762700137974
804,100,858,270,1.36986301369863
804,100,819,270,2.1739130434782608
804,100,780,303.69006752597977,2.452755969703394
804,20,2650,343.3007557660064,7.457361792078965
804,20,2744,335.22485943116806,10.154483023600251
804,20,3038,307.5685920288275,11.007529843528005
804,20,3021,326.30993247402023,9.946348346107555
804,20,3339,327.9946167919165,13.772235229279714
804,20,3864,326.30993247402023,12.785642820794289
804,20,2116,315,7.020918394760047
804,20,2438,331.92751306414704,11.643835616438356
804,20,2340,332.10272896905235,14.040426322387841
804,20,3132,329.03624346792645,12.406280627330425
804,20,3410,341.565051177078,2.1659436028550543
804,20,3294,327.2647737278924,11.638683200764504
804,20,3348,339.44395478041656,12.564711390172839
804,20,3510,318.81407483429035,7.086763875156434
804,20,7900,333.434948822922,11.691858705881254
804,20,8058,329.03624346792645,8.512338532620877
804,100,1590,305.5376777919744,5.812381937190964
804,100,2392,331.6992442339936,10.546302185881
804,100,1938,90,0.7299270072992701
804,100,1836,270,2.857142857142857
804,100,1581,310.6012946450045,6.402461428675616
804,100,310,180,2.1739130434782608
804,100,300,198.43494882292202,2.2915055508466518
804,100,455,144.46232220802563,5.8519219503691335
804,100,429,225,2.0203050891044216
804,100,352,180,2.9197080291970803
804,100,330,243.43494882292202,2.98142396999972
804,100,319,135,3.901278792753366
804,100,290,180,3.5211267605633805
804,100,360,165.9637565320735,2.7125694905379345
804,100,348,158.19859051364824,3.66337741981939
804,100,348,165.9637565320735,3.246539862691071
804,100,348,210.96375653207352,3.966633942071633
804,100,390,165.9637565320735,2.767184983636014
804,100,348,243.43494882292202,1.5636839003495033
804,100,319,180,3.7593984962406015
804,100,360,153.43494882292202,4.563404035713857
804,100,1150,263.6598082540901,6.80856025423866
804,100,940,236.3099324740202,2.4198330707812006
804,100,960,153.43494882292202,4.626347539654738
804,100,950,230.1944289077348,5.313095017623574
804,100,784,135,5.237828008789241
804,100,720,171.86989764584405,4.475359374598402
804,100,448,170.53767779197437,4.137933694080422
804,100,405,172.8749836510982,6.348234447479173
804,100,660,158.19859051364824,3.66337741981939
804,100,1764,98.74616226255523,8.8274808308496
804,100,1395,236.3099324740202,10.085458113185984
804,100,1598,191.3099324740202,3.8338492583404395
804,100,2187,86.63353933657021,11.74440439029407
804,100,2175,270,2.054794520547945
804,100,2128,14.036243467926454,2.9662630400127057
804,100,2100,33.69006752597977,4.973174173053778
804,20,950,345.96375653207355,6.063390625908324
804,20,1764,225,9.123958466923195
804,20,192,68.19859051364818,7.919360010491918
804,20,192,170.53767779197437,4.1950086415849785
804,20,192,168.69006752597977,3.4924791188991673
804,100,3120,233.13010235415598,3.6764705882352944
804,100,2783,135,2.966881599384115
804,100,3294,165.9637565320735,2.7305335268991127
804,100,3690,216.86989764584402,3.5211267605633805
804,100,3782,180,2.797202797202797
804,100,4000,180,2.112676056338028
804,100,4284,180,1.5384615384615385
804,100,3751,135,2.635180551005767
804,100,3510,123.69006752597977,2.9077026415032172
804,100,3648,153.43494882292202,3.1943828249996997
804,100,3729,161.56505117707798,2.1223340001130064
804,100,3808,225,0.9959250439247148
804,100,4180,146.30993247402023,2.6907099070626788
804,100,3531,153.43494882292202,3.3374148917907314
804,100,3120,153.43494882292202,2.8852490032255353
804,100,3060,161.56505117707798,2.3252041618885144
804,100,992,90,1.3245033112582782
804,100,960,101.30993247402023,3.5908588123892846
804,100,936,192.52880770915152,6.447233886218802
804,100,598,90,3.4722222222222223
804,100,720,129.8055710922652,5.423784497157399
804,100,4452,344.05460409907715,5.4329178278212815
804,100,4200,350.5376777919744,4.109974682633933
804,100,3818,240.25511870305775,5.484529080475204
804,20,962,303.69006752597977,2.4198330707812006
804,20,840,315,2.0203050891044216
804,20,726,225,3.0968180197950983
804,100,450,315,6.379910807698172
804,20,2226,315,5.276916277511549
804,20,2420,309.8055710922652,5.461713060074583
804,20,900,255.9637565320735,2.9877576997229425
804,100,1152,251.56505117707798,2.2750198994017117
804,100,1088,270,1.4084507042253522
804,100,1088,255.9637565320735,3.0095661500858837
804,100,1056,303.69006752597977,2.46955566812602
804,100,1056,225,3.008965026325734
804,100,1155,300.9637565320735,4.164965639175215
804,100,1122,270,3.4013605442176873
804,100,1088,296.565051177078,3.3374148917907314
804,100,1085,281.30993247402023,3.3110516322031067
804,100,1054,291.8014094863518,3.9307772314850395
804,100,999,300.9637565320735,4.049272149198126
804,100,1036,270,7.092198581560284
804,20,1240,206.56505117707798,7.710579232757896
804,20,1764,206.56505117707798,6.388765649999399
804,20,2068,206.56505117707798,5.845929352940627
804,20,2475,198.43494882292202,6.776309271789384
804,20,2668,212.00538320808352,7.040284426907912
804,20,1537,279.4623222080256,8.689660757568884
804,20,832,108.43494882292202,4.5175395145262565
804,20,768,116.56505117707798,3.1493915176053378
804,20,792,300.25643716352926,10.140470065291828
804,100,1320,296.565051177078,4.626347539654738
804,100,1290,296.565051177078,1.6086819982012877
804,100,1395,296.565051177078,4.626347539654738
804,100,1488,293.1985905136482,5.3632204970872595
804,100,1395,323.13010235415595,3.5211267605633805
804,100,1333,189.4623222080256,4.253680091117635
804,100,1302,270,7.142857142857142
804,20,3770,330.94539590092285,7.250443761258452
804,20,3900,330.25511870305775,11.517511068997928
804,20,4209,331.3895403340348,8.823918370522302
804,20,4260,352.40535663140855,9.955753914751025
804,20,3008,327.5288077091515,9.05444778500368
804,20,3216,330.25511870305775,12.03322051984858
804,20,3216,329.03624346792645,8.270853751553618
804,20,3102,337.3801350519596,8.609271523178808
804,20,3348,329.74356283647074,9.515372595513565
804,20,3050,349.695153531234,7.818419501747517
804,20,3150,333.434948822922,3.105649968749708
804,20,3150,326.30993247402023,7.671385692476573
804,20,4485,326.30993247402023,5.341557445131836
804,20,2915,333.434948822922,3.042269357142571
804,20,3364,333.434948822922,12.686910510637105
804,20,2496,338.1985905136482,7.5316990309573475
804,20,2530,315,4.190262407031393
804,20,2132,0,4.861111111111112
804,20,2496,321.3401917459099,8.315745762899803
804,20,2340,330.94539590092285,7.859259649608398
804,20,2142,330.94539590092285,7.149743153463195
804,20,2622,331.3895403340348,8.70136394870949
804,20,2773,327.9946167919165,6.98813417189378
804,20,2832,335.55604521958344,8.630747123996123
804,20,3050,326.30993247402023,4.622501635210242
804,20,3162,333.434948822922,8.469954460226477
804,20,3150,333.434948822922,5.62532824528249
804,20,3100,336.0375110254218,7.461255910451594
804,20,3150,325.00797980144137,9.04189304869163
804,20,3100,335.55604521958344,8.391004148329564
804,20,5427,329.03624346792645,8.098544298396252
804,20,5561,330.25511870305775,5.677646301618696
804,20,1862,323.13010235415595,3.7593984962406015
804,20,1862,338.1985905136482,3.84654629081036
804,20,1900,323.13010235415595,3.4482758620689653
804,20,1976,329.03624346792645,4.3514566379442545
804,20,1976,329.03624346792645,4.049272149198126
804,20,2214,323.13010235415595,3.4722222222222223
804,20,2408,336.8014094863518,5.683412765570081
804,20,2408,326.30993247402023,2.452755969703394
804,20,2268,329.03624346792645,4.106304151299508
804,20,2394,326.30993247402023,2.521364528296496
804,20,2214,341.565051177078,4.392052305789416
804,20,2173,326.30993247402023,4.905511939406788
804,20,2337,341.565051177078,2.3252041618885144
804,20,2365,338.1985905136482,3.688469045982537
804,20,2226,329.03624346792645,4.225327460032827
804,100,510,341.565051177078,9.655809649369097
804,100,666,340.01689347810003,8.12826382688863
804,100,756,333.434948822922,3.2173639964025753
804,100,759,333.434948822922,6.2987830352106755
804,100,620,0,3.870967741935484
804,100,2464,333.434948822922,1.6203391141302825
804,100,2610,326.30993247402023,4.807401700618652
804,100,2610,333.434948822922,3.3374148917907314
804,100,2520,326.30993247402023,2.403700850309326
804,100,2385,326.30993247402023,2.670778722565918
804,100,2288,333.434948822922,3.021713483107824
804,100,2332,323.13010235415595,3.4965034965034967
804,100,2279,326.30993247402023,2.5753937681885635
804,100,2226,323.13010235415595,3.5211267605633805
804,100,2255,326.30993247402023,2.486587086526889
804,100,2091,336.8014094863518,5.683412765570081
804,100,1960,326.30993247402023,4.839666141562401
804,20,3072,333.434948822922,2.9616794403970728
804,20,3538,338.1985905136482,3.688469045982537
804,20,3654,333.434948822922,8.160832034670767
804,20,3705,333.434948822922,7.873478794013344
804,20,1836,333.434948822922,10.087524710525368
804,20,1680,315,2.9462782549439477
804,20,1750,338.1985905136482,11.14172029062311
804,100,1800,135,1.9110994086122908
804,100,1900,123.69006752597977,2.631789252163496
804,100,2080,210.96375653207352,4.0775887376540565
804,100,2530,90,1.3888888888888888
804,100,2491,123.69006752597977,2.486587086526889
804,100,2200,180,0.7194244604316548
804,100,2754,45,1.8982732380846916
804,100,3186,213.69006752597977,5.078241233047872
804,100,2585,141.34019174590992,4.541222863427552
804,100,2268,146.30993247402023,2.403700850309326
804,100,2214,168.69006752597977,3.6163258961650957
804,100,2268,180,2.127659574468085
804,100,2337,161.56505117707798,2.053427052057389
804,100,240,161.56505117707798,2.1223340001130064
804,100,230,172.8749836510982,5.677646301618696
804,100,216,170.53767779197437,4.314015978934908
804,100,240,194.03624346792648,2.748737083745107
804,100,340,170.53767779197437,4.905453653466306
804,100,306,210.96375653207352,3.9938026677022607
804,100,297,180,3.289473684210526
804,100,341,180,4.166666666666666
804,100,1920,153.43494882292202,1.552824984374854
804,100,2040,216.86989764584402,3.4722222222222223
804,100,2340,90,0.7092198581560284
804,100,2280,161.56505117707798,2.2269560987101262
804,100,2520,161.56505117707798,2.2750198994017117
804,100,2596,161.56505117707798,2.1512092926315507
804,100,720,161.56505117707798,6.680868296130379
804,100,1190,165.9637565320735,2.86326779556782
804,100,1995,243.43494882292202,6.254735601398013
804,20,800,50.19442890773479,5.6188846589256505
804,20,864,261.869897645844,5.014941710542891
804,20,720,300.9637565320735,4.0775887376540565
804,20,672,180,0.6944444444444444
804,20,588,243.43494882292202,3.3625082368417893
804,20,551,201.80140948635182,3.959680005245959
804,20,570,315,4.040610178208843
804,20,570,251.56505117707798,2.1223340001130064
804,20,589,296.565051177078,1.6321664069341533
804,20,570,270,2.73972602739726
804,100,570,284.03624346792645,2.92418838696288
804,100,589,291.8014094863518,3.8742192857082762
804,100,589,296.565051177078,4.69105170104851
804,100,570,296.565051177078,4.594660227739293
804,100,540,310.6012946450045,6.72959449437437
804,100,493,315,3.0743773095067284
804,20,600,270,2.8368794326241136
804,20,600,278.13010235415595,5.014941710542891
804,20,594,281.30993247402023,3.565747911603346
804,20,588,288.434948822922,4.422765958277454
804,20,560,293.96248897457815,6.792315725376623
804,20,187,255.9637565320735,6.063390625908324
804,20,420,231.3401917459099,4.541222863427552
804,20,576,303.69006752597977,2.631789252163496
804,100,544,270,0.6756756756756757
804,100,663,270,2.2222222222222223
804,100,570,315,1.950639396376683
804,100,540,251.56505117707798,2.1659436028550543
804,100,544,279.4623222080256,3.924362922773045
804,100,525,270,2.272727272727273
804,100,546,284.03624346792645,2.9662630400127057
804,100,559,270,3.4482758620689653
804,100,675,231.3401917459099,4.541222863427552
804,100,494,288.434948822922,2.1512092926315507
804,100,490,8.130102354155952,5.161363366325165
804,100,602,288.434948822922,8.907824394840505
804,100,774,262.8749836510982,5.484529080475204
804,100,330,135,1.0101525445522108
804,20,2173,326.30993247402023,5.421881617239081
804,20,2214,329.74356283647074,9.323787912382418
804,20,2436,326.30993247402023,7.211102550927979
804,20,2050,333.434948822922,12.040366032691177
804,20,2142,330.25511870305775,11.600370860861222
804,20,2268,330.25511870305775,5.304116939670099
804,100,462,292.38013505195954,12.175348550231943
804,100,336,45,5.199314567548144
804,100,300,323.13010235415595,3.6231884057971016
804,100,276,347.4711922908485,5.798455633517539
804,100,264,315,5.611958580845616
804,100,231,0,5.673758865248227
804,100,276,318.81407483429035,7.433668400513742
804,100,220,309.8055710922652,5.461713060074583
804,100,2756,329.03624346792645,12.318912453898522
804,100,2548,335.55604521958344,8.630747123996123
804,20,2303,0,4.40251572327044
804,20,2208,3.366460663429791,13.201074702268528
804,20,2116,10.619655276155129,10.925382950402488
804,20,2070,347.4711922908485,12.894467772437604
804,20,1989,336.3706222693432,11.800168376062823
804,20,1768,334.6538240580533,15.345836526736234
804,20,1815,338.1985905136482,16.075118827267175
804,20,2544,353.6598082540901,6.1185034717144715
804,20,2254,333.434948822922,9.865005783087307
804,20,2550,315,7.9674003513977185
804,20,2208,0,6.61764705882353
804,20,2538,325.00797980144137,16.721309062648906
804,20,2208,321.3401917459099,4.573660169594892
804,100,288,198.43494882292202,2.1366740947083644
804,100,288,143.13010235415595,3.64963503649635
804,100,297,168.69006752597977,3.4687207575461123
804,100,288,210.96375653207352,4.049272149198126
804,100,288,158.19859051364824,3.84654629081036
804,100,256,180,2.7586206896551726
804,100,248,210.96375653207352,3.93983236138196
804,100,256,143.13010235415595,3.546099290780142
804,100,279,178.8766972859246,3.5522146921606823
804,100,3822,161.56505117707798,2.0668481439009017
804,100,3888,146.30993247402023,2.5939217809093447
804,100,4187,135,1.0174198290453922
804,100,4240,135,3.955842132512154
804,100,4956,126.86989764584405,3.4722222222222223
804,100,5270,180,0.7194244604316548
804,100,5610,198.43494882292202,2.1223340001130064
804,100,5880,230.1944289077348,5.700912172194638
804,100,6536,101.30993247402023,3.565747911603346
804,100,7476,135,1.8982732380846916
804,100,7921,165.9637565320735,2.6773413153361436
804,100,225,189.4623222080256,4.109974682633933
804,100,216,210.96375653207352,3.93983236138196
804,100,216,165.9637565320735,3.031695312954162
804,100,216,293.1985905136482,5.32571545864609
804,100,8122,333.434948822922,1.6203391141302825
804,100,7076,0,0.6535947712418301
804,100,6726,135,1.0553832555023097
804,100,6270,0,1.3986013986013985
804,100,5940,0,3.546099290780142
804,100,5724,0,2.097902097902098
804,100,5459,108.43494882292202,2.2427501135945955
804,100,5252,270,1.4285714285714286
804,100,5096,350.5376777919744,4.314015978934908
804,100,4845,45,1.977921066256077
804,100,4692,0,0.6944444444444444
804,100,4488,315,1.032272673265033
804,100,4200,315,0.9959250439247148
804,100,4000,45,1.950639396376683
804,100,3800,0,1.4492753623188406
804,100,3600,333.434948822922,1.4614823382351567
804,100,3400,0,0.7575757575757576
804,100,3200,26.565051177077976,1.552824984374854
804,100,2989,18.434948822922024,2.3252041618885144
804,100,3723,198.43494882292202,2.1659436028550543
804,100,3822,296.565051177078,1.6563466499998445
804,100,4018,60.2551187030578,5.269449508691862
804,100,4150,270,2.0689655172413794
804,100,4400,165.9637565320735,2.92418838696288
804,100,4459,165.9637565320735,3.0541523152723413
804,100,4508,180,2.127659574468085
804,100,4042,135,0.9959250439247148
804,100,3564,135,3.901278792753366
804,100,2964,180,0.6622516556291391
804,100,2556,143.13010235415595,3.7593984962406015
804,100,2210,270,1.3986013986013985
804,100,1980,108.43494882292202,2.2915055508466518
804,100,1824,90,0.6756756756756757
804,100,1760,270,0.7462686567164178
804,100,1870,90,1.3071895424836601
804,100,1972,0,1.6
804,100,1568,270,1.3245033112582782
804,100,1326,270,0.7142857142857143
804,100,238,66.80140948635182,5.5589584714335105
804,100,195,135,1.024792436502243
804,100,168,270,0.6944444444444444
804,100,154,90,2.34375
804,100,198,306.86989764584405,3.546099290780142
804,100,216,108.43494882292202,2.1659436028550543
804,100,216,0,0.7042253521126761
804,100,162,83.65980825409008,6.658371425101042
804,100,136,108.43494882292202,4.5830111016933035
804,100,435,37.874983651098205,7.863278793787158
804,100,378,18.434948822922024,4.392052305789416
804,100,240,341.565051177078,4.650408323777029
804,100,207,14.036243467926454,2.7305335268991127
804,100,855,249.4439547804165,6.522140263601169
804,100,760,45,0.9959250439247148
804,100,528,333.434948822922,4.563404035713857
804,100,306,33.69006752597977,12.3477783406301
804,100,476,315,2.8474098571270368
804,100,416,75.96375653207355,5.609667517847157
804,100,416,338.1985905136482,4.450549427383887
804,100,403,341.565051177078,2.1223340001130064
804,100,403,0,1.3333333333333335
804,100,372,315,3.2141217326661247
804,100,372,0,2.0689655172413794
804,100,310,21.801409486351815,3.8192658206627685
804,100,310,333.434948822922,1.5746957588026689
804,100,310,26.565051177077976,3.2643328138683065
804,100,310,303.69006752597977,2.4198330707812006
804,100,279,0,1.4814814814814816
804,100,288,303.69006752597977,2.3412670619896034
804,100,297,0,2.2222222222222223
804,100,256,26.565051177077976,3.3625082368417893
804,100,248,333.434948822922,1.5007167634226777
804,100,279,0,1.4285714285714286
804,100,248,36.86989764584405,3.4482758620689653
804,100,240,326.30993247402023,2.539120616523936
804,100,261,0,0.6896551724137931
804,100,261,0,1.5037593984962405
804,100,224,341.565051177078,2.211382979138727
804,100,224,0,1.3245033112582782
804,100,256,0,5.517241379310345
804,100,210,345.96375653207355,6.108304630544683
804,100,279,32.005383208083515,6.506193884176968
804,100,203,345.96375653207355,5.8901508937395155
804,100,196,0,4.25531914893617
804,100,189,0,6.0402684563758395
804,100,224,7.125016348901795,5.598790102985104
804,100,216,0,4.545454545454546
804,100,150,344.05460409907715,4.986376636493506
804,100,140,29.744881296942253,5.637942481327657
804,100,115,321.3401917459099,4.708179586347683
804,20,132,23.198590513648185,5.111257118029469
804,100,620,270,3.597122302158273
804,100,612,284.03624346792645,2.7305335268991127
804,100,690,254.05460409907715,5.126837950197547
804,100,768,270,2.9629629629629632
804,100,836,288.434948822922,2.1223340001130064
