507,100,418,194.03624346792648,5.6480898981063845
507,100,418,174.2894068625003,6.203626926617833
507,100,396,180,8.94308943089431
507,100,385,180,6.0402684563758395
507,100,363,180,7.142857142857142
507,20,210,180,3.8461538461538463
507,100,464,131.18592516570965,7.592961294810465
507,100,364,135,3.0968180197950983
507,100,299,156.80140948635176,5.252257314388903
507,100,390,324.4623222080256,5.659424517791202
507,20,180,350.5376777919744,4.5057500224431255
507,20,198,315,2.737187540076958
507,20,198,306.86989764584405,3.8461538461538463
507,20,187,315,3.9837001756988593
507,20,192,296.565051177078,4.626347539654738
507,20,272,351.86989764584405,5.356869554443542
507,20,306,281.30993247402023,3.3110516322031067
507,20,225,270,5.714285714285714
507,100,396,300.25643716352926,9.580995854792969
507,100,200,255.9637565320735,2.86326779556782
507,100,132,270,1.4492753623188406
507,100,80,296.565051177078,1.510856741553912
507,100,68,270,0.7352941176470588
507,100,84,333.434948822922,1.6086819982012877
507,100,77,270,0.6535947712418301
507,100,80,0,1.550387596899225
507,100,72,225,0.9959250439247148
507,100,72,225,0.9428090415820635
507,100,64,225,1.0398629135096287
507,100,40,180,0.7352941176470588
507,100,40,90,0.7092198581560284
507,100,28,35.537677791974374,5.8519219503691335
507,100,42,180,1.4388489208633095
507,100,30,0,0.7299270072992701
507,100,35,116.56505117707798,1.6086819982012877
507,100,24,270,0.7194244604316548
507,100,35,90,0.6802721088435374
507,100,42,26.565051177077976,1.5746957588026689
507,100,24,206.56505117707798,1.552824984374854
507,100,54,45,1.0398629135096287
507,100,42,243.43494882292202,1.49071198499986
507,100,36,270,0.6802721088435374
507,100,24,333.434948822922,0.8043409991006438
507,100,15,315,0.9753196981883415
507,20,846,125.53767779197437,6.188723213699731
507,20,532,135,15.484090098975495
507,20,512,156.37062226934313,11.72097261514965
507,20,646,169.69515353123393,8.043409991006438
507,20,612,146.30993247402023,7.781765342728035
507,100,450,288.434948822922,2.1366740947083644
507,100,450,293.96248897457815,7.136853479562394
507,20,580,143.9726266148964,9.190182776172598
507,20,60,270,7.6923076923076925
507,20,374,141.34019174590992,4.446614053772811
507,20,432,74.05460409907715,5.200078492343227
507,20,312,243.43494882292202,3.1493915176053378
507,20,300,180,0.6711409395973155
507,100,300,270,0.7092198581560284
507,20,500,218.65980825409008,4.778450923457349
507,20,420,14.036243467926454,2.7305335268991127
507,20,361,26.565051177077976,1.6203391141302825
507,20,400,236.3099324740202,2.5753937681885635
507,20,90,153.43494882292202,2.9229646764703134
507,20,90,165.9637565320735,2.9877576997229425
507,100,234,270,0.6944444444444444
507,100,176,315,3.1426968052735442
507,100,198,315,1.9641855032959656
507,100,242,90,2.0408163265306123
507,100,360,90,2.3622047244094486
507,100,760,198.43494882292202,2.2587697572631282
507,100,540,180,1.4388489208633095
507,100,504,153.43494882292202,1.5858638138296381
507,100,442,206.56505117707798,1.49071198499986
507,100,462,180,0.7518796992481203
507,100,448,270,4.794520547945205
507,100,680,113.19859051364818,5.252257314388903
507,100,864,123.69006752597977,2.5753937681885635
507,100,828,206.56505117707798,1.5858638138296381
507,100,836,18.434948822922024,2.5097441747368094
507,100,798,270,0.6756756756756757
507,100,780,270,0.6756756756756757
507,100,741,0,0.6756756756756757
507,100,680,333.434948822922,1.7069221202288474
507,100,656,0,0.7299270072992701
507,100,645,315,0.9820927516479828
507,100,546,270,3.4722222222222223
507,100,560,270,0.7142857142857143
507,100,760,135,0.9753196981883415
507,100,504,213.69006752597977,2.6907099070626788
507,100,665,90,1.2658227848101267
507,100,680,90,0.78125
507,100,558,71.56505117707798,2.0271010642104996
507,100,476,180,0.7299270072992701
507,100,486,45,1.9918500878494296
507,100,342,261.869897645844,0.8289645734895048
507,100,306,0,0.7142857142857143
507,100,255,303.69006752597977,2.387782301631781
507,100,210,315,2.049584873004486
507,100,182,243.43494882292202,1.6563466499998445
507,100,168,0,0.6622516556291391
507,100,143,153.43494882292202,1.6687074458953657
507,100,165,243.43494882292202,1.5971914124998499
507,100,126,135,0.9889605331280386
507,100,209,128.65980825409008,4.606564199591977
507,100,190,315,0.9123958466923194
507,100,200,153.43494882292202,1.5971914124998499
507,100,299,36.86989764584405,3.875968992248062
507,100,420,236.3099324740202,2.387782301631781
507,100,420,90,0.7407407407407408
507,100,480,180,0.7092198581560284
507,100,480,135,0.9753196981883415
507,100,224,246.80140948635182,5.3632204970872595
507,100,425,60.2551187030578,5.598790102985104
507,100,768,63.434948822922024,1.5636839003495033
507,100,665,153.43494882292202,1.5971914124998499
507,100,646,180,0.7462686567164178
507,100,570,63.434948822922024,1.5636839003495033
507,100,518,225,2.8861501272920305
507,100,528,36.86989764584405,3.7593984962406015
507,100,442,63.434948822922024,1.5211346785712856
507,100,408,225,0.9820927516479828
507,100,374,45,1.0475656017578483
507,100,490,270,1.3888888888888888
507,100,385,45,0.9959250439247148
507,100,576,284.03624346792645,2.8435211211156277
507,100,612,0,0.684931506849315
507,100,630,270,0.7042253521126761
507,100,646,0,0.7042253521126761
507,100,551,243.43494882292202,1.6086819982012877
507,100,418,213.69006752597977,2.5571285641588575
507,100,360,270,1.3793103448275863
507,100,456,296.565051177078,1.5858638138296381
507,100,836,45,5.6948197142540735
507,100,735,296.565051177078,1.6687074458953657
507,100,972,296.565051177078,3.0014335268453554
507,100,954,45,1.0101525445522108
507,100,936,243.43494882292202,1.5211346785712856
507,100,918,45,0.9959250439247148
507,100,882,243.43494882292202,1.6441676305145512
507,100,846,315,0.9555497043061454
507,100,774,270,2.18978102189781
507,100,646,270,2.7586206896551726
507,100,594,315,1.950639396376683
507,100,504,279.4623222080256,4.539375022610612
507,100,408,146.30993247402023,2.436183294232425
507,100,600,104.03624346792651,2.8240449490531923
507,100,551,165.9637565320735,3.0095661500858837
507,100,660,153.43494882292202,1.5421158465515792
507,100,520,315,1.9641855032959656
507,100,414,116.56505117707798,5.120766360686542
507,100,374,326.30993247402023,5.114257128317715
507,100,368,56.30993247402023,2.486587086526889
507,100,330,225,1.024792436502243
507,100,336,99.46232220802563,4.001817454143565
507,100,392,99.46232220802563,4.376088151293683
507,100,420,45,0.9889605331280386
507,100,351,277.1250163489018,5.637942481327657
507,100,338,90,0.7092198581560284
507,100,435,56.30993247402023,5.078241233047872
507,100,338,218.65980825409008,4.67381331199478
507,100,480,146.30993247402023,4.807401700618652
507,100,627,206.56505117707798,1.6086819982012877
507,100,608,215.53767779197437,5.773372662444716
507,100,490,285.94539590092285,5.515234764606453
507,100,403,251.56505117707798,6.410022284125093
507,100,336,270,2.1739130434782608
507,100,496,126.86989764584405,3.3333333333333335
507,100,432,270,2.9197080291970803
507,100,425,8.130102354155952,5.123962182511215
507,100,400,270,1.3888888888888888
507,100,450,315,1.0029883421085781
507,100,475,0,0.7042253521126761
507,100,525,45,0.9820927516479828
507,100,437,35.537677791974374,6.188723213699731
507,100,414,125.53767779197437,5.734883511361751
507,100,374,308.6598082540901,4.606564199591977
507,100,525,119.74488129694225,6.01661025992429
507,100,672,180,1.3071895424836601
507,100,660,0,0.7462686567164178
507,100,578,180,1.3888888888888888
507,100,480,251.56505117707798,2.1223340001130064
507,100,544,90,3.007518796992481
507,100,434,255.9637565320735,2.9877576997229425
507,100,390,0,0.6622516556291391
507,100,464,90,5.263157894736842
507,100,416,270,0.6711409395973155
507,100,403,0,0.6535947712418301
507,100,400,315,2.049584873004486
507,100,368,243.43494882292202,1.7333860290696046
507,100,273,180,1.25
507,100,336,213.69006752597977,2.7314782389878705
507,100,400,90,0.7142857142857143
507,100,550,33.69006752597977,2.7523292179114422
507,100,408,33.69006752597977,2.5571285641588575
507,100,390,26.565051177077976,1.5971914124998499
507,100,322,315,4.190262407031393
507,100,299,341.565051177078,2.094223616005549
507,100,325,99.46232220802563,4.344830378784442
507,100,377,90,3.4013605442176873
507,100,288,285.25511870305775,7.403736526617778
507,100,325,98.13010235415601,5.276916277511549
507,100,264,262.8749836510982,5.800185430430611
507,100,312,111.80140948635182,3.7396977827322946
507,100,403,104.03624346792651,3.031695312954162
507,100,352,180,5.442176870748299
507,100,372,278.13010235415595,4.652018297279918
507,100,931,288.434948822922,2.3082318687360432
507,100,833,270,0.628930817610063
507,100,765,135,0.9304036594559837
507,100,611,270,10.144927536231885
507,100,624,270,1.3888888888888888
507,100,676,95.19442890773485,7.61749035668087
507,100,676,90,0.6535947712418301
507,100,676,180,0.6993006993006993
507,100,728,135,0.9428090415820635
507,100,728,180,0.7299270072992701
507,100,728,180,0.7042253521126761
507,100,728,180,0.7194244604316548
507,100,780,90,1.2658227848101267
507,100,700,270,0.7633587786259541
507,100,700,45,0.9753196981883415
507,100,637,180,0.7407407407407408
507,100,588,333.434948822922,1.6441676305145512
507,100,588,135,0.9889605331280386
507,100,528,270,1.3605442176870748
507,100,506,270,1.5873015873015872
507,100,484,270,1.2738853503184715
507,100,484,180,0.7518796992481203
507,100,585,63.434948822922024,1.4710973536182828
507,100,660,225,2.209708691207961
507,100,931,90,2
507,100,980,285.94539590092285,5.020765440883116
507,100,980,99.46232220802563,4.22414064604043
507,100,1000,90,1.5151515151515151
507,100,900,270,0.6666666666666667
507,100,882,270,0.7042253521126761
507,100,816,270,0.7299270072992701
507,100,752,278.13010235415595,4.843197131414709
507,100,736,279.4623222080256,4.2836355847170555
507,100,688,90,2.18978102189781
507,100,588,135,2.0348396580907844
507,100,735,104.03624346792651,2.748737083745107
507,100,832,90,0.7633587786259541
507,100,832,90,0.6896551724137931
507,100,848,90,1.3793103448275863
507,100,765,206.56505117707798,1.5746957588026689
507,100,832,45,0.9686394262829419
507,100,784,90,1.4184397163120568
507,100,784,180,0.7407407407407408
507,100,768,0,0.6802721088435374
507,100,960,341.565051177078,2.3776523760664507
507,100,950,270,0.7246376811594203
507,100,931,90,0.6944444444444444
507,100,931,116.56505117707798,1.5421158465515792
507,100,882,0,1.4925373134328357
507,100,816,180,1.3888888888888888
507,100,833,251.56505117707798,6.874516652539955
507,100,816,270,0.641025641025641
507,100,736,270,0.7194244604316548
507,100,690,153.43494882292202,1.6441676305145512
507,100,630,0,0.641025641025641
507,100,616,45,5.567769930602736
507,100,660,45,0.936565273094765
507,100,630,90,0.7462686567164178
507,100,640,270,0.7092198581560284
507,100,585,225,1.9918500878494296
507,100,528,225,1.032272673265033
507,100,435,243.43494882292202,1.552824984374854
507,100,400,243.43494882292202,1.5211346785712856
507,100,352,270,2.054794520547945
507,100,300,135,1.0633184679496956
507,100,288,0,0.684931506849315
507,100,240,270,0.7042253521126761
507,100,225,90,0.7092198581560284
507,100,210,0,0.6993006993006993
507,100,210,270,1.3157894736842104
507,100,210,270,0.7142857142857143
507,100,195,90,0.6451612903225806
507,100,252,45,3.9837001756988593
507,100,221,210.96375653207352,4.194929420752016
507,100,221,180,0.6578947368421052
507,100,192,0,0.6493506493506493
507,100,192,225,1.1223917161691233
507,100,221,63.434948822922024,1.5971914124998499
507,100,176,296.565051177078,1.5421158465515792
507,100,176,225,1.0174198290453922
507,100,176,0,0.6993006993006993
507,100,225,90,0.6993006993006993
507,100,221,333.434948822922,1.6086819982012877
507,100,204,315,0.9620500424306769
507,100,187,90,0.7462686567164178
507,100,806,208.6104596659652,8.083847797510753
507,100,675,225,3.0743773095067284
507,100,552,270,0.7352941176470588
507,100,450,243.43494882292202,1.6563466499998445
507,100,400,225,1.87313054618953
507,100,375,71.56505117707798,2.211382979138727
507,100,288,225,1.0713739108887086
507,100,264,198.43494882292202,2.1659436028550543
507,100,240,180,0.7092198581560284
507,100,240,45,1.950639396376683
507,100,264,225,0.9889605331280386
507,100,253,180,0.7092198581560284
507,100,253,45,1.0174198290453922
507,100,189,206.56505117707798,1.5421158465515792
507,100,210,0,0.7194244604316548
507,100,189,90,0.6451612903225806
507,100,231,180,0.8064516129032258
507,100,210,270,0.6993006993006993
507,100,240,270,0.6944444444444444
507,100,247,153.43494882292202,1.5315534092464314
507,100,266,270,0.7142857142857143
507,100,221,180,0.7692307692307693
507,100,208,0,0.7042253521126761
507,100,255,243.43494882292202,1.5007167634226777
507,100,247,225,0.9889605331280386
507,100,240,63.434948822922024,1.6441676305145512
507,100,224,45,0.9555497043061454
507,100,195,135,1.0553832555023097
507,100,196,296.565051177078,1.510856741553912
507,100,234,243.43494882292202,1.8032806270159594
507,100,406,71.56505117707798,2.0804458290581445
507,100,216,180,0.7042253521126761
507,100,187,180,1.550387596899225
507,100,160,45,0.9753196981883415
507,100,168,135,1.0878565864408425
507,100,216,270,2.5806451612903225
507,100,210,45,1.8608073189119674
507,100,240,251.56505117707798,2.5298221281347035
507,100,231,225,1.0101525445522108
507,100,231,270,0.6666666666666667
507,100,220,315,1.0553832555023097
507,100,266,33.69006752597977,2.4198330707812006
507,100,270,26.565051177077976,3.1273678006990067
507,100,255,90,0.7042253521126761
507,100,272,0,0.6711409395973155
507,100,304,180,0.78125
507,100,320,0,0.6578947368421052
507,100,320,0,0.6451612903225806
507,100,304,180,0.7936507936507936
507,100,320,0,1.3513513513513513
507,100,320,0,0.7299270072992701
507,100,300,225,1.032272673265033
507,100,285,225,1.0475656017578483
507,100,289,78.69006752597977,3.565747911603346
507,100,506,59.03624346792651,3.836152562398224
507,100,480,90,0.6944444444444444
507,100,660,63.434948822922024,1.7333860290696046
507,100,972,198.43494882292202,2.2750198994017117
507,100,903,219.80557109226518,5.423784497157399
507,100,903,180,1.3333333333333335
507,100,697,225,10.32272673265033
507,100,656,198.43494882292202,2.211382979138727
507,100,570,255.9637565320735,3.0769444967295976
507,100,468,90,2.027027027027027
507,100,832,123.69006752597977,4.905511939406788
507,100,864,135,1.0174198290453922
507,100,848,45,1.9641855032959656
507,100,884,180,0.7092198581560284
507,100,850,201.80140948635182,3.688469045982537
507,100,574,315,1.1048543456039805
507,100,612,261.869897645844,4.8102502121533846
507,100,578,153.43494882292202,3.0842316931031584
507,100,900,174.2894068625003,8.10473840412975
507,100,864,228.81407483429035,7.182530954550439
507,100,864,180,0.6451612903225806
507,100,864,300.9637565320735,4.485347611419463
507,100,828,0,1.3986013986013985
507,100,805,300.9637565320735,4.106304151299508
507,100,144,153.43494882292202,1.5211346785712856
507,100,216,225,1.0398629135096287
507,100,91,180,1.3986013986013985
507,100,187,135,1.8247916933846389
507,100,140,180,0.7633587786259541
507,100,156,135,0.9959250439247148
507,100,120,255.9637565320735,2.8435211211156277
507,100,143,161.56505117707798,4.650408323777029
507,100,169,36.86989764584405,3.4722222222222223
507,100,121,236.3099324740202,2.311250817605121
507,100,144,18.434948822922024,2.4325212770525995
507,100,143,45,0.9555497043061454
507,100,110,296.565051177078,1.4808397201985364
507,100,170,63.434948822922024,3.4938562148434213
507,100,150,270,3.4013605442176873
507,100,140,243.43494882292202,1.5858638138296381
507,100,140,315,1.0398629135096287
507,100,120,333.434948822922,1.4614823382351567
507,100,108,180,0.7092198581560284
507,100,357,225,1.9641855032959656
507,100,336,225,1.9241000848613539
507,100,300,135,1.0029883421085781
507,100,252,180,0.7092198581560284
507,100,221,135,0.9686394262829419
507,100,192,206.56505117707798,1.552824984374854
507,100,165,206.56505117707798,1.5858638138296381
507,100,130,135,1.0029883421085781
507,100,130,45,1.0101525445522108
507,100,99,243.43494882292202,1.552824984374854
507,100,88,315,1.0475656017578483
507,100,90,63.434948822922024,1.5971914124998499
507,100,90,90,0.6993006993006993
507,100,81,225,1.9372788525658837
507,100,72,180,0.6756756756756757
507,100,70,45,0.9491366190423458
507,100,90,180,0.6896551724137931
507,100,90,90,0.7575757575757576
507,100,81,225,0.9183204950474644
507,100,192,30.963756532073546,4.194929420752016
507,100,143,206.56505117707798,1.5746957588026689
507,100,120,225,0.9065471553673687
507,100,121,71.56505117707798,2.3252041618885144
507,100,121,270,1.5037593984962405
507,100,110,243.43494882292202,1.510856741553912
507,100,121,56.30993247402023,2.6127183155536153
507,100,121,243.43494882292202,1.6321664069341533
507,100,121,26.565051177077976,1.4614823382351567
507,100,132,0,0.7299270072992701
507,100,182,26.565051177077976,1.6086819982012877
507,100,132,270,1.3888888888888888
507,100,121,135,0.9555497043061454
507,100,210,26.565051177077976,3.2883352610291023
507,100,144,233.13010235415598,3.3783783783783785
507,100,168,90,1.550387596899225
507,100,168,45,0.9820927516479828
507,100,143,213.69006752597977,2.387782301631781
507,100,130,225,2.1266369358993913
507,100,120,26.565051177077976,1.5636839003495033
507,100,143,135,1.0101525445522108
507,100,165,0,0.6993006993006993
507,100,120,225,2.0348396580907844
507,100,110,180,0.7194244604316548
507,100,165,51.34019174590992,4.573660169594892
507,100,120,225,3.030457633656632
507,100,99,198.43494882292202,2.1659436028550543
507,100,99,45,2.064545346530066
507,100,90,0,0.6896551724137931
507,100,81,90,0.684931506849315
507,100,80,26.565051177077976,1.6203391141302825
507,100,120,18.434948822922024,2.1659436028550543
507,100,140,63.434948822922024,3.2643328138683065
507,100,154,71.56505117707798,2.1808811449437098
507,100,130,90,0.7518796992481203
507,20,899,168.69006752597977,10.266482242133124
507,100,702,345.96375653207355,9.300238253272918
507,20,468,135,2.966881599384115
507,20,450,90,0.6944444444444444
507,20,320,288.434948822922,2.196026152894708
507,20,210,315,1.950639396376683
507,20,196,180,0.7874015748031495
507,20,182,180,0.6493506493506493
507,20,192,333.434948822922,1.6086819982012877
507,20,180,0,0.6896551724137931
507,20,208,0,1.4285714285714286
507,20,192,341.565051177078,2.2269560987101262
507,20,252,0,2.18978102189781
507,20,182,315,0.9555497043061454
507,20,272,206.56505117707798,3.1493915176053378
507,20,144,270,1.3986013986013985
507,20,182,135,2.0348396580907844
507,20,196,180,1.3793103448275863
507,20,196,206.56505117707798,1.4614823382351567
507,20,156,206.56505117707798,1.8949728622879574
507,20,120,0,1.9230769230769231
507,20,110,315,1.024792436502243
507,20,156,33.69006752597977,5.3814198141253575
507,20,252,71.56505117707798,2.1659436028550543
507,20,210,251.56505117707798,2.2269560987101262
507,20,210,225,1.87313054618953
507,20,110,350.5376777919744,4.376088151293683
507,20,105,320.9061411137705,13.474201390907389
507,20,60,275.4403320310055,14.649321603978462
507,20,96,333.434948822922,4.757591441488914
507,20,99,323.13010235415595,3.64963503649635
507,20,88,324.4623222080256,5.773372662444716
507,20,96,333.434948822922,5.006122337686096
507,20,99,315,5.014941710542891
507,20,99,326.30993247402023,4.682534123979207
507,20,156,270,2.2556390977443606
507,20,126,333.434948822922,4.724087276408007
507,20,117,345.96375653207355,2.8435211211156277
507,20,117,350.5376777919744,4.314015978934908
507,20,112,345.96375653207355,2.9035955109983522
507,20,104,350.5376777919744,4.314015978934908
507,20,117,341.565051177078,4.4539121974202525
507,20,120,5.710593137499643,7.178482586514921
507,20,128,344.05460409907715,4.789545979789814
507,20,120,347.4711922908485,6.931988313754051
507,20,120,351.86989764584405,4.714045207910317
507,20,105,0,2.307692307692308
507,20,138,19.44003482817618,13.453549535313392
507,100,1008,330.25511870305775,5.304116939670099
507,100,920,352.8749836510982,6.061847931051541
507,100,874,0,4
507,100,846,350.5376777919744,4.6790481002294
507,100,726,341.565051177078,2.2427501135945955
507,100,560,333.434948822922,5.006122337686096
507,100,416,26.565051177077976,3.0842316931031584
507,100,396,270,5.970149253731343
507,100,860,84.28940686250036,6.790456500757358
507,100,930,105.94539590092285,5.4329178278212815
507,100,429,270,2.2222222222222223
507,100,672,273.81407483429035,10.157632688089803
507,100,572,168.69006752597977,1.22572584461365
507,20,204,146.30993247402023,5.078241233047872
507,20,192,138.81407483429035,7.486018177982149
507,20,192,144.46232220802563,6.0156120748549835
507,20,176,156.80140948635176,5.5186761636694985
507,20,650,319.3987053549955,6.146362971528592
507,20,252,188.13010235415598,4.621612948931683
507,20,228,201.80140948635182,4.17454636211977
507,20,234,201.80140948635182,7.804586677006527
507,20,208,173.65980825409008,6.4222589632180265
507,100,899,206.56505117707798,1.6086819982012877
507,100,360,180,0.7518796992481203
507,100,308,153.43494882292202,1.5315534092464314
507,100,260,143.13010235415595,3.5211267605633805
507,100,378,90,1.4084507042253522
507,100,420,225,1.0101525445522108
507,100,484,333.434948822922,1.5315534092464314
507,100,506,296.565051177078,1.6203391141302825
507,100,357,296.565051177078,1.5211346785712856
507,100,320,251.56505117707798,2.211382979138727
507,100,280,303.69006752597977,2.5939217809093447
507,100,252,90,0.6896551724137931
507,100,220,90,0.7142857142857143
507,100,456,135,6.2853936105470884
507,100,527,123.69006752597977,2.486587086526889
507,100,595,135,0.9889605331280386
507,100,608,288.434948822922,2.2587697572631282
507,100,660,296.565051177078,1.5421158465515792
507,100,504,270,2.112676056338028
507,100,450,315,1.0029883421085781
507,100,437,296.565051177078,1.5315534092464314
507,100,360,315,4.129090693060132
507,100,342,153.43494882292202,1.5971914124998499
507,100,288,315,0.936565273094765
507,100,285,123.69006752597977,2.5753937681885635
507,100,280,135,1.0553832555023097
507,100,280,135,0.9820927516479828
507,100,552,75.96375653207355,2.8240449490531923
507,100,280,243.43494882292202,3.240678228260565
507,100,247,180,0.6896551724137931
507,100,238,180,0.6993006993006993
507,100,224,180,1.4388489208633095
507,100,210,90,0.7575757575757576
507,100,210,0,0.7092198581560284
507,100,210,0,0.7352941176470588
507,100,224,0,0.7142857142857143
507,100,224,315,0.9959250439247148
507,100,210,270,0.7352941176470588
507,100,210,333.434948822922,1.4426245016127677
507,100,210,315,0.936565273094765
507,100,210,270,0.7352941176470588
507,100,208,0,0.6711409395973155
507,100,195,180,0.7246376811594203
507,100,208,180,0.6993006993006993
507,100,195,180,1.4084507042253522
507,100,195,180,0.7092198581560284
507,100,195,180,0.7299270072992701
507,100,195,225,0.9686394262829419
507,100,208,315,0.9820927516479828
507,100,195,270,1.4084507042253522
507,100,195,315,0.9959250439247148
507,100,195,26.565051177077976,1.6086819982012877
507,100,195,333.434948822922,1.5315534092464314
507,100,195,90,0.7142857142857143
507,100,195,180,0.6666666666666667
507,100,195,135,1.0962895832349575
507,100,195,153.43494882292202,1.5636839003495033
507,100,195,161.56505117707798,2.1081851067789197
507,100,195,90,0.7142857142857143
507,100,195,180,2.158273381294964
507,100,210,225,0.9820927516479828
507,100,195,180,0.7142857142857143
507,100,195,270,0.7042253521126761
507,100,195,270,0.7194244604316548
507,100,195,270,0.6756756756756757
507,100,225,68.19859051364818,3.7139067635410368
507,100,195,63.434948822922024,6.254735601398013
507,100,182,116.56505117707798,5.006122337686096
507,100,500,113.19859051364818,5.288731323516603
507,100,156,213.69006752597977,2.539120616523936
507,100,450,83.65980825409008,6.514665567005336
507,100,984,135,1.0174198290453922
507,100,1000,180,0.7142857142857143
507,100,950,225,0.9959250439247148
507,100,864,315,1.0174198290453922
507,100,816,270,0.6756756756756757
507,100,800,225,0.9753196981883415
507,100,925,270,1.3986013986013985
507,100,912,315,1.0553832555023097
507,100,819,45,0.9820927516479828
507,100,760,270,1.4184397163120568
507,100,665,296.565051177078,1.5421158465515792
507,100,608,0,0.7194244604316548
507,100,493,180,0.6896551724137931
507,100,500,45,1.024792436502243
507,100,399,206.56505117707798,1.552824984374854
507,100,342,206.56505117707798,1.5746957588026689
507,100,320,90,0.7142857142857143
507,100,285,180,0.7042253521126761
507,100,252,225,1.9372788525658837
507,100,289,206.56505117707798,1.5971914124998499
507,100,224,225,0.9491366190423458
507,100,255,225,1.0101525445522108
507,100,225,315,1.024792436502243
507,100,210,270,0.6944444444444444
507,100,210,129.8055710922652,5.0715906986406845
507,100,210,187.1250163489018,5.637942481327657
507,100,680,135,1.0029883421085781
507,100,660,45,1.0398629135096287
507,100,660,104.03624346792651,5.687042242231255
507,100,665,108.43494882292202,2.2915055508466518
507,100,703,135,0.9620500424306769
507,100,680,260.5376777919744,4.539375022610612
507,100,774,225,1.8982732380846916
507,100,630,265.9143832200251,10.245013757385548
507,100,546,180,0.6622516556291391
507,100,440,270,0.7462686567164178
507,100,360,270,1.4084507042253522
507,100,306,225,0.9820927516479828
507,100,924,153.43494882292202,1.552824984374854
507,100,966,198.43494882292202,2.3424278964210217
507,100,819,180,1.2987012987012987
507,100,741,236.3099324740202,2.5939217809093447
507,100,663,180,0.7142857142857143
507,100,880,90,0.7092198581560284
507,100,989,198.43494882292202,2.1659436028550543
507,100,1012,225,1.950639396376683
507,100,902,243.43494882292202,4.757591441488914
507,100,819,225,3.0968180197950983
507,100,777,135,1.0174198290453922
507,100,700,45,1.0553832555023097
507,100,620,0,0.7299270072992701
507,100,580,270,0.7462686567164178
507,100,672,14.036243467926454,2.8240449490531923
507,100,588,180,1.4184397163120568
507,100,551,206.56505117707798,1.6203391141302825
507,100,540,225,0.9620500424306769
507,100,638,56.30993247402023,2.6127183155536153
507,100,1012,270,0.6896551724137931
507,100,946,0,0.7299270072992701
507,100,860,270,1.3986013986013985
507,100,738,270,1.36986301369863
507,100,640,0,0.7407407407407408
507,100,600,180,1.4084507042253522
507,100,688,90,4.195804195804196
507,100,675,180,1.4184397163120568
507,100,690,270,0.7092198581560284
507,100,720,90,0.7246376811594203
507,100,828,243.43494882292202,1.510856741553912
507,100,980,270,0.6622516556291391
507,100,867,255.9637565320735,2.9662630400127057
507,100,850,0,0.7352941176470588
507,100,960,341.565051177078,2.3252041618885144
507,100,987,120.96375653207349,4.164965639175215
507,100,900,303.69006752597977,2.486587086526889
507,100,900,270,0.7092198581560284
507,100,860,341.565051177078,2.1808811449437098
507,100,946,180,0.7142857142857143
507,100,836,315,1.024792436502243
507,100,836,333.434948822922,1.49071198499986
507,100,874,68.19859051364818,4.048996095589852
507,100,836,90,4.794520547945205
507,100,817,45,0.9428090415820635
507,20,130,201.80140948635182,3.7139067635410368
507,20,30,39.80557109226521,5.539184167309684
507,20,56,0,3.5211267605633805
507,20,42,315,0.9620500424306769
507,100,544,354.28940686250036,7.4443523119414
507,100,595,331.3895403340348,9.213208886868873
507,100,544,343.3007557660064,7.05426115466929
507,100,528,348.69006752597977,7.232651792330191
507,100,544,335.55604521958344,8.391004148329564
507,100,561,0,4.054054054054054
507,100,544,349.695153531234,8.343537229476826
507,100,544,345.96375653207355,5.8901508937395155
507,20,306,357.3974377975002,7.727268612472013
507,100,525,325.00797980144137,8.41831421774738
507,20,108,355.6012946450045,8.80973298000358
507,20,130,308.6598082540901,4.240479627438972
507,20,180,300.9637565320735,4.2561692663104385
507,20,152,341.565051177078,4.3617622898874195
507,20,126,303.69006752597977,2.7109408086195406
507,20,216,323.13010235415595,3.7037037037037033
507,20,198,326.30993247402023,2.372073207542098
507,20,150,315,4.8102502121533846
507,20,117,284.03624346792645,3.0541523152723413
507,20,130,296.565051177078,3.0842316931031584
507,20,96,341.565051177078,2.2587697572631282
507,20,88,296.565051177078,3.2883352610291023
507,20,88,281.30993247402023,3.6163258961650957
507,20,36,357.70938995736145,16.791940943888328
507,100,204,323.13010235415595,3.4013605442176873
507,20,180,303.69006752597977,2.670778722565918
507,100,204,315,0.9753196981883415
507,20,143,284.03624346792645,2.9450754468697578
507,20,110,315,1.0398629135096287
507,20,81,243.43494882292202,1.5858638138296381
507,20,56,225,0.9753196981883415
507,20,42,251.56505117707798,2.094223616005549
507,20,30,270,1.4598540145985401
507,20,25,225,1.8982732380846916
507,20,399,356.18592516570965,10.738068841694934
507,20,792,63.434948822922024,7.985957062499249
507,20,578,320.1944289077348,11.401824344389276
507,20,527,0,10.95890410958904
507,20,513,4.085616779974885,9.679771619047035
507,20,532,251.56505117707798,6.120537406777508
507,20,325,270,1.5151515151515151
507,20,253,206.56505117707798,1.5858638138296381
507,20,220,270,0.7462686567164178
507,20,210,90,0.6172839506172839
507,20,200,0,0.7575757575757576
507,20,180,180,0.7462686567164178
507,20,160,45,0.9183204950474644
507,20,160,180,0.7751937984496124
507,20,152,90,0.6711409395973155
507,20,231,45,2.925959094565024
507,20,240,0,0.7462686567164178
507,20,180,213.69006752597977,2.521364528296496
507,20,180,51.34019174590992,4.541222863427552
507,20,252,0,0.7092198581560284
507,100,273,180,0.7633587786259541
507,100,322,161.56505117707798,2.1808811449437098
507,100,308,180,2.684563758389262
507,100,368,153.43494882292202,1.6321664069341533
507,100,720,153.43494882292202,1.6441676305145512
507,100,621,341.565051177078,2.1366740947083644
507,100,713,161.56505117707798,2.3956648940669543
507,100,840,180,2.097902097902098
507,100,950,161.56505117707798,2.0668481439009017
507,100,1014,180,0.7462686567164178
507,100,1008,250.01689347810003,7.962380891646004
507,100,888,243.43494882292202,1.5746957588026689
507,100,851,38.65980825409008,4.708179586347683
507,100,814,90,3.4013605442176873
507,100,702,180,0.6993006993006993
507,100,722,206.56505117707798,1.5636839003495033
507,100,825,270,0.7692307692307693
507,100,720,270,1.3605442176870748
507,100,676,243.43494882292202,1.6086819982012877
507,100,567,225,3.9837001756988593
507,100,504,0,0.7299270072992701
507,100,450,135,1.0795523376893856
507,100,450,180,1.2903225806451613
507,100,420,315,1.0475656017578483
507,100,377,270,0.7299270072992701
507,100,377,180,0.6993006993006993
507,100,377,206.56505117707798,1.6321664069341533
507,100,324,180,1.4492753623188406
507,100,275,180,1.8867924528301887
507,100,264,180,1.5625
507,100,242,90,0.684931506849315
507,100,200,270,0.7246376811594203
507,100,180,90,1.3605442176870748
507,100,171,180,0.7407407407407408
507,100,180,0,0.7042253521126761
507,100,210,180,0.6896551724137931
507,100,210,0,0.7246376811594203
507,100,200,0,0.6756756756756757
507,100,162,180,0.6993006993006993
507,100,135,180,0.6993006993006993
507,100,204,45,4.944802665640193
507,100,247,45,1.0398629135096287
507,100,294,206.56505117707798,1.6203391141302825
507,100,286,225,0.9889605331280386
507,100,286,45,1.0029883421085781
507,100,322,225,0.936565273094765
507,100,286,225,1.0795523376893856
507,100,286,45,0.9620500424306769
507,100,240,206.56505117707798,1.6321664069341533
507,100,320,18.434948822922024,2.1366740947083644
507,100,210,180,2.1739130434782608
507,100,182,180,0.7042253521126761
507,100,130,90,1.4184397163120568
507,100,120,315,1.032272673265033
507,100,351,8.130102354155952,4.8102502121533846
507,100,132,180,5.109489051094891
507,100,110,180,0.7299270072992701
507,100,99,180,0.6578947368421052
507,100,96,270,0.7633587786259541
507,100,77,180,1.36986301369863
507,100,66,135,1.9918500878494296
507,100,66,180,0.7092198581560284
507,100,98,270,0.6711409395973155
507,100,72,45,1.032272673265033
507,100,72,315,1.8608073189119674
507,100,66,15.945395900922847,5.643496038201952
507,100,65,206.56505117707798,4.563404035713857
507,20,195,90,1.4184397163120568
507,20,195,0,0.6622516556291391
507,20,195,45,1.0029883421085781
507,20,234,341.565051177078,2.3424278964210217
507,20,702,53.13010235415595,3.571428571428571
507,20,663,45,5.161363366325165
507,20,702,71.56505117707798,2.1081851067789197
507,100,846,348.69006752597977,3.5165651817881276
507,100,810,54.462322208025626,6.0579755401708635
507,100,774,45,4.652018297279918
507,100,756,30.963756532073546,3.966633942071633
507,100,969,0,0.7874015748031495
507,100,1007,38.65980825409008,4.3558668281856106
507,100,931,315,1.9641855032959656
507,100,893,270,0.6535947712418301
507,100,900,315,0.9959250439247148
507,100,860,270,0.7142857142857143
507,100,820,270,0.6896551724137931
507,100,741,270,1.4705882352941175
507,100,648,270,0.7194244604316548
507,100,612,270,0.6802721088435374
507,100,561,225,1.0029883421085781
507,100,450,296.565051177078,1.5007167634226777
507,100,420,180,0.6756756756756757
507,100,525,345.96375653207355,3.147408874517298
507,100,420,270,1.2987012987012987
507,100,456,0,0.7518796992481203
507,100,912,243.43494882292202,3.7899457245759147
507,100,900,126.86989764584405,3.787878787878788
507,100,825,26.565051177077976,3.105649968749708
507,100,780,243.43494882292202,1.5636839003495033
507,100,676,225,0.9959250439247148
507,100,594,225,1.0174198290453922
507,100,494,243.43494882292202,1.5636839003495033
507,100,459,63.434948822922024,1.6321664069341533
507,100,432,270,0.7142857142857143
507,100,406,180,1.2903225806451613
507,100,406,180,0.6756756756756757
507,100,406,180,0.6944444444444444
507,100,406,180,0.7142857142857143
507,100,351,198.43494882292202,2.1366740947083644
507,100,338,45,0.9820927516479828
507,100,275,198.43494882292202,2.196026152894708
507,100,240,180,0.7407407407407408
507,100,220,225,0.9555497043061454
507,100,210,135,1.0174198290453922
507,100,210,45,1.0633184679496956
507,100,200,225,1.0101525445522108
507,100,200,45,1.0029883421085781
507,100,180,180,0.6711409395973155
507,100,171,270,0.7352941176470588
507,100,136,0,0.6535947712418301
507,100,136,225,0.9959250439247148
507,100,128,45,1.0029883421085781
507,100,120,198.43494882292202,2.2427501135945955
507,100,104,0,0.7092198581560284
507,100,96,180,0.6944444444444444
507,100,96,270,0.7194244604316548
507,100,84,45,0.9959250439247148
507,100,96,90,0.7194244604316548
507,100,135,26.565051177077976,1.510856741553912
507,100,144,0,0.7299270072992701
507,100,153,0,0.6578947368421052
507,100,135,180,0.7462686567164178
507,100,126,225,0.9243225897863367
507,100,117,180,0.7692307692307693
507,100,91,90,0.6493506493506493
507,100,162,45,1.0101525445522108
507,100,162,180,0.6802721088435374
507,100,153,90,0.6944444444444444
507,100,136,225,1.0029883421085781
507,100,112,0,0.684931506849315
507,100,98,270,0.7042253521126761
507,100,128,0,0.6993006993006993
507,100,120,180,0.7092198581560284
507,100,252,68.19859051364818,3.792369582489087
507,100,255,180,0.7352941176470588
507,100,221,90,0.6535947712418301
507,100,208,45,1.032272673265033
507,20,585,93.57633437499737,11.701620103563066
507,20,180,153.43494882292202,1.6086819982012877
507,20,195,153.43494882292202,1.6939908920452953
507,20,180,153.43494882292202,1.5421158465515792
507,20,180,153.43494882292202,1.5007167634226777
507,20,192,180,3.571428571428571
507,20,180,123.69006752597977,2.6511406437235214
507,20,208,180,4.895104895104895
507,20,192,165.9637565320735,2.6948402781814775
507,20,208,180,4.37956204379562
507,100,434,0,5.673758865248227
507,100,390,347.4711922908485,6.829292190587324
507,100,330,18.434948822922024,6.367002000339019
507,100,300,11.30993247402023,3.777051491550211
507,100,203,16.699244233993625,6.779419810980877
507,100,280,0,7.246376811594203
507,100,189,7.125016348901795,5.8422157596366295
507,100,130,23.198590513648185,5.180798031199938
507,20,400,270,2.142857142857143
507,20,325,315,0.9889605331280386
507,20,300,180,0.7092198581560284
507,20,275,26.565051177077976,1.6203391141302825
507,20,275,225,0.9428090415820635
507,20,275,180,0.7142857142857143
507,20,240,270,0.7518796992481203
507,20,264,90,0.6578947368421052
507,20,312,45,1.032272673265033
507,20,364,180,0.6622516556291391
507,20,740,198.43494882292202,4.7553047521329015
507,20,375,26.565051177077976,3.2883352610291023
507,20,286,180,0.6896551724137931
507,20,204,180,1.4598540145985401
507,20,156,180,1.9736842105263157
507,20,266,146.30993247402023,2.452755969703394
507,20,442,45,1.032272673265033
507,20,288,0,1.4925373134328357
507,20,288,0,0.7633587786259541
507,20,221,180,2.8169014084507045
507,20,187,180,0.6802721088435374
507,20,126,0,0.6802721088435374
507,20,114,180,0.7352941176470588
507,20,126,90,0.7142857142857143
507,20,105,180,0.6944444444444444
507,20,250,270,0.6756756756756757
507,20,184,90,1.4084507042253522
507,20,161,270,0.6944444444444444
507,20,132,90,0.7142857142857143
507,20,138,180,0.7407407407407408
507,20,161,180,0.6756756756756757
507,20,200,135,0.9065471553673687
507,20,216,90,1.4598540145985401
507,20,243,135,0.5087099145226961
507,20,243,90,0.6802721088435374
507,20,252,270,0.6993006993006993
507,20,243,18.434948822922024,4.684855792842043
507,20,280,26.565051177077976,6.576670522058205
507,100,420,160.01689347809997,7.908581020756504
507,100,612,210.25643716352926,10.60491907591588
507,100,663,174.2894068625003,7.077377197972458
507,100,594,153.43494882292202,7.605673392856429
507,20,500,327.9946167919165,6.787036785652233
507,20,550,319.3987053549955,6.4926369417555545
507,20,550,321.3401917459099,4.18504852119794
507,100,408,344.05460409907715,5.313948824292349
507,100,345,341.565051177078,4.302418585263101
507,100,345,0,4.316546762589928
507,100,345,344.05460409907715,5.200078492343227
507,100,330,7.125016348901795,5.758755534498964
507,100,345,339.44395478041656,5.772975503592926
507,20,456,140.19442890773485,5.700912172194638
507,20,475,135,5.733298225836871
507,20,572,146.30993247402023,7.671385692476573
507,20,416,161.56505117707798,2.2269560987101262
507,20,400,146.30993247402023,2.5753937681885635
507,20,425,153.43494882292202,1.5746957588026689
507,20,483,45,0.9304036594559837
507,20,598,26.565051177077976,1.7333860290696046
507,20,550,180,1.3333333333333335
507,20,420,90,0.7575757575757576
507,20,500,333.434948822922,1.5636839003495033
507,20,520,0,1.4084507042253522
507,20,456,225,1.0553832555023097
507,20,396,225,1.032272673265033
507,20,396,270,0.7407407407407408
507,20,378,270,0.7142857142857143
507,20,360,45,0.9065471553673687
507,20,324,315,1.7788849841171006
507,20,324,116.56505117707798,1.6939908920452953
507,20,324,315,0.9820927516479828
507,20,306,315,3.030457633656632
507,20,288,225,2.0203050891044216
507,20,306,63.434948822922024,4.724087276408007
507,20,289,225,3.052259487136176
507,20,289,180,0.7299270072992701
507,20,255,194.03624346792648,2.8240449490531923
507,20,255,45,0.9889605331280386
507,20,252,180,0.6944444444444444
507,20,288,45,1.0029883421085781
507,20,255,135,1.0475656017578483
507,20,272,45,0.9753196981883415
507,20,272,180,0.6896551724137931
507,20,288,270,0.7299270072992701
507,20,272,225,1.0475656017578483
507,20,272,0,0.6493506493506493
507,20,256,0,0.7633587786259541
507,20,272,0,0.6944444444444444
507,20,256,315,1.0174198290453922
507,20,256,270,0.7042253521126761
507,20,225,0,0.6451612903225806
507,20,210,288.434948822922,2.3599087016181937
507,20,210,71.56505117707798,2.3082318687360432
507,20,196,270,1.3333333333333335
507,20,182,225,0.9959250439247148
507,20,196,180,0.7194244604316548
507,20,195,153.43494882292202,1.552824984374854
507,20,195,180,1.4492753623188406
507,20,225,26.565051177077976,1.4710973536182828
507,20,208,180,1.4598540145985401
507,20,256,0,1.36986301369863
507,20,238,135,1.0398629135096287
507,20,238,45,0.9686394262829419
507,20,240,270,0.7194244604316548
507,20,224,0,1.3333333333333335
507,20,208,225,0.9491366190423458
507,20,182,270,0.6993006993006993
507,20,196,0,0.7246376811594203
507,20,144,251.56505117707798,2.196026152894708
507,20,132,206.56505117707798,1.6203391141302825
507,20,100,0,1.3333333333333335
507,20,72,270,0.6535947712418301
507,20,72,180,0.7518796992481203
507,20,72,180,0.7462686567164178
507,20,64,0,0.6802721088435374
507,20,72,90,0.7042253521126761
507,20,64,180,1.3986013986013985
507,20,56,90,0.6944444444444444
507,20,56,45,0.9620500424306769
507,20,56,270,0.7352941176470588
507,20,77,45,1.024792436502243
507,20,72,0,0.7142857142857143
507,20,54,180,1.4492753623188406
507,20,30,180,0.7518796992481203
507,20,42,270,0.6896551724137931
507,20,35,45,0.9686394262829419
507,20,30,243.43494882292202,1.5315534092464314
507,20,36,0,0.6666666666666667
507,20,42,45,0.9555497043061454
507,20,30,225,0.9889605331280386
507,20,49,45,0.9889605331280386
507,20,56,45,1.0475656017578483
507,20,56,225,0.9183204950474644
507,20,64,0,0.7462686567164178
507,20,81,135,1.0029883421085781
507,20,90,0,0.7142857142857143
507,20,81,206.56505117707798,1.5007167634226777
507,20,63,180,0.6944444444444444
507,20,56,270,0.7042253521126761
507,20,56,45,2.064545346530066
507,20,49,225,0.936565273094765
507,20,35,270,0.7042253521126761
507,20,35,45,0.9889605331280386
507,20,24,270,2.083333333333333
507,20,72,53.13010235415595,3.4722222222222223
507,20,130,270,2.898550724637681
507,20,88,116.56505117707798,1.510856741553912
507,20,70,213.69006752597977,2.6907099070626788
507,20,220,161.56505117707798,2.2269560987101262
507,20,546,206.56505117707798,7.4535599249993
507,20,285,135,7.121938803317746
507,20,234,172.8749836510982,5.884859670290911
507,20,169,161.56505117707798,6.588078458684124
507,20,156,153.43494882292202,3.0631068184928627
507,20,143,164.0546040990771,5.313948824292349
507,20,156,180,4.225352112676056
507,20,143,180,6.338028169014084
507,20,143,180,4.895104895104895
507,100,216,74.05460409907715,5.23748912897879
507,100,728,86.63353933657021,11.584616575460139
507,100,260,284.03624346792645,6.063390625908324
507,100,611,86.18592516570965,10.36779060577442
507,100,336,296.565051177078,4.532570224661736
507,100,253,315,1.0475656017578483
507,100,312,90,4.895104895104895
507,100,299,74.05460409907715,4.885979791463435
507,100,252,56.30993247402023,2.6127183155536153
507,100,220,71.56505117707798,4.392052305789416
507,100,200,341.565051177078,2.211382979138727
507,20,336,113.19859051364818,5.180798031199938
507,20,156,356.4236656250026,11.701620103563066
507,20,121,243.43494882292202,1.5746957588026689
507,20,110,341.565051177078,3.952847075210474
507,20,100,337.3801350519596,9.923664122137405
507,20,286,345.96375653207355,6.200158835515279
507,20,286,343.3007557660064,7.200211385455551
507,20,286,343.3007557660064,6.9141102708016895
507,20,297,336.8014094863518,5.858287004510699
507,20,286,330.94539590092285,6.557726204450319
507,20,297,343.3007557660064,7.511011876914066
507,20,286,341.565051177078,7.132957128199352
507,20,351,333.434948822922,7.873478794013344
507,20,308,327.9946167919165,6.643648684546903
507,20,364,341.565051177078,2.3252041618885144
507,20,338,303.69006752597977,9.679332283124802
507,20,432,105.94539590092285,10.253675900395095
507,20,140,225,6.428243465332249
507,20,96,143.13010235415595,3.597122302158273
507,100,1014,116.56505117707798,6.434727992805151
507,100,1014,206.56505117707798,3.1273678006990067
507,100,888,164.0546040990771,5.515234764606453
507,100,770,146.30993247402023,4.839666141562401
507,100,748,164.0546040990771,4.696845089858399
507,100,748,171.86989764584405,5.992430349038538
507,100,368,315,5.0870991452269605
507,100,396,327.9946167919165,3.2985948014183926
507,100,384,309.8055710922652,4.9431959974092745
507,100,384,270,0.8
507,100,400,321.3401917459099,4.67381331199478
507,100,384,315,2.737187540076958
507,100,368,18.434948822922024,2.3776523760664507
507,100,352,345.96375653207355,2.9877576997229425
507,100,315,311.18592516570965,3.640460894772141
507,100,306,296.565051177078,2.134671100238463
507,100,180,333.434948822922,11.680952121267559
507,100,150,315,2.8474098571270368
507,20,132,350.5376777919744,4.082390959931691
507,20,143,330.25511870305775,6.01661025992429
507,20,180,303.69006752597977,7.259499212343604
507,20,72,321.3401917459099,4.4777092569460475
507,20,56,341.565051177078,2.2427501135945955
507,20,36,308.6598082540901,4.7430549906909985
507,20,285,0,3.5211267605633805
507,20,210,9.462322208025626,4.2836355847170555
507,20,156,348.69006752597977,7.181717624778569
507,20,156,338.9624889745782,9.948848769417227
507,20,169,5.710593137499643,7.077377197972458
507,20,195,333.434948822922,5.845929352940627
507,20,195,348.69006752597977,7.78476261617219
507,20,120,320.1944289077348,5.916855815080798
507,20,135,315,0.9555497043061454
507,20,120,315,4.069679316181569
507,20,144,309.8055710922652,5.539184167309684
507,20,153,315,2.966881599384115
507,20,144,306.86989764584405,3.4722222222222223
507,20,128,306.86989764584405,3.597122302158273
507,20,136,258.69006752597977,3.4452834551302596
507,20,136,315,2.0059766842171562
507,20,128,290.55604521958344,6.328891663198171
507,20,136,0,0.6578947368421052
507,20,120,303.69006752597977,2.5571285641588575
507,20,112,288.434948822922,2.4325212770525995
507,20,98,291.8014094863518,3.4083321564142426
507,20,266,102.52880770915152,6.4926369417555545
507,20,775,270,5.755395683453238
507,20,896,6.3401917459099195,6.1185034717144715
507,20,744,323.13010235415595,3.731343283582089
507,20,690,277.1250163489018,5.374838498865699
507,20,588,291.8014094863518,3.7658495154786737
507,20,560,329.03624346792645,4.106304151299508
507,20,638,324.4623222080256,6.516913081092899
507,20,560,333.434948822922,2.98142396999972
507,20,580,329.03624346792645,4.3514566379442545
507,20,551,296.565051177078,3.021713483107824
507,20,522,308.6598082540901,4.297398817069026
507,20,493,315,2.1107665110046194
507,20,496,315,3.0743773095067284
507,20,450,296.565051177078,3.1273678006990067
507,20,902,170.53767779197437,3.849849702720392
507,20,920,159.44395478041656,6.1028598180839495
507,20,902,161.56505117707798,6.874516652539955
507,100,221,339.44395478041656,6.0595771243386745
507,100,208,336.8014094863518,5.47897345745605
507,100,208,345.96375653207355,5.320136291119562
507,100,208,347.4711922908485,7.37563556583431
507,100,208,26.565051177077976,10.647942749999
507,100,260,320.1944289077348,8.398117931082423
507,100,266,333.434948822922,6.168463386206317
507,100,234,0,3.4013605442176873
507,100,234,45,1.032272673265033
507,20,30,161.56505117707798,4.273348189416729
507,20,40,104.03624346792651,2.7305335268991127
507,20,40,116.56505117707798,1.510856741553912
507,20,78,123.69006752597977,2.6511406437235214
507,20,85,126.86989764584405,3.4722222222222223
507,20,70,135,2.77296776935901
507,20,78,158.19859051364824,3.8742192857082762
507,100,740,90,1.3793103448275863
507,100,608,68.19859051364818,3.6386248696854757
507,100,726,206.56505117707798,1.5858638138296381
507,100,736,90,0.6622516556291391
507,100,759,45,0.9555497043061454
507,100,704,0,1.4705882352941175
507,100,736,0,0.6944444444444444
507,100,588,8.130102354155952,5.0870991452269605
507,100,525,165.9637565320735,2.9662630400127057
507,100,437,345.96375653207355,2.8832906472850772
507,100,378,341.565051177078,2.196026152894708
507,100,323,0,0.7194244604316548
507,100,450,135,1.8982732380846916
507,100,304,270,1.4598540145985401
507,100,300,108.43494882292202,2.211382979138727
507,100,255,288.434948822922,2.1223340001130064
507,100,195,333.434948822922,1.4519921931816817
507,100,180,270,0.78125
507,100,154,270,0.6578947368421052
507,100,195,99.46232220802563,4.608153432044106
507,100,180,270,1.3245033112582782
507,100,165,296.565051177078,1.552824984374854
507,100,240,101.30993247402023,3.5908588123892846
507,100,288,116.56505117707798,1.4519921931816817
507,100,320,270,0.7692307692307693
507,100,336,315,0.862325342910424
507,100,294,0,0.8403361344537815
507,100,300,270,0.6944444444444444
507,100,195,270,2.857142857142857
507,100,176,26.565051177077976,1.5421158465515792
507,100,150,180,0.7407407407407408
507,100,160,270,0.6666666666666667
507,100,170,0,0.7462686567164178
507,100,160,0,0.6666666666666667
507,100,170,270,0.7462686567164178
507,20,160,0,0.7142857142857143
507,20,160,0,0.6896551724137931
507,20,160,270,0.684931506849315
507,20,160,45,1.0633184679496956
507,20,180,0,0.7299270072992701
507,20,180,180,0.7194244604316548
507,20,180,225,1.0475656017578483
507,20,198,63.434948822922024,1.4242471194266177
507,20,170,243.43494882292202,1.6812541184208947
507,20,170,0,0.6802721088435374
507,20,170,180,0.7462686567164178
507,20,144,0,1.4084507042253522
507,20,192,51.34019174590992,4.157872881449902
507,20,140,233.13010235415598,3.731343283582089
507,20,130,206.56505117707798,1.5211346785712856
507,20,154,90,0.7751937984496124
507,20,160,45,0.9889605331280386
507,20,198,45,0.9007729696643919
507,20,750,338.1985905136482,3.9022933385032634
507,20,168,53.13010235415595,3.2467532467532463
507,20,154,90,5.223880597014925
507,100,980,338.1985905136482,3.8192658206627685
507,20,176,307.8749836510982,8.445743889623245
507,20,160,320.1944289077348,4.974681322233537
507,20,204,311.98721249581666,10.11550680231106
507,20,240,352.8749836510982,6.01661025992429
507,100,800,33.69006752597977,2.281994478141765
507,100,690,26.565051177077976,3.6358828902435607
507,100,756,327.9946167919165,6.506193884176968
507,100,666,336.8014094863518,5.252257314388903
507,100,544,329.03624346792645,9.040235495884188
507,100,496,348.69006752597977,3.4924791188991673
507,100,496,262.8749836510982,5.637942481327657
507,100,494,296.565051177078,7.2131225080638375
507,100,492,325.00797980144137,8.657131642364329
507,100,410,345.96375653207355,3.1000794177576396
507,100,380,344.05460409907715,4.918993168432782
507,100,480,45,2.049584873004486
507,100,407,341.565051177078,2.2587697572631282
507,100,546,296.565051177078,8.043409991006438
507,100,374,74.05460409907715,4.758241757699685
507,100,320,270,5
507,100,510,12.528807709151522,6.585388898066348
507,100,578,315,2.0348396580907844
507,100,962,315,1.87313054618953
507,20,910,345.96375653207355,2.92418838696288
507,20,441,333.434948822922,7.2131225080638375
507,20,504,319.3987053549955,6.538684012264459
507,20,357,333.434948822922,5.043762355262684
507,20,285,336.0375110254218,6.654633649862232
507,20,182,353.6598082540901,6.561873288505375
507,100,385,315,7.9834636585577945
507,100,363,0,1.9867549668874174
507,100,940,300.9637565320735,4.4511083166758025
507,100,828,285.94539590092285,5.126837950197547
507,100,828,296.565051177078,4.563404035713857
507,100,900,333.434948822922,1.6086819982012877
507,100,810,309.8055710922652,5.277195726963956
507,100,810,306.86989764584405,3.4246575342465753
507,100,855,315,3.2635697593225266
507,100,900,330.94539590092285,7.051801466429453
507,100,880,315,10.101525445522109
507,100,860,329.03624346792645,4.164965639175215
507,100,860,18.434948822922024,4.106854104114778
507,100,820,321.3401917459099,5.081844632883213
507,100,810,198.43494882292202,2.1659436028550543
507,100,578,209.05460409907712,7.354021529276429
507,100,578,201.80140948635182,3.688469045982537
507,100,544,212.00538320808352,6.738557951469002
507,100,510,201.80140948635182,3.84654629081036
507,100,504,198.43494882292202,4.106854104114778
507,100,442,218.65980825409008,5.081844632883213
507,20,90,288.434948822922,4.422765958277454
507,20,90,270,4.3478260869565215
507,20,100,281.30993247402023,3.4452834551302596
507,20,80,291.8014094863518,4.018779706816794
507,20,90,260.5376777919744,3.97566178450864
507,20,64,291.8014094863518,4.308131845707603
507,20,72,262.8749836510982,5.560177757447275
507,20,72,281.30993247402023,3.5409857733283228
507,20,72,279.4623222080256,4.472619507572221
507,20,91,172.8749836510982,6.01661025992429
507,20,96,184.76364169072616,8.60113898485164
507,20,77,191.3099324740202,3.3993463423951895
507,20,80,188.13010235415598,5.161363366325165
