607,20,1305,120.96375653207349,8.270853751553618
607,20,780,212.00538320808352,6.690766760323832
607,20,473,336.8014094863518,5.683412765570081
607,20,484,180,6.338028169014084
607,20,50,225,13.287912666592838
607,20,1482,186.3401917459099,6.3324371595366555
607,20,836,233.13010235415598,7.042253521126761
607,100,2336,296.565051177078,1.5007167634226777
607,100,1530,277.1250163489018,5.598790102985104
607,100,1034,296.565051177078,1.6086819982012877
607,100,966,225,1.0029883421085781
607,100,760,344.05460409907715,5.020765440883116
607,100,702,3.814074834290352,11.303230359678878
607,100,646,4.085616779974885,9.746992255290415
607,100,570,353.6598082540901,6.561873288505375
607,100,968,138.81407483429035,6.99351698206227
607,100,903,165.9637565320735,9.230833490188791
607,100,880,140.19442890773485,10.77275817366435
607,100,966,153.43494882292202,6.674829783581463
607,20,576,173.65980825409008,6.077439690025113
607,20,576,45,4.040610178208843
607,20,570,90,0.7246376811594203
607,20,795,90,5.442176870748299
607,20,810,45,2.1266369358993913
607,100,960,108.43494882292202,2.211382979138727
607,100,795,243.43494882292202,1.5421158465515792
607,100,686,116.56505117707798,1.49071198499986
607,100,585,90,2.3255813953488373
607,100,456,116.56505117707798,1.5971914124998499
607,100,481,90,3.3333333333333335
607,100,377,180,2.2222222222222223
607,100,260,315,0.9123958466923194
607,100,242,116.56505117707798,1.7200522903844537
607,100,460,206.56505117707798,4.724087276408007
607,100,252,0,4.137931034482759
607,100,221,135,1.0713739108887086
607,100,240,341.565051177078,2.053427052057389
607,100,198,0,0.7142857142857143
607,100,272,180,1.36986301369863
607,100,418,236.3099324740202,2.6907099070626788
607,100,336,26.565051177077976,1.5315534092464314
607,100,380,180,1.5267175572519083
607,100,361,90,0.684931506849315
607,100,323,90,0.7299270072992701
607,100,378,296.565051177078,1.4242471194266177
607,100,378,90,1.4925373134328357
607,100,520,243.43494882292202,1.6086819982012877
607,100,384,45,0.9889605331280386
607,100,442,153.43494882292202,1.6321664069341533
607,100,432,45,0.936565273094765
607,100,493,180,0.7352941176470588
607,100,432,111.80140948635182,3.792369582489087
607,100,416,281.30993247402023,3.668359362296967
607,100,432,135,0.9753196981883415
607,100,315,135,0.9889605331280386
607,100,285,270,0.7194244604316548
607,100,432,135,0.9686394262829419
607,100,306,0,2.18978102189781
607,100,357,0,0.7042253521126761
607,100,667,36.86989764584405,3.3557046979865772
607,100,560,323.13010235415595,3.546099290780142
607,100,1302,45,5.237828008789241
607,100,1353,326.30993247402023,7.838154946660847
607,100,1240,352.40535663140855,10.22482834487943
607,100,1568,19.98310652189997,8.606396993176196
607,20,555,143.9726266148964,9.511517838276534
607,20,462,140.71059313749964,10.374211973395544
607,20,493,150.9453959009229,6.818298106613908
607,20,392,158.19859051364824,3.959680005245959
607,20,48,264.28940686250036,7.613542137212795
607,20,595,150.64224645720873,12.748305382420707
607,20,483,33.69006752597977,7.4597612595806675
607,20,600,40.60129464500449,6.105658580988667
607,20,702,225,1.032272673265033
607,20,675,270,1.4492753623188406
607,20,196,21.801409486351815,3.6386248696854757
607,20,1760,203.96248897457818,7.634773489764422
607,20,1716,165.9637565320735,5.7665812945701544
607,20,1634,150.9453959009229,6.956506852018244
607,20,1517,153.43494882292202,8.043409991006438
607,20,1505,233.13010235415598,3.597122302158273
607,20,1326,158.19859051364824,3.6142045685466466
607,20,1184,168.69006752597977,3.777051491550211
607,20,1050,180,2.7777777777777777
607,20,986,198.43494882292202,2.196026152894708
607,20,928,315,0.9620500424306769
607,20,930,135,3.2141217326661247
607,20,990,296.565051177078,1.4614823382351567
607,20,1044,180,0.6896551724137931
607,20,1110,90,0.7352941176470588
607,20,1221,180,0.6756756756756757
607,20,1080,90,0.6944444444444444
607,20,1110,135,1.0878565864408425
607,20,1110,90,1.3245033112582782
607,20,1248,153.43494882292202,1.6203391141302825
607,20,1209,180,0.7042253521126761
607,20,1178,180,0.7142857142857143
607,20,1394,180,0.6802721088435374
607,20,1575,153.43494882292202,1.6687074458953657
607,20,1632,45,0.9555497043061454
607,20,1452,270,0.7299270072992701
607,20,1344,323.13010235415595,3.6764705882352944
607,20,1240,206.56505117707798,1.4710973536182828
607,20,1178,180,0.7407407407407408
607,20,1147,45,0.9555497043061454
607,20,1209,90,3.9735099337748347
607,20,1178,255.9637565320735,3.147408874517298
607,20,1073,333.434948822922,1.4519921931816817
607,20,1073,135,1.032272673265033
607,20,1050,135,0.9889605331280386
607,20,1050,180,0.684931506849315
607,20,1020,180,0.7407407407407408
607,20,952,135,0.9686394262829419
607,20,952,135,0.9820927516479828
607,20,952,270,0.7092198581560284
607,20,952,0,0.6993006993006993
607,20,952,270,0.7299270072992701
607,20,952,225,0.9555497043061454
607,20,952,0,0.6993006993006993
607,20,1015,170.53767779197437,4.6790481002294
607,20,1147,180,1.3513513513513513
607,20,1050,243.43494882292202,1.5421158465515792
607,20,1015,270,0.7299270072992701
607,20,1015,59.03624346792651,3.9938026677022607
607,20,1015,341.565051177078,4.3318872057101085
607,20,1488,90,4.444444444444445
607,20,1276,68.9624889745782,10.02042322099577
607,20,1232,41.63353933657021,8.304547985373997
607,20,1134,221.18592516570965,7.647586915636438
607,20,1305,49.39870535499551,6.18761372972677
607,100,300,270,0.6896551724137931
607,100,300,315,0.9959250439247148
607,100,300,258.69006752597977,3.7219120537173613
607,100,325,333.434948822922,1.5858638138296381
607,100,504,26.565051177077976,3.0631068184928627
607,100,660,108.43494882292202,2.0271010642104996
607,100,660,45,1.0962895832349575
607,100,540,315,2.0203050891044216
607,100,522,153.43494882292202,1.5211346785712856
607,100,476,165.9637565320735,2.9662630400127057
607,100,459,180,2.7777777777777777
607,100,459,180,0.7092198581560284
607,100,513,180,0.7142857142857143
607,100,459,0,1.36986301369863
607,100,459,315,0.9491366190423458
607,100,425,251.56505117707798,4.941058844013093
607,100,432,296.565051177078,3.1493915176053378
607,100,450,68.19859051364818,3.688469045982537
607,100,475,45,0.9753196981883415
607,100,450,45,0.9007729696643919
607,100,450,135,1.0633184679496956
607,100,450,216.86989764584402,3.5211267605633805
607,100,432,225,3.8482001697227077
607,100,432,135,3.2141217326661247
607,100,432,18.434948822922024,2.211382979138727
607,100,414,21.801409486351815,3.7139067635410368
607,100,704,270,1.4388489208633095
607,100,825,135,1.024792436502243
607,100,475,135,1.9641855032959656
607,100,396,180,1.342281879194631
607,100,400,251.56505117707798,2.211382979138727
607,100,399,26.565051177077976,1.5007167634226777
607,100,414,315,0.9889605331280386
607,100,416,0,2.2222222222222223
607,100,374,45,1.87313054618953
607,100,308,206.56505117707798,3.3374148917907314
607,100,260,180,2.0689655172413794
607,100,294,218.65980825409008,4.3558668281856106
607,100,260,26.565051177077976,1.5636839003495033
607,100,260,0,2.1739130434782608
607,100,260,21.801409486351815,3.7658495154786737
607,100,420,45,2.0797258270192573
607,100,399,45,1.9241000848613539
607,100,399,90,0.6944444444444444
607,100,357,0,2.2556390977443606
607,100,336,180,1.3986013986013985
607,100,336,180,1.3513513513513513
607,100,320,180,1.4598540145985401
607,100,304,90,0.6993006993006993
607,100,288,225,0.9428090415820635
607,100,342,180,2.18978102189781
607,100,256,0,0.7042253521126761
607,100,304,180,1.4084507042253522
607,100,320,225,3.8745577051317674
607,100,315,206.56505117707798,1.5971914124998499
607,100,340,315,2.1266369358993913
607,100,320,326.30993247402023,2.452755969703394
607,100,300,270,0.6993006993006993
607,100,280,0,0.6802721088435374
607,100,816,212.00538320808352,7.4283316000445705
607,100,432,36.86989764584405,3.048780487804878
607,100,432,90,1.574803149606299
607,100,480,135,0.9065471553673687
607,100,384,180,0.7518796992481203
607,100,336,0,0.684931506849315
607,100,336,0,0.7299270072992701
607,100,336,0,0.684931506849315
607,100,350,225,0.9889605331280386
607,100,350,180,0.6369426751592357
607,100,350,180,0.7751937984496124
607,100,350,90,0.7194244604316548
607,100,350,180,0.7092198581560284
607,100,350,180,0.7299270072992701
607,100,350,0,0.684931506849315
607,100,350,198.43494882292202,4.244668000226013
607,100,312,0,0.7246376811594203
607,100,312,180,0.6622516556291391
607,100,312,15.945395900922847,5.557335793343906
607,100,312,18.434948822922024,2.1512092926315507
607,100,312,23.198590513648185,5.858287004510699
607,100,312,225,0.9243225897863367
607,100,336,315,0.9304036594559837
607,100,837,167.47119229084842,6.72959449437437
607,100,432,315,4.979625219623574
607,100,345,180,0.6944444444444444
607,100,247,315,0.9753196981883415
607,100,221,270,0.7194244604316548
607,100,221,26.565051177077976,1.49071198499986
607,100,221,180,0.684931506849315
607,100,208,26.565051177077976,1.6441676305145512
607,100,208,225,1.0475656017578483
607,100,224,0,1.3245033112582782
607,100,238,36.86989764584405,3.4013605442176873
607,100,208,45,3.052259487136176
607,100,208,135,0.9959250439247148
607,100,252,189.4623222080256,4.376088151293683
607,100,221,180,3.4965034965034967
607,100,221,63.434948822922024,1.5858638138296381
607,100,221,138.81407483429035,7.433668400513742
607,100,1100,82.8749836510982,5.410911240468825
607,100,756,30.963756532073546,3.8873012632302006
607,100,726,18.434948822922024,2.2587697572631282
607,100,738,0,0.7142857142857143
607,100,720,90,1.3605442176870748
607,100,630,0,1.4598540145985401
607,100,630,90,0.7142857142857143
607,100,585,135,0.9753196981883415
607,100,585,45,1.0029883421085781
607,100,644,90,0.6666666666666667
607,100,672,180,0.7518796992481203
607,100,644,270,3.4965034965034967
607,100,598,213.69006752597977,2.503855052405548
607,100,585,0,0.7246376811594203
607,100,572,53.13010235415595,3.4013605442176873
607,100,836,194.03624346792648,2.9450754468697578
607,100,616,56.30993247402023,2.5753937681885635
607,100,564,90,0.6993006993006993
607,100,552,0,1.4814814814814816
607,100,540,315,1.9372788525658837
607,100,528,251.56505117707798,4.485500227189191
607,100,528,225,1.9110994086122908
607,100,598,126.86989764584405,3.64963503649635
607,100,700,85.23635830927384,8.663017682584385
607,100,1080,296.565051177078,1.5211346785712856
607,100,1044,0,2.1739130434782608
607,100,1260,180,0.6756756756756757
607,100,1020,270,0.6666666666666667
607,100,944,315,0.9889605331280386
607,100,826,315,2.192579166469915
607,100,870,180,2.013422818791946
607,100,870,180,0.6802721088435374
607,100,928,45,1.1135539861205472
607,100,870,180,0.6622516556291391
607,100,728,270,4.166666666666666
607,100,990,108.43494882292202,4.684855792842043
607,100,1007,0,0.6802721088435374
607,100,1071,296.565051177078,1.5636839003495033
607,100,799,326.30993247402023,2.5939217809093447
607,100,602,270,2.0689655172413794
607,100,602,81.86989764584405,5.356869554443542
607,100,936,101.30993247402023,3.7219120537173613
607,100,935,225,0.9686394262829419
607,100,935,116.56505117707798,1.5971914124998499
607,100,972,63.434948822922024,1.4333769086537114
607,100,864,333.434948822922,1.7333860290696046
607,100,848,141.34019174590992,4.573660169594892
607,20,1156,138.81407483429035,7.647586915636438
607,20,494,159.77514056883194,7.1803038054314134
607,100,646,243.43494882292202,6.2987830352106755
607,100,612,71.56505117707798,9.582659576267817
607,100,648,101.30993247402023,3.5165651817881276
607,100,595,90,1.3986013986013985
607,20,6080,131.82016988013578,8.526788484268872
607,20,4514,130.6012946450045,7.259483824640069
607,20,2726,251.56505117707798,1.9282180854685242
607,20,1734,164.0546040990771,5.732369991559463
607,20,684,217.87498365109818,7.308816827558576
607,20,250,90,3.7593984962406015
607,20,168,135,2.0348396580907844
607,20,154,206.56505117707798,1.5315534092464314
607,20,110,180,0.7299270072992701
607,20,176,0,0.684931506849315
607,20,198,180,0.6993006993006993
607,20,132,0,0.7751937984496124
607,20,115,180,0.7092198581560284
607,20,115,180,1.36986301369863
607,20,110,225,1.0101525445522108
607,20,100,270,0.6711409395973155
607,20,100,225,1.024792436502243
607,20,90,0,1.3605442176870748
607,20,85,225,0.936565273094765
607,20,80,0,1.5267175572519083
607,20,75,0,0.6802721088435374
607,20,70,270,0.7692307692307693
607,20,52,180,0.6535947712418301
607,20,56,26.565051177077976,2.9421947072365655
607,20,44,213.69006752597977,2.631789252163496
607,20,120,90,1.4084507042253522
607,20,65,270,0.6944444444444444
607,20,187,135,1.9918500878494296
607,20,135,333.434948822922,1.5421158465515792
607,20,105,248.19859051364818,3.8742192857082762
607,20,112,21.801409486351815,3.590109871423002
607,20,128,63.434948822922024,1.5315534092464314
607,20,160,225,1.0398629135096287
607,20,156,90,0.7407407407407408
607,20,627,111.80140948635182,7.132668618721197
607,20,760,90,1.5151515151515151
607,20,720,225,0.9620500424306769
607,100,861,243.43494882292202,1.6086819982012877
607,100,2703,197.3540246362613,11.804968038197332
607,100,3068,180,3.597122302158273
607,100,2530,30.963756532073546,4.0775887376540565
607,100,2310,180,0.7092198581560284
607,100,1989,90,0.6993006993006993
607,100,1950,270,2.083333333333333
607,100,1287,0,5.673758865248227
607,100,986,270,0.6896551724137931
607,100,870,90,0.7692307692307693
607,100,780,315,1.87313054618953
607,100,756,0,0.7407407407407408
607,100,729,315,0.9820927516479828
607,100,675,333.434948822922,1.5211346785712856
607,100,672,206.56505117707798,1.7606834468502282
607,100,675,63.434948822922024,1.5007167634226777
607,100,812,153.43494882292202,1.6086819982012877
607,100,756,135,0.9428090415820635
607,100,756,225,1.0633184679496956
607,100,756,180,0.684931506849315
607,100,756,0,0.7936507936507936
607,100,728,0,0.6756756756756757
607,100,728,315,0.9555497043061454
607,100,728,135,0.9555497043061454
607,100,756,90,0.7633587786259541
607,100,756,270,0.7299270072992701
607,100,729,270,0.6944444444444444
607,100,702,333.434948822922,1.552824984374854
607,100,675,135,1.0101525445522108
607,100,648,180,0.6896551724137931
607,100,750,225,1.0553832555023097
607,100,621,45,0.8950718749196805
607,100,621,270,0.78125
607,100,594,0,1.9230769230769231
607,100,572,18.434948822922024,2.3082318687360432
607,100,572,180,1.4084507042253522
607,100,546,260.5376777919744,4.344830378784442
607,100,525,243.43494882292202,1.4333769086537114
607,100,528,135,1.0633184679496956
607,100,484,135,1.0101525445522108
607,100,441,116.56505117707798,1.6203391141302825
607,100,399,288.434948822922,2.3424278964210217
607,100,400,45,0.936565273094765
607,100,520,45,1.0553832555023097
607,100,540,90,2.142857142857143
607,100,540,135,0.9889605331280386
607,100,588,180,0.7194244604316548
607,100,588,180,0.6451612903225806
607,100,588,180,0.7751937984496124
607,100,567,306.86989764584405,3.546099290780142
607,100,572,315,1.950639396376683
607,100,528,270,0.7042253521126761
607,100,528,180,0.6944444444444444
607,100,506,0,0.6993006993006993
607,100,484,225,2.0203050891044216
607,100,483,30.963756532073546,4.3514566379442545
607,100,546,33.69006752597977,2.521364528296496
607,100,630,45,0.9620500424306769
607,100,726,90,0.7518796992481203
607,100,589,210.96375653207352,3.966633942071633
607,100,510,206.56505117707798,1.552824984374854
607,100,464,135,1.0475656017578483
607,100,464,63.434948822922024,1.552824984374854
607,100,493,90,0.7042253521126761
607,100,476,45,0.9753196981883415
607,100,442,180,0.684931506849315
607,100,418,45,0.9959250439247148
607,100,378,243.43494882292202,1.6086819982012877
607,100,323,243.43494882292202,4.757591441488914
607,100,323,206.56505117707798,1.5421158465515792
607,100,304,45,3.008965026325734
607,100,460,90,0.7575757575757576
607,100,460,225,0.9555497043061454
607,100,414,161.56505117707798,2.2915055508466518
607,100,391,26.565051177077976,1.49071198499986
607,100,368,225,3.0968180197950983
607,100,368,315,1.024792436502243
607,100,408,33.69006752597977,2.503855052405548
607,100,425,45,1.0029883421085781
607,100,425,315,0.9959250439247148
607,100,400,251.56505117707798,2.196026152894708
607,100,400,270,1.4388489208633095
607,100,486,26.565051177077976,4.47213595499958
607,100,572,315,1.0174198290453922
607,100,621,180,0.7462686567164178
607,100,616,0,0.6535947712418301
607,100,644,180,0.7462686567164178
607,100,621,90,0.7092198581560284
607,100,644,180,0.6711409395973155
607,100,588,296.565051177078,0.8251173348707711
607,100,560,135,1.87313054618953
607,100,560,0,0.7518796992481203
607,100,560,270,2.684563758389262
607,100,560,90,0.6535947712418301
607,100,540,116.56505117707798,1.6203391141302825
607,100,567,180,1.550387596899225
607,100,513,225,1.7677669529663689
607,100,513,45,2.142747821777417
607,100,513,90,0.7142857142857143
607,100,513,90,0.6622516556291391
607,100,560,180,0.7092198581560284
607,100,667,315,1.0101525445522108
607,100,696,0,0.6802721088435374
607,100,672,270,2.9850746268656714
607,100,648,206.56505117707798,1.6086819982012877
607,100,624,90,3.4722222222222223
607,100,616,206.56505117707798,1.5858638138296381
607,100,609,225,1.0029883421085781
607,100,660,14.036243467926454,3.0095661500858837
607,100,690,180,0.6451612903225806
607,100,713,45,1.977921066256077
607,100,744,180,0.7352941176470588
607,100,713,0,0.7299270072992701
607,100,713,270,0.628930817610063
607,100,672,225,0.9304036594559837
607,100,620,45,1.024792436502243
607,100,608,225,1.9641855032959656
607,100,594,18.434948822922024,2.1808811449437098
607,100,627,0,0.7407407407407408
607,100,680,180,0.6666666666666667
607,100,680,180,0.7092198581560284
607,100,680,135,1.032272673265033
607,100,680,180,0.7042253521126761
607,100,672,270,0.7194244604316548
607,100,672,90,0.6329113924050633
607,100,672,90,0.7633587786259541
607,100,651,135,0.9243225897863367
607,100,589,225,1.0475656017578483
607,100,558,0,0.7352941176470588
607,100,589,180,0.6993006993006993
607,100,589,90,0.6802721088435374
607,100,576,225,2.2447834323382465
607,100,558,26.565051177077976,1.4242471194266177
607,100,620,180,0.7518796992481203
607,100,620,0,1.3888888888888888
607,100,620,0,0.78125
607,100,589,0,0.6944444444444444
607,100,527,180,0.6944444444444444
607,100,527,315,0.9428090415820635
607,100,528,206.56505117707798,1.5746957588026689
607,100,496,45,1.032272673265033
607,100,496,0,0.684931506849315
607,100,480,198.43494882292202,2.2750198994017117
607,100,448,45,0.9428090415820635
607,100,480,180,0.7633587786259541
607,100,512,0,0.6896551724137931
607,100,512,225,0.9686394262829419
607,100,512,90,0.7092198581560284
607,100,512,0,0.7407407407407408
607,100,512,0,0.628930817610063
607,100,495,180,1.5037593984962405
607,100,731,248.19859051364818,3.7396977827322946
607,100,728,291.8014094863518,3.7139067635410368
607,100,1357,323.13010235415595,3.731343283582089
607,100,690,123.69006752597977,5.007710104811096
607,100,518,99.46232220802563,4.40779893499871
607,100,510,45,0.9065471553673687
607,100,490,248.19859051364818,4.240287249712208
607,100,455,225,0.936565273094765
607,100,595,80.53767779197437,4.539375022610612
607,100,528,260.5376777919744,4.314015978934908
607,100,495,45,1.9918500878494296
607,100,480,315,1.032272673265033
607,100,465,225,0.9820927516479828
607,100,464,45,0.9620500424306769
607,100,400,45,1.0633184679496956
607,100,375,90,1.36986301369863
607,100,375,225,1.9918500878494296
607,100,375,45,1.0029883421085781
607,100,400,270,0.6993006993006993
607,100,384,270,0.6578947368421052
607,100,360,180,0.78125
607,100,360,0,0.7142857142857143
607,100,360,45,1.0713739108887086
607,100,375,180,0.7194244604316548
607,100,360,243.43494882292202,1.552824984374854
607,100,336,45,2.987775131774144
607,100,325,135,0.9304036594559837
607,100,338,243.43494882292202,1.6812541184208947
607,100,360,0,0.6493506493506493
607,100,322,0,2.142857142857143
607,100,322,296.565051177078,1.5421158465515792
607,100,408,153.43494882292202,1.6086819982012877
607,100,408,26.565051177077976,1.5315534092464314
607,100,456,206.56505117707798,1.5636839003495033
607,100,475,26.565051177077976,1.5746957588026689
607,100,540,45,0.9889605331280386
607,100,616,0,0.7194244604316548
607,100,638,348.69006752597977,3.668359362296967
607,100,667,153.43494882292202,1.5211346785712856
607,100,720,315,1.0553832555023097
607,100,744,90,0.684931506849315
607,100,825,90,0.7142857142857143
607,100,925,90,0.6993006993006993
607,100,936,270,0.6451612903225806
607,100,884,296.565051177078,1.6441676305145512
607,100,891,146.30993247402023,2.670778722565918
607,100,858,333.434948822922,1.4808397201985364
607,100,832,180,1.3888888888888888
607,100,775,180,0.6993006993006993
607,100,775,255.9637565320735,2.8240449490531923
607,100,750,225,1.0029883421085781
607,100,667,90,2.7586206896551726
607,100,667,63.434948822922024,1.6321664069341533
607,100,588,225,1.0174198290453922
607,100,540,206.56505117707798,1.5421158465515792
607,100,520,243.43494882292202,3.021713483107824
607,100,520,53.13010235415595,3.597122302158273
607,100,494,90,0.6451612903225806
607,100,494,90,0.8064516129032258
607,100,475,45,0.9889605331280386
607,100,500,0,0.6944444444444444
607,100,500,315,0.9686394262829419
607,100,525,0,0.6756756756756757
607,100,525,90,0.7692307692307693
607,100,525,333.434948822922,3.1493915176053378
607,100,500,225,0.9491366190423458
607,100,480,135,2.0797258270192573
607,100,525,180,0.6756756756756757
607,100,480,236.3099324740202,2.6907099070626788
607,100,500,71.56505117707798,2.1366740947083644
607,100,432,213.69006752597977,2.403700850309326
607,100,432,213.69006752597977,2.9077026415032172
607,100,520,45,3.7216146378239348
607,100,567,135,0.8950718749196805
607,100,594,0,0.7042253521126761
607,100,696,135,1.0962895832349575
607,100,624,315,2.925959094565024
607,100,600,90,0.684931506849315
607,100,600,90,0.7692307692307693
607,100,575,333.434948822922,1.6086819982012877
607,100,598,180,0.6896551724137931
607,100,575,0,1.3157894736842104
607,100,575,0,0.8
607,100,770,45,1.885618083164127
607,100,748,315,1.0475656017578483
607,100,748,180,0.6711409395973155
607,100,897,135,1.9918500878494296
607,100,920,180,0.6711409395973155
607,100,943,45,1.1048543456039805
607,100,1025,0,0.7042253521126761
607,100,1125,90,1.3157894736842104
607,100,1118,0,1.2903225806451613
607,100,1269,180,0.7936507936507936
607,100,1300,45,0.9555497043061454
607,100,1296,45,1.032272673265033
607,100,1377,206.56505117707798,1.6563466499998445
607,100,1400,315,0.9889605331280386
607,100,1344,0,0.6578947368421052
607,100,1316,0,0.6666666666666667
607,100,1363,180,0.7246376811594203
607,100,1440,0,0.7407407407407408
607,100,1410,90,0.6802721088435374
607,100,1457,180,0.6756756756756757
607,100,1488,180,0.6711409395973155
607,100,1457,0,0.7575757575757576
607,100,1504,180,0.6666666666666667
607,100,1504,180,0.6993006993006993
607,100,1564,270,0.6756756756756757
607,100,1564,180,0.6993006993006993
607,100,1656,180,0.7042253521126761
607,100,1485,180,0.7352941176470588
607,100,1440,180,0.7352941176470588
607,100,1408,279.4623222080256,4.439972649852715
607,100,1302,270,0.7092198581560284
607,100,1260,116.56505117707798,4.757591441488914
607,100,1218,116.56505117707798,1.6321664069341533
607,100,1230,315,2.8861501272920305
607,100,1240,225,1.032272673265033
607,100,1209,90,0.6578947368421052
607,100,1178,270,0.7194244604316548
607,100,1020,270,0.6369426751592357
607,100,1054,270,0.7299270072992701
607,100,1023,90,0.6944444444444444
607,100,992,270,0.7462686567164178
607,100,899,180,0.78125
607,100,930,180,0.6993006993006993
607,100,840,315,0.9820927516479828
607,100,840,180,2.2388059701492535
607,100,783,270,0.6622516556291391
607,100,783,198.43494882292202,2.3424278964210217
607,100,728,225,2.0059766842171562
607,100,675,45,0.9686394262829419
607,100,648,0,0.6711409395973155
607,100,572,0,0.6944444444444444
607,100,675,153.43494882292202,1.5636839003495033
607,100,621,45,1.9918500878494296
607,100,621,243.43494882292202,1.5421158465515792
607,100,644,0,1.3986013986013985
607,100,750,0,0.7246376811594203
607,100,644,26.565051177077976,1.5746957588026689
607,100,648,225,0.9007729696643919
607,100,621,90,0.8130081300813009
607,100,598,0,1.342281879194631
607,100,648,0,0.7092198581560284
607,100,648,45,1.0475656017578483
607,100,648,0,0.7092198581560284
607,100,650,180,0.6756756756756757
607,100,625,180,0.641025641025641
607,100,625,180,1.4705882352941175
607,100,625,26.565051177077976,1.552824984374854
607,100,650,180,0.7407407407407408
607,100,650,180,0.6711409395973155
607,100,675,180,0.7352941176470588
607,100,675,180,0.6756756756756757
607,100,675,90,0.7407407407407408
607,100,675,180,0.6802721088435374
607,100,650,225,1.0398629135096287
607,100,576,243.43494882292202,3.0631068184928627
607,100,576,63.434948822922024,3.2173639964025753
607,100,552,180,0.6896551724137931
607,100,529,288.434948822922,2.2750198994017117
607,100,529,315,0.9959250439247148
607,100,528,90,2.0408163265306123
607,100,528,0,0.7633587786259541
607,100,528,0,0.6802721088435374
607,100,528,315,0.9959250439247148
607,100,576,90,0.7352941176470588
607,100,528,255.9637565320735,2.7858821794713924
607,100,506,180,0.7042253521126761
607,100,462,206.56505117707798,1.4710973536182828
607,100,441,315,1.0553832555023097
607,100,420,225,0.9959250439247148
607,100,380,63.434948822922024,3.105649968749708
607,100,420,90,0.7042253521126761
607,100,380,210.96375653207352,4.194929420752016
607,100,380,45,0.9183204950474644
607,100,378,135,1.0553832555023097
607,100,456,26.565051177077976,1.5636839003495033
607,100,432,180,0.7633587786259541
607,100,450,90,0.6802721088435374
607,100,475,90,0.7092198581560284
607,100,408,236.3099324740202,2.670778722565918
607,100,391,90,0.6896551724137931
607,100,391,315,0.9304036594559837
607,100,391,270,2.127659574468085
607,100,391,0,0.7092198581560284
607,100,368,63.434948822922024,1.5315534092464314
607,100,352,296.565051177078,1.5636839003495033
607,100,336,45,0.9620500424306769
607,100,320,243.43494882292202,1.6441676305145512
607,100,320,45,1.0553832555023097
607,100,323,180,0.7042253521126761
607,100,306,45,0.9959250439247148
607,100,256,270,0.7407407407407408
607,100,224,45,0.9820927516479828
607,100,238,213.69006752597977,2.452755969703394
607,100,195,243.43494882292202,1.5858638138296381
607,100,182,0,0.7246376811594203
607,100,182,0,1.4184397163120568
607,100,169,225,1.032272673265033
607,100,182,33.69006752597977,2.5571285641588575
607,100,192,26.565051177077976,1.6321664069341533
607,100,299,63.434948822922024,1.5636839003495033
607,100,308,315,0.9686394262829419
607,100,336,45,0.9959250439247148
607,100,464,63.434948822922024,1.5858638138296381
607,100,741,90,3.4965034965034967
607,100,860,90,1.3513513513513513
607,100,989,180,0.7142857142857143
607,100,966,270,0.6578947368421052
607,100,1008,0,0.7299270072992701
607,100,902,33.69006752597977,2.521364528296496
607,100,920,225,1.0029883421085781
607,100,897,0,0.7299270072992701
607,100,828,291.8014094863518,3.66337741981939
607,100,726,243.43494882292202,1.4808397201985364
607,100,682,200.55604521958347,6.675002926029321
607,100,660,90,0.7042253521126761
607,100,616,90,3.3783783783783785
607,100,567,21.801409486351815,3.9022933385032634
607,100,572,213.69006752597977,2.503855052405548
607,100,550,225,0.9428090415820635
607,100,500,0,4.511278195488721
607,100,520,225,1.0029883421085781
607,100,540,135,1.0174198290453922
607,100,805,143.13010235415595,3.571428571428571
607,100,851,135,0.9889605331280386
607,100,805,180,0.6802721088435374
607,100,792,0,0.7633587786259541
607,100,792,0,0.6802721088435374
607,100,696,341.565051177078,2.3082318687360432
607,100,672,225,0.9686394262829419
607,100,782,26.565051177077976,1.5858638138296381
607,100,770,45,1.0475656017578483
607,100,748,296.565051177078,1.5315534092464314
607,100,864,0,0.7092198581560284
607,100,874,90,0.7352941176470588
607,100,936,45,0.9820927516479828
607,100,984,45,0.9959250439247148
607,100,1025,180,0.6802721088435374
607,100,1118,90,1.3071895424836601
607,100,1092,270,0.7575757575757576
607,100,1222,108.43494882292202,2.3252041618885144
607,100,1144,270,1.3888888888888888
607,100,1188,270,0.7092198581560284
607,100,1144,180,0.7142857142857143
607,100,1118,90,0.6756756756756757
607,100,1118,0,1.4705882352941175
607,100,1025,288.434948822922,2.1223340001130064
607,100,1000,315,2.0203050891044216
607,100,912,315,0.9686394262829419
607,100,874,141.34019174590992,4.778450923457349
607,100,836,0,0.6711409395973155
607,100,836,0,0.7042253521126761
607,100,798,270,0.7142857142857143
607,100,760,0,0.6896551724137931
607,100,703,270,0.7407407407407408
607,100,720,296.565051177078,1.5746957588026689
607,100,720,180,1.4705882352941175
607,100,665,90,0.6993006993006993
607,100,595,0,0.641025641025641
607,100,560,0,0.6535947712418301
607,100,544,225,0.9555497043061454
607,100,666,90,1.4925373134328357
607,100,702,90,0.6944444444444444
607,100,648,270,1.3986013986013985
607,100,665,90,0.7142857142857143
607,100,665,180,0.7042253521126761
607,100,792,270,0.7194244604316548
607,100,828,180,1.3071895424836601
607,100,828,180,0.7518796992481203
607,100,792,180,0.6993006993006993
607,100,756,180,0.7194244604316548
607,100,714,333.434948822922,1.5315534092464314
607,100,680,26.565051177077976,1.5858638138296381
607,100,700,90,0.7299270072992701
607,100,612,315,0.936565273094765
607,100,792,135,0.9428090415820635
607,100,851,153.43494882292202,1.5858638138296381
607,100,975,180,0.7246376811594203
607,100,975,180,0.6493506493506493
607,100,936,0,0.7462686567164178
607,100,912,288.434948822922,2.2427501135945955
607,100,814,90,1.4814814814814816
607,100,756,326.30993247402023,2.436183294232425
607,100,700,0,0.6993006993006993
607,100,630,0,0.7092198581560284
607,100,595,180,0.7407407407407408
607,100,595,180,0.7092198581560284
607,100,544,251.56505117707798,2.1512092926315507
607,100,528,108.43494882292202,2.3776523760664507
607,100,528,180,1.4598540145985401
607,100,528,270,0.7092198581560284
607,100,561,180,0.7092198581560284
607,100,561,135,0.9183204950474644
607,100,561,225,1.032272673265033
607,100,578,270,2.2058823529411766
607,100,578,270,1.36986301369863
607,100,544,296.565051177078,1.5007167634226777
607,100,496,71.56505117707798,2.211382979138727
607,100,496,101.30993247402023,3.862893570903625
607,100,544,270,0.6993006993006993
607,100,544,0,0.6896551724137931
607,100,561,0,1.4084507042253522
607,100,544,180,2.142857142857143
607,100,561,0,1.3605442176870748
607,100,561,180,2.941176470588235
607,100,476,180,0.7042253521126761
607,100,510,180,0.6896551724137931
607,100,510,90,0.7352941176470588
607,100,510,315,0.9820927516479828
607,100,510,180,0.641025641025641
607,100,555,63.434948822922024,1.7200522903844537
607,100,608,0,1.3513513513513513
607,100,624,90,0.78125
607,100,646,270,2.127659574468085
607,100,608,0,2.2058823529411766
607,100,592,116.56505117707798,1.4614823382351567
607,100,629,225,1.0029883421085781
607,100,629,153.43494882292202,1.7469281074217107
607,100,629,0,0.6756756756756757
607,100,629,333.434948822922,1.6086819982012877
607,100,612,333.434948822922,1.5971914124998499
607,100,630,180,0.6451612903225806
607,100,630,45,1.0633184679496956
607,100,630,333.434948822922,1.6203391141302825
607,100,646,180,1.4285714285714286
607,100,646,0,0.6993006993006993
607,100,646,135,0.9959250439247148
607,100,646,270,0.684931506849315
607,100,646,270,0.7246376811594203
607,100,646,135,0.9889605331280386
607,100,528,90,0.6944444444444444
607,100,528,180,0.6802721088435374
607,100,544,225,1.0029883421085781
607,100,544,243.43494882292202,1.5858638138296381
607,100,528,0,0.684931506849315
607,100,495,90,1.3888888888888888
607,100,480,233.13010235415598,3.546099290780142
607,100,480,116.56505117707798,1.5971914124998499
607,100,480,71.56505117707798,2.2427501135945955
607,100,448,198.43494882292202,2.2587697572631282
607,100,462,33.69006752597977,2.670778722565918
607,100,429,194.03624346792648,2.8240449490531923
607,100,408,270,2.112676056338028
607,100,408,270,0.6896551724137931
607,100,408,63.434948822922024,1.5636839003495033
607,100,363,243.43494882292202,3.0631068184928627
607,100,363,0,0.7352941176470588
607,100,372,90,3.3783783783783785
607,100,360,270,3.7037037037037033
607,100,348,104.03624346792651,2.9450754468697578
607,100,336,270,0.6711409395973155
607,100,338,225,1.0101525445522108
607,100,312,225,0.9889605331280386
607,100,325,45,0.9753196981883415
607,100,338,270,0.7142857142857143
607,100,372,90,2.158273381294964
607,100,462,45,0.9959250439247148
607,100,510,180,0.641025641025641
607,100,560,45,1.0398629135096287
607,100,578,180,0.6535947712418301
607,100,578,90,0.7299270072992701
607,100,646,180,0.6756756756756757
607,100,660,90,1.4705882352941175
607,100,640,243.43494882292202,1.7333860290696046
607,100,704,26.565051177077976,1.552824984374854
607,100,620,18.434948822922024,2.094223616005549
607,100,620,270,0.7518796992481203
607,100,620,0,0.6944444444444444
607,100,589,243.43494882292202,1.5636839003495033
607,100,544,0,1.4285714285714286
607,100,512,0,1.4285714285714286
607,100,646,180,0.6993006993006993
607,100,627,180,0.7194244604316548
607,100,693,0,0.7194244604316548
607,100,646,333.434948822922,1.5971914124998499
607,100,627,45,1.0101525445522108
607,100,627,180,0.684931506849315
607,100,594,180,0.6944444444444444
607,100,594,90,0.7299270072992701
607,100,594,270,0.684931506849315
607,100,594,135,1.024792436502243
607,100,594,180,0.684931506849315
607,100,594,0,0.7299270072992701
607,100,640,180,1.3793103448275863
607,100,640,180,0.7518796992481203
607,100,720,270,1.3793103448275863
607,100,736,153.43494882292202,1.5315534092464314
607,100,682,63.434948822922024,1.5971914124998499
607,100,713,180,0.6896551724137931
607,100,672,198.43494882292202,2.1223340001130064
607,100,651,0,1.2987012987012987
607,100,640,206.56505117707798,1.6563466499998445
607,100,608,180,0.7352941176470588
607,100,528,0,0.7936507936507936
607,100,528,45,0.9889605331280386
607,100,561,180,0.6578947368421052
607,100,561,0,0.7407407407407408
607,100,594,0,0.7194244604316548
607,100,594,180,0.6944444444444444
607,100,594,180,1.4084507042253522
607,100,561,135,1.0029883421085781
607,100,528,0,1.4285714285714286
607,100,544,225,0.9686394262829419
607,100,495,90,0.7246376811594203
607,100,544,225,0.9959250439247148
607,100,544,0,0.6896551724137931
607,100,528,135,0.9820927516479828
607,100,528,333.434948822922,1.5636839003495033
607,100,528,153.43494882292202,1.49071198499986
607,100,528,14.036243467926454,3.031695312954162
607,100,528,90,0.7092198581560284
607,100,495,198.43494882292202,2.2915055508466518
607,100,495,225,0.9820927516479828
607,100,495,315,0.9123958466923194
607,100,495,180,0.7042253521126761
607,100,480,45,1.0553832555023097
607,100,480,45,1.0029883421085781
607,100,416,225,1.0174198290453922
607,100,416,0,0.7194244604316548
607,100,416,315,0.9959250439247148
607,100,352,315,0.9555497043061454
607,100,748,0,2.18978102189781
607,100,735,123.69006752597977,2.521364528296496
607,100,561,243.43494882292202,1.6203391141302825
607,100,480,180,0.6578947368421052
607,100,462,251.56505117707798,2.196026152894708
607,100,429,71.56505117707798,2.3599087016181937
607,100,416,90,0.6944444444444444
607,100,403,90,0.7633587786259541
607,100,403,225,0.9820927516479828
607,100,403,90,0.6329113924050633
607,100,544,270,1.574803149606299
607,100,777,206.56505117707798,1.4808397201985364
607,100,448,56.30993247402023,2.539120616523936
607,100,416,90,0.7518796992481203
607,100,403,23.198590513648185,4.730293854573856
607,100,403,33.69006752597977,2.861548631320626
607,100,416,240.94539590092285,6.909818886568457
607,100,403,315,0.9959250439247148
607,100,403,251.56505117707798,2.5097441747368094
607,100,403,116.56505117707798,2.9229646764703134
607,100,420,180,0.6802721088435374
607,100,390,63.434948822922024,1.6563466499998445
607,100,372,303.69006752597977,0.5150787536377127
607,100,390,180,0.7352941176470588
607,100,360,90,0.7142857142857143
607,100,493,153.43494882292202,1.552824984374854
607,100,609,90,0.6578947368421052
607,100,480,198.43494882292202,2.3956648940669543
607,100,392,0,0.6993006993006993
607,100,364,270,0.7142857142857143
607,100,364,0,0.6993006993006993
607,100,420,38.65980825409008,4.104566818867211
607,100,704,90,0.684931506849315
607,100,589,206.56505117707798,3.0631068184928627
607,100,464,243.43494882292202,1.6687074458953657
607,100,435,225,0.9304036594559837
607,100,551,180,3.007518796992481
607,100,690,45,0.9243225897863367
607,100,744,45,0.9820927516479828
607,100,630,30.963756532073546,4.384174357026542
607,100,570,135,0.9959250439247148
607,100,464,225,0.9304036594559837
607,100,435,206.56505117707798,6.725016473683579
607,100,464,0,1.4492753623188406
607,100,648,15.945395900922847,1.700960254504794
607,100,459,180,1.384083044982699
607,100,405,0,0.2881844380403458
607,100,378,296.565051177078,1.5315534092464314
607,100,420,270,0.6451612903225806
607,100,448,0,0.7692307692307693
607,100,420,180,1.3605442176870748
607,100,392,45,2.0203050891044216
607,100,392,270,0.6993006993006993
607,100,364,135,0.9686394262829419
607,100,364,315,0.9491366190423458
607,100,364,0,0.6756756756756757
607,100,364,0,0.7692307692307693
607,100,364,180,1.4705882352941175
607,100,364,225,0.9428090415820635
607,100,364,225,1.0475656017578483
607,100,377,63.434948822922024,1.49071198499986
607,100,377,315,1.0029883421085781
607,100,377,243.43494882292202,1.5746957588026689
607,100,348,45,3.008965026325734
607,100,348,243.43494882292202,1.5858638138296381
607,100,348,90,0.6896551724137931
607,100,348,0,0.7042253521126761
607,100,420,225,0.9686394262829419
607,100,420,0,0.684931506849315
607,100,420,0,0.7194244604316548
607,100,390,243.43494882292202,2.98142396999972
607,100,375,90,2.9629629629629632
607,100,375,0,1.4285714285714286
607,100,375,225,2.905918278848825
607,100,350,45,1.0101525445522108
607,100,312,71.56505117707798,2.2587697572631282
607,100,312,255.9637565320735,2.6948402781814775
607,100,338,0,0.7407407407407408
607,100,325,270,1.4285714285714286
607,100,325,90,1.3793103448275863
607,100,336,333.434948822922,1.6441676305145512
607,100,325,135,0.9620500424306769
607,100,406,26.565051177077976,1.5746957588026689
607,100,351,315,2.0797258270192573
607,100,364,71.56505117707798,2.1512092926315507
607,100,364,270,0.6756756756756757
607,100,406,63.434948822922024,1.5421158465515792
607,100,435,135,0.9959250439247148
607,100,450,0,1.6129032258064515
607,100,420,180,0.6756756756756757
607,100,420,248.19859051364818,3.8192658206627685
607,100,420,270,1.4084507042253522
607,100,406,116.56505117707798,3.1273678006990067
607,100,390,45,2.0348396580907844
607,100,372,135,1.0101525445522108
607,100,372,180,0.6493506493506493
607,100,384,270,1.5151515151515151
607,100,384,161.56505117707798,2.1512092926315507
607,100,363,270,2.083333333333333
607,100,363,90,2.1739130434782608
607,100,363,135,0.9820927516479828
607,100,352,180,0.684931506849315
607,100,352,251.56505117707798,2.1512092926315507
607,100,320,270,1.3986013986013985
607,100,320,53.13010235415595,3.571428571428571
607,100,330,270,2.898550724637681
607,100,320,56.30993247402023,2.6511406437235214
607,100,510,45,3.901278792753366
607,100,434,216.86989764584402,3.3783783783783785
607,100,403,180,1.4705882352941175
607,100,480,45,0.9889605331280386
607,100,448,225,2.0203050891044216
607,100,496,135,1.9918500878494296
607,100,434,180,0.7042253521126761
607,100,420,45,1.0398629135096287
607,100,420,206.56505117707798,1.5007167634226777
607,100,420,45,1.9641855032959656
607,100,420,21.801409486351815,3.7658495154786737
607,100,390,236.3099324740202,2.7109408086195406
607,100,420,261.869897645844,4.714045207910317
607,100,360,50.19442890773479,5.578749768504753
607,100,403,0,0.7092198581560284
607,100,448,315,0.9686394262829419
607,100,480,270,0.7246376811594203
607,100,496,135,3.030457633656632
607,100,510,180,1.3888888888888888
607,100,480,18.434948822922024,2.2750198994017117
607,100,540,161.56505117707798,2.1659436028550543
607,100,493,206.56505117707798,3.1273678006990067
607,100,464,45,0.936565273094765
607,100,435,180,1.4598540145985401
607,100,435,135,0.9889605331280386
607,100,476,135,0.9753196981883415
607,100,493,135,0.936565273094765
607,100,432,0,3.0303030303030303
607,100,432,0,0.7142857142857143
607,100,459,206.56505117707798,1.4519921931816817
607,100,448,270,2.2900763358778624
607,100,448,315,0.9491366190423458
607,100,476,90,0.7042253521126761
607,100,476,180,0.7194244604316548
607,100,567,45,0.9820927516479828
607,100,621,45,0.9123958466923194
607,100,540,18.434948822922024,2.3956648940669543
607,100,486,213.69006752597977,2.521364528296496
607,100,486,198.43494882292202,2.094223616005549
607,100,567,63.434948822922024,1.6812541184208947
607,100,513,206.56505117707798,1.5211346785712856
607,100,513,26.565051177077976,1.4519921931816817
607,100,513,225,0.9820927516479828
607,100,486,26.565051177077976,1.7069221202288474
607,100,486,315,0.9753196981883415
607,100,432,180,0.7092198581560284
607,100,432,288.434948822922,2.094223616005549
607,100,405,45,1.0398629135096287
607,100,405,0,0.7352941176470588
607,100,378,180,0.6451612903225806
607,100,378,270,1.5037593984962405
607,100,378,206.56505117707798,1.5858638138296381
607,100,378,45,1.8015459393287838
607,100,351,180,0.7575757575757576
607,100,570,225,1.1313708498984762
607,100,435,225,0.9491366190423458
607,100,510,45,0.9889605331280386
607,100,493,45,0.9686394262829419
607,100,392,270,1.3986013986013985
607,100,364,90,0.684931506849315
607,100,364,180,0.7299270072992701
607,100,360,26.565051177077976,1.5315534092464314
607,100,360,0,0.6134969325153374
607,100,360,0,0.6896551724137931
607,100,377,180,1.4705882352941175
607,100,390,161.56505117707798,2.1223340001130064
607,100,434,135,0.9753196981883415
607,100,434,180,0.7407407407407408
607,100,465,180,0.6369426751592357
607,100,540,90,0.684931506849315
607,100,540,45,1.0029883421085781
607,100,527,206.56505117707798,1.5858638138296381
607,100,496,0,0.6666666666666667
607,100,510,315,3.314563036811941
607,100,480,135,2.0203050891044216
607,100,496,90,0.7092198581560284
607,100,480,270,2.797202797202797
607,100,465,104.03624346792651,2.86326779556782
607,100,465,0,0.6944444444444444
607,100,592,270,1.948051948051948
607,100,900,306.86989764584405,3.597122302158273
607,100,578,116.56505117707798,4.69105170104851
607,100,465,270,1.3793103448275863
607,100,465,270,1.4285714285714286
607,100,450,0,0.7042253521126761
607,100,450,90,0.7299270072992701
607,100,432,135,0.9959250439247148
607,100,432,0,0.6993006993006993
607,100,442,153.43494882292202,1.6086819982012877
607,100,448,63.434948822922024,1.5421158465515792
607,100,448,288.434948822922,2.0668481439009017
607,100,432,270,1.694915254237288
607,100,432,288.434948822922,2.0271010642104996
607,100,405,21.801409486351815,3.9022933385032634
607,100,390,296.565051177078,3.3374148917907314
607,100,480,68.19859051364818,3.688469045982537
607,100,940,77.47119229084848,6.4926369417555545
607,100,798,282.5288077091515,6.105658580988667
607,100,1827,315,5.276916277511549
607,100,1680,123.69006752597977,7.671385692476573
607,100,1705,135,10.32272673265033
607,100,2072,150.2551187030578,5.410911240468825
607,100,2132,225,1.0553832555023097
607,100,1974,225,1.0029883421085781
607,100,1892,296.565051177078,1.4519921931816817
607,100,1968,270,1.5037593984962405
607,100,1800,315,0.9620500424306769
607,100,1755,90,0.6993006993006993
607,100,1800,315,2.1591046753787713
607,100,1794,0,0.6896551724137931
607,100,1716,333.434948822922,1.552824984374854
607,100,1369,315,0.9686394262829419
607,100,1089,296.565051177078,1.7069221202288474
607,100,961,315,0.9686394262829419
607,100,930,0,0.7092198581560284
607,100,1054,296.565051177078,1.5636839003495033
607,100,928,0,2.097902097902098
607,100,936,33.69006752597977,2.7109408086195406
607,100,1092,135,0.9889605331280386
607,100,1050,180,1.3793103448275863
607,100,1134,45,1.024792436502243
607,100,960,225,1.0174198290453922
607,100,897,180,0.6944444444444444
607,100,880,315,1.0174198290453922
607,100,820,90,0.684931506849315
607,100,798,153.43494882292202,1.6441676305145512
607,100,756,270,1.3605442176870748
607,100,714,90,0.6578947368421052
607,100,731,90,0.7299270072992701
607,100,1098,315,2.987775131774144
607,100,1092,75.96375653207355,2.9035955109983522
607,100,855,206.56505117707798,1.5858638138296381
607,100,810,153.43494882292202,1.5971914124998499
607,100,855,180,1.3513513513513513
607,100,836,225,0.9620500424306769
607,100,714,284.03624346792645,3.1000794177576396
607,100,756,33.69006752597977,2.539120616523936
607,100,738,90,0.6896551724137931
607,100,680,7.125016348901795,5.717913296665637
607,100,697,69.44395478041656,6.016904045998261
607,100,656,206.56505117707798,1.5858638138296381
607,100,624,180,2.112676056338028
607,100,1260,135,1.0101525445522108
607,100,756,198.43494882292202,4.160891658116289
607,100,756,341.565051177078,2.3776523760664507
607,100,726,0,2
607,100,713,270,1.5384615384615385
607,100,1150,98.13010235415601,4.5916024752373215
607,100,1056,254.05460409907715,5.090985936559803
607,100,1150,315,1.024792436502243
607,100,1456,33.69006752597977,2.452755969703394
607,100,1540,63.434948822922024,1.5858638138296381
607,100,1624,180,2.2222222222222223
607,100,2668,254.05460409907715,4.918993168432782
607,100,2525,296.565051177078,3.2643328138683065
607,100,3348,270,7.462686567164178
607,100,3968,315,1.950639396376683
607,100,2828,94.08561677997488,9.613471813437123
607,100,3535,0,1.4184397163120568
607,100,2408,123.69006752597977,4.839666141562401
607,100,2146,90,2.2388059701492535
607,100,1863,90,0.6896551724137931
607,100,1690,270,0.7462686567164178
607,100,1488,279.4623222080256,4.109974682633933
607,100,1890,191.3099324740202,3.354618101047885
607,100,1682,153.43494882292202,1.6321664069341533
607,100,1537,270,0.6711409395973155
607,100,1450,333.434948822922,1.5971914124998499
607,100,1269,26.565051177077976,1.5746957588026689
607,100,1196,26.565051177077976,3.1493915176053378
607,100,1222,198.43494882292202,2.211382979138727
607,100,1296,180,0.7246376811594203
607,100,1152,45,0.9889605331280386
607,100,1012,333.434948822922,1.5315534092464314
607,100,1012,180,0.7194244604316548
607,100,1104,180,0.7194244604316548
607,100,1080,0,2.1739130434782608
607,100,1035,135,1.950639396376683
607,100,1012,225,0.9555497043061454
607,100,1012,0,0.6944444444444444
607,100,1056,0,1.4705882352941175
607,100,1104,45,1.9641855032959656
607,100,1104,0,0.7194244604316548
607,100,1104,225,1.950639396376683
607,100,1058,180,0.7299270072992701
607,100,1058,0,1.4388489208633095
607,100,1035,180,2.1739130434782608
607,100,1012,206.56505117707798,1.6321664069341533
607,100,989,135,0.9555497043061454
607,100,989,180,0.6993006993006993
607,100,989,90,0.6993006993006993
607,100,989,296.565051177078,1.5971914124998499
607,100,1032,0,0.6993006993006993
607,100,989,180,0.7092198581560284
607,100,989,90,0.6993006993006993
607,100,966,296.565051177078,1.5636839003495033
607,100,966,0,0.6993006993006993
607,100,943,296.565051177078,1.552824984374854
607,100,897,0,0.7518796992481203
607,100,975,135,0.9555497043061454
607,100,950,326.30993247402023,2.6907099070626788
607,100,912,135,2.82842712474619
607,100,912,0,0.7142857142857143
607,100,912,0,0.6944444444444444
607,100,912,270,0.7092198581560284
607,100,912,180,0.6944444444444444
607,100,960,45,0.9555497043061454
607,100,936,45,2.064545346530066
607,100,936,270,1.3888888888888888
607,100,936,180,0.7092198581560284
607,100,1026,225,0.9428090415820635
607,100,912,0,0.6535947712418301
607,100,912,315,2.192579166469915
607,100,984,116.56505117707798,3.240678228260565
607,100,960,225,0.9820927516479828
607,100,960,0,0.6993006993006993
607,100,943,108.43494882292202,2.1512092926315507
607,100,966,270,0.6896551724137931
607,100,989,180,0.7692307692307693
607,100,966,270,0.7042253521126761
607,100,943,180,0.641025641025641
607,100,943,270,1.5873015873015872
607,100,943,90,1.3888888888888888
607,100,943,180,0.6711409395973155
607,100,943,45,1.0553832555023097
607,100,920,26.565051177077976,4.502150290268033
607,100,897,33.69006752597977,2.6511406437235214
607,100,897,180,1.9736842105263157
607,100,897,180,2.027027027027027
607,100,1066,180,1.4925373134328357
607,100,936,229.3987053549955,13.36165863375781
607,100,988,171.86989764584405,5.014941710542891
607,100,999,173.65980825409008,5.996943800091005
607,20,72,90,5.0359712230215825
607,20,72,90,3.4722222222222223
607,20,64,68.19859051364818,3.959680005245959
607,20,56,90,5.442176870748299
607,20,48,90,3.289473684210526
607,20,35,104.03624346792651,5.84837677392576
607,20,364,53.13010235415595,3.289473684210526
607,20,336,90,5.673758865248227
607,20,672,79.69515353123398,7.929319069148192
607,20,594,180,3.64963503649635
607,20,525,126.86989764584405,3.571428571428571
607,20,500,71.56505117707798,4.0803582711850055
607,20,425,63.434948822922024,3.1273678006990067
607,20,322,80.53767779197437,4.472619507572221
607,20,276,123.69006752597977,2.631789252163496
607,20,242,90,3.1446540880503147
607,20,1360,136.97493401088195,14.348450719358876
607,20,1350,155.55604521958344,8.10942682791582
607,100,1280,90,1.4492753623188406
607,100,1200,63.434948822922024,1.552824984374854
607,100,1197,270,1.3986013986013985
607,100,1242,270,0.7142857142857143
607,100,1272,288.434948822922,2.2269560987101262
607,100,1078,243.43494882292202,1.6086819982012877
607,100,966,270,0.6535947712418301
607,100,1032,180,0.7518796992481203
607,100,780,296.565051177078,1.5636839003495033
607,100,630,303.69006752597977,2.521364528296496
607,100,476,296.565051177078,1.6086819982012877
607,100,396,296.565051177078,1.5315534092464314
607,100,741,104.03624346792651,2.92418838696288
607,100,752,108.43494882292202,2.3082318687360432
607,100,752,108.43494882292202,2.094223616005549
607,100,1296,135,1.885618083164127
607,100,1375,116.56505117707798,1.5858638138296381
607,100,1176,0,0.7194244604316548
607,100,1062,270,0.7246376811594203
607,100,944,270,3.4965034965034967
607,100,915,56.30993247402023,2.3412670619896034
607,100,930,180,1.4925373134328357
607,100,854,0,0.6944444444444444
607,100,900,225,2.0951312035156966
607,100,798,0,0.6756756756756757
607,100,770,274.3987053549955,9.117765601682027
607,100,742,284.03624346792645,2.92418838696288
607,100,714,270,0.7407407407407408
607,100,672,90,0.6711409395973155
607,100,600,225,1.0174198290453922
607,100,490,0,0.6802721088435374
607,100,480,225,1.0633184679496956
607,100,608,180,1.3513513513513513
607,100,405,315,1.032272673265033
607,100,308,315,1.0029883421085781
607,100,247,180,0.7092198581560284
607,100,220,90,1.4598540145985401
607,100,240,90,1.4705882352941175
607,100,160,270,2.142857142857143
607,100,105,225,0.9491366190423458
607,100,105,315,1.0713739108887086
607,100,130,90,1.3986013986013985
607,100,276,90,2.0689655172413794
607,100,154,270,0.7042253521126761
607,100,102,243.43494882292202,1.5971914124998499
607,100,1794,90,0.6756756756756757
607,100,1540,270,0.6993006993006993
607,100,1088,243.43494882292202,1.4426245016127677
607,100,1152,265.6012946450045,9.803311887522781
607,100,1156,0,0.7246376811594203
607,100,1116,270,1.4598540145985401
607,100,1140,270,0.7142857142857143
607,100,1000,270,1.3986013986013985
607,100,760,270,1.4285714285714286
607,100,588,225,0.9959250439247148
607,100,484,180,0.684931506849315
607,100,418,270,0.7246376811594203
607,100,374,0,0.6666666666666667
607,100,374,90,0.7142857142857143
607,100,391,180,1.4492753623188406
607,20,1767,153.43494882292202,12.086853932431296
607,20,1824,135,11.86752639753646
607,20,1566,126.86989764584405,10.79136690647482
607,20,1870,160.01689347809997,8.800526248661372
607,20,98,90,4.516129032258064
607,20,78,75.96375653207355,3.1000794177576396
607,20,252,296.565051177078,1.5858638138296381
607,20,225,26.565051177077976,2.8484942388532355
607,20,182,73.30075576600638,7.909323112811023
607,20,175,110.5560452195835,5.852057359806528
607,20,234,75.96375653207355,2.748737083745107
607,20,324,59.03624346792651,4.664761515876241
607,20,312,45,1.8982732380846916
607,20,240,173.65980825409008,6.658371425101042
607,20,121,189.4623222080256,8.628031957869815
607,20,272,38.65980825409008,4.778450923457349
607,20,924,53.9726266148964,3.3013277933823892
607,20,850,71.56505117707798,1.117412600766212
607,20,1350,112.61986494804046,1.8105849582172702
607,20,1508,33.69006752597977,2.486587086526889
607,20,1404,270,0.6944444444444444
607,20,1300,0,0.6896551724137931
607,20,1431,0,0.684931506849315
607,20,1740,333.434948822922,1.7069221202288474
607,20,1323,333.434948822922,3.0631068184928627
607,20,1392,129.8055710922652,5.539184167309684
607,20,1215,161.56505117707798,2.211382979138727
607,20,64,147.26477372789236,10.80734868642418
607,100,1518,26.565051177077976,1.4710973536182828
607,100,1575,80.53767779197437,4.608153432044106
607,100,1508,303.69006752597977,2.539120616523936
607,100,1242,288.434948822922,6.680868296130379
607,100,1375,126.86989764584405,3.4965034965034967
607,100,1311,333.434948822922,3.0631068184928627
607,100,1320,293.1985905136482,5.47897345745605
607,100,1200,284.03624346792645,2.9662630400127057
607,100,1098,86.18592516570965,10.893693027806455
607,100,1364,251.56505117707798,2.1808811449437098
607,100,1392,97.1250163489018,5.447471451553073
607,100,1134,0,1.3888888888888888
607,100,1060,225,1.0174198290453922
607,100,1080,270,0.6896551724137931
607,100,1242,180,0.7299270072992701
607,100,1100,45,1.9110994086122908
607,100,1080,225,0.9959250439247148
607,100,1100,180,0.7352941176470588
607,100,1102,251.56505117707798,2.2750198994017117
607,100,1062,315,0.9753196981883415
607,100,1044,180,0.7246376811594203
607,100,1044,116.56505117707798,1.6321664069341533
607,100,1044,288.434948822922,2.1366740947083644
607,100,1044,0,0.6993006993006993
607,100,1062,90,2.797202797202797
607,100,1098,276.3401917459099,6.468132241526726
607,100,1098,90,0.6993006993006993
607,100,1098,104.03624346792651,2.92418838696288
607,100,1098,270,0.6993006993006993
607,100,1003,206.56505117707798,1.5636839003495033
607,100,1003,296.565051177078,1.5636839003495033
607,100,1003,90,1.3888888888888888
607,100,960,63.434948822922024,1.6812541184208947
607,100,944,135,0.9555497043061454
607,100,928,0,1.4925373134328357
607,100,944,116.56505117707798,1.49071198499986
607,100,912,270,0.7142857142857143
607,100,912,315,0.9820927516479828
607,100,912,135,0.9820927516479828
607,100,1121,270,1.5151515151515151
607,100,1003,270,0.6756756756756757
607,100,976,180,0.7299270072992701
607,100,915,63.434948822922024,1.552824984374854
607,100,868,45,2.0059766842171562
607,100,840,225,1.885618083164127
607,100,900,90,0.6535947712418301
607,100,1062,45,1.0962895832349575
607,100,812,225,1.024792436502243
607,100,793,243.43494882292202,1.5858638138296381
607,100,819,0,1.3888888888888888
607,100,819,251.56505117707798,2.211382979138727
607,100,858,270,1.3605442176870748
607,100,858,0,0.6896551724137931
607,100,924,90,0.7692307692307693
607,100,924,90,0.7042253521126761
607,100,871,90,0.641025641025641
607,100,816,90,0.7936507936507936
607,100,871,116.56505117707798,1.552824984374854
607,100,871,90,0.6711409395973155
607,100,871,225,1.0553832555023097
607,100,1072,90,2.013422818791946
607,100,1088,180,0.7352941176470588
607,100,1134,26.565051177077976,1.4710973536182828
607,100,1116,116.56505117707798,4.532570224661736
607,20,403,156.03751102542185,6.792315725376623
607,20,576,175.6012946450045,8.93041425370226
607,20,589,156.03751102542185,6.985005533188726
607,20,2940,341.565051177078,7.079726104854581
607,20,1364,141.34019174590992,4.509242420727358
607,20,1458,158.19859051364824,3.792369582489087
607,20,1566,123.69006752597977,5.042729056592992
607,100,1232,116.56505117707798,7.818419501747517
607,100,1107,105.94539590092285,4.986376636493506
607,100,1040,108.43494882292202,2.2750198994017117
607,100,950,108.43494882292202,4.550039798803423
607,100,950,126.86989764584405,3.6231884057971016
607,100,897,90,3.4482758620689653
607,20,144,186.3401917459099,5.488112204931768
607,100,702,174.95754893082915,6.009171889392962
607,100,663,167.47119229084842,6.72959449437437
607,100,663,180,8.333333333333332
607,100,702,180,4.3478260869565215
607,20,108,198.43494882292202,4.106854104114778
607,20,108,194.03624346792648,6.247129735784334
607,20,180,200.55604521958347,6.0595771243386745
607,20,198,147.99461679191648,6.787036785652233
607,20,160,180,5.228758169934641
607,100,1620,90,0.6896551724137931
607,100,2565,116.56505117707798,1.591507457295224
607,100,2538,135,1.9918500878494296
607,100,2000,90,1.3513513513513513
607,100,1575,180,1.4492753623188406
607,100,1344,213.69006752597977,2.5753937681885635
607,100,1209,225,0.9620500424306769
607,100,1332,111.80140948635182,3.9307772314850395
607,100,1221,116.56505117707798,4.355976579545045
607,100,1120,315,6.428243465332249
607,100,1296,225,5.014941710542891
607,100,1155,59.03624346792651,4.3192236258113335
607,100,952,63.434948822922024,4.442519160595609
607,100,837,73.30075576600638,7.565439499210544
607,100,1104,348.69006752597977,3.80523844297969
607,100,1425,0,1.36986301369863
607,100,1860,216.86989764584402,3.4482758620689653
607,100,1650,225,2.0203050891044216
607,100,1350,225,1.9372788525658837
607,100,1200,225,0.9686394262829419
607,100,1081,90,1.5037593984962405
607,100,945,0,1.3245033112582782
607,100,912,180,0.7042253521126761
607,100,931,288.434948822922,2.3599087016181937
607,100,864,270,1.9736842105263157
607,100,918,270,0.7633587786259541
607,100,972,243.43494882292202,1.5007167634226777
607,100,1008,270,0.7407407407407408
607,100,1008,90,0.7042253521126761
607,100,1044,225,1.0029883421085781
607,100,1044,90,0.6802721088435374
607,100,1062,45,0.9753196981883415
607,100,1044,104.03624346792651,3.123564867892167
607,100,1026,116.56505117707798,1.5636839003495033
607,100,1026,348.69006752597977,3.3993463423951895
607,100,990,123.69006752597977,5.042729056592992
607,100,990,90,5.839416058394161
607,100,1140,206.56505117707798,1.5421158465515792
607,100,1298,270,0.7352941176470588
607,100,1178,225,1.885618083164127
607,100,1098,270,4.37956204379562
607,100,1102,289.98310652189997,8.301205610439451
607,100,1102,98.13010235415601,4.843197131414709
607,100,1026,0,0.6944444444444444
607,100,1113,284.03624346792645,2.9450754468697578
607,100,1100,116.56505117707798,3.1493915176053378
607,100,1056,315,1.0398629135096287
607,100,1058,270,2.0689655172413794
607,100,946,281.30993247402023,3.4687207575461123
607,100,840,270,2.941176470588235
607,100,819,116.56505117707798,1.5211346785712856
607,100,960,45,0.9959250439247148
607,100,700,284.03624346792645,2.9035955109983522
607,100,640,270,1.4388489208633095
607,100,620,270,0.6944444444444444
607,100,570,135,0.9889605331280386
607,100,540,0,0.6666666666666667
607,100,504,270,2.307692307692308
607,100,493,90,0.6756756756756757
607,100,435,180,0.7352941176470588
607,100,403,180,0.6756756756756757
607,100,403,270,0.6666666666666667
607,100,390,243.43494882292202,1.774657124999833
607,100,360,315,0.9620500424306769
607,100,429,111.80140948635182,3.66337741981939
607,100,384,315,3.2141217326661247
607,100,374,104.03624346792651,2.8048337589235786
607,100,374,303.69006752597977,2.486587086526889
607,100,540,101.30993247402023,3.8338492583404395
607,100,550,90,2.2222222222222223
607,100,528,270,2.8368794326241136
607,100,550,90,0.6993006993006993
607,100,510,59.03624346792651,3.966633942071633
607,100,616,135,2.0797258270192573
607,100,638,251.56505117707798,2.211382979138727
607,100,616,270,4.794520547945205
607,100,660,116.56505117707798,4.896499220802459
607,100,672,270,0.6896551724137931
607,100,756,135,0.9686394262829419
607,100,672,270,1.3071895424836601
607,100,756,63.434948822922024,3.4138442404576947
607,100,624,0,0.7352941176470588
607,100,770,116.56505117707798,1.5421158465515792
607,100,676,270,0.7142857142857143
607,100,583,90,2.797202797202797
607,100,561,90,4.195804195804196
607,100,572,296.565051177078,3.0842316931031584
607,100,636,0,0.7246376811594203
607,100,605,270,1.4184397163120568
607,100,627,270,2.6490066225165565
607,100,627,104.03624346792651,2.9877576997229425
607,100,605,270,6.25
607,100,627,315,1.0174198290453922
607,100,605,111.80140948635182,3.5663343093605984
607,100,648,90,1.5151515151515151
607,100,980,116.56505117707798,1.6086819982012877
607,100,1034,0,1.4492753623188406
607,100,1012,45,0.9820927516479828
607,100,1056,45,1.0101525445522108
607,100,987,116.56505117707798,3.105649968749708
607,100,920,0,1.4184397163120568
607,100,1760,0,7.142857142857142
607,100,1584,0,2.7210884353741496
607,100,1716,180,0.7462686567164178
607,100,1849,270,0.6756756756756757
607,100,1932,153.43494882292202,1.552824984374854
607,100,2132,90,0.7246376811594203
607,100,2200,63.434948822922024,1.5636839003495033
607,100,2146,168.69006752597977,3.565747911603346
607,100,1908,26.565051177077976,1.6086819982012877
607,100,1872,0,0.7142857142857143
607,100,1976,45,0.9491366190423458
607,100,1924,315,1.0553832555023097
607,100,1702,315,0.9620500424306769
607,100,1332,21.037511025421793,9.87828955828661
607,100,1015,333.434948822922,1.5858638138296381
607,100,910,0,2.0408163265306123
607,100,748,270,2.797202797202797
607,100,693,180,0.7194244604316548
607,100,726,45,0.9753196981883415
607,100,672,45,1.024792436502243
607,100,600,90,0.6993006993006993
607,100,570,90,0.6993006993006993
607,100,522,158.19859051364824,3.8742192857082762
607,100,532,135,0.9820927516479828
607,100,494,180,1.36986301369863
607,100,475,161.56505117707798,2.2587697572631282
607,100,456,315,2.0203050891044216
607,100,437,0,2.097902097902098
607,100,437,0,1.2903225806451613
607,100,483,270,1.6129032258064515
607,100,924,255.9637565320735,2.6948402781814775
607,100,1575,194.03624346792648,2.92418838696288
607,100,1554,180,0.7042253521126761
607,100,1540,165.9637565320735,3.0769444967295976
607,100,1184,36.86989764584405,3.5211267605633805
607,100,957,56.30993247402023,2.5753937681885635
607,100,756,225,2.8861501272920305
607,100,650,333.434948822922,1.5636839003495033
607,100,644,90,0.6993006993006993
607,100,594,0,1.4084507042253522
607,100,546,180,0.6993006993006993
607,100,520,33.69006752597977,2.6127183155536153
607,100,520,170.53767779197437,4.40779893499871
607,100,494,153.43494882292202,1.5007167634226777
607,100,494,333.434948822922,1.5746957588026689
607,100,468,315,1.885618083164127
607,100,494,0,0.7518796992481203
607,100,550,90,0.641025641025641
607,100,528,161.56505117707798,2.4513780311382787
607,100,460,135,0.9620500424306769
607,100,483,206.56505117707798,1.5858638138296381
607,100,440,0,2.857142857142857
607,100,418,135,1.032272673265033
607,100,456,315,0.936565273094765
607,100,460,315,0.9304036594559837
607,100,550,135,6.017930052651468
607,100,552,146.30993247402023,2.6907099070626788
607,100,598,45,1.9918500878494296
607,100,644,270,1.4388489208633095
607,100,528,270,0.6711409395973155
607,100,506,315,0.9959250439247148
607,100,462,333.434948822922,1.6441676305145512
607,100,440,333.434948822922,1.49071198499986
607,100,525,315,1.0174198290453922
607,100,494,90,0.7246376811594203
607,100,425,180,1.4598540145985401
607,100,384,198.43494882292202,2.0804458290581445
607,100,384,170.53767779197437,4.539375022610612
607,100,384,90,0.6578947368421052
607,100,529,290.55604521958344,6.0595771243386745
607,100,960,63.434948822922024,3.2643328138683065
607,100,1150,126.86989764584405,3.5211267605633805
607,100,1470,71.56505117707798,2.1659436028550543
607,100,1250,198.43494882292202,2.3424278964210217
607,100,1377,270,0.7042253521126761
607,100,1275,270,2.8368794326241136
607,100,1144,135,1.9918500878494296
607,100,1122,146.30993247402023,2.5753937681885635
607,100,1122,135,1.0029883421085781
607,100,1100,225,0.9889605331280386
607,100,1127,63.434948822922024,3.8028366964282143
607,100,945,277.1250163489018,11.355292603237393
607,100,882,306.86989764584405,7.042253521126761
607,100,1012,26.565051177077976,4.724087276408007
607,100,1260,305.5376777919744,5.892003607563443
607,100,1680,33.69006752597977,2.6511406437235214
607,100,1840,90,2.083333333333333
607,100,1760,180,2.027027027027027
607,100,1722,180,0.7518796992481203
607,100,1596,135,3.9837001756988593
607,100,1716,78.69006752597977,3.2896900087695387
607,100,1584,161.56505117707798,4.650408323777029
607,100,1276,315,5.014941710542891
607,100,1749,30.963756532073546,4.164965639175215
607,100,1908,306.86989764584405,3.5211267605633805
607,100,2116,243.43494882292202,1.4426245016127677
607,100,1760,90,2.9850746268656714
607,100,1440,296.565051177078,3.2643328138683065
607,100,1221,29.744881296942253,5.884859670290911
607,100,1088,243.43494882292202,1.5007167634226777
607,100,930,135,0.9620500424306769
607,100,896,40.60129464500449,6.829292190587324
607,100,840,45,6.92272373189627
607,100,3220,233.13010235415598,6.493506493506493
607,100,2870,216.0273733851036,9.44546563106628
607,100,3384,225,2.966881599384115
607,100,3036,255.9637565320735,2.9450754468697578
607,100,2622,221.63353933657018,7.819217258956036
607,100,2392,345.96375653207355,3.147408874517298
607,100,2352,26.565051177077976,3.1493915176053378
607,100,2268,53.13010235415595,3.546099290780142
607,100,1900,11.30993247402023,3.6163258961650957
607,100,1739,140.19442890773485,5.349486079388119
607,100,1760,150.2551187030578,5.677646301618696
607,100,1764,270,1.3888888888888888
607,100,1786,285.94539590092285,5.1631985030358285
607,100,1300,315,0.9889605331280386
607,100,475,285.94539590092285,10.181971873119606
607,100,140,270,1.6260162601626018
607,100,126,270,0.6622516556291391
607,100,119,270,0.7352941176470588
607,100,105,0,0.6711409395973155
607,100,112,270,1.4492753623188406
607,100,98,0,0.6993006993006993
607,100,156,153.43494882292202,1.5746957588026689
607,100,169,198.43494882292202,2.2427501135945955
607,100,143,180,0.7299270072992701
607,100,143,180,0.7042253521126761
607,100,143,180,0.684931506849315
607,100,195,286.6992442339936,7.352328527401797
607,100,560,45,1.9372788525658837
607,100,448,296.565051177078,1.5971914124998499
607,100,462,45,1.0101525445522108
607,100,416,225,0.9889605331280386
607,100,416,90,0.6666666666666667
607,100,403,135,1.0962895832349575
607,100,403,90,0.6993006993006993
607,20,3172,171.86989764584405,10.101525445522109
607,20,1100,143.13010235415595,14.388489208633093
607,20,308,191.3099324740202,6.6653849850886076
607,20,98,172.8749836510982,6.201736729460423
607,20,30,48.81407483429035,7.433668400513742
607,20,16,212.00538320808352,6.506193884176968
607,100,429,90,0.7194244604316548
607,100,525,135,0.9620500424306769
607,100,820,108.43494882292202,2.1808811449437098
607,20,5253,90,5.633802816901409
607,20,578,163.30075576600643,7.676695962434228
607,20,544,156.80140948635176,5.145792639097236
607,20,504,161.56505117707798,6.453627877894652
607,20,180,135,2.175713172881685
607,20,240,170.53767779197437,8.390017283169957
607,100,1692,153.43494882292202,6.002867053690711
607,100,2244,153.43494882292202,3.0842316931031584
607,100,2585,165.9637565320735,3.1716197120135847
607,100,4620,175.6012946450045,8.992003317520895
607,100,5670,180,0.7633587786259541
607,100,4556,163.30075576600643,6.8237297443859815
607,100,3420,153.43494882292202,8.043409991006438
607,100,2958,153.43494882292202,6.084538714285142
607,100,2420,180,0.7299270072992701
607,100,1989,165.9637565320735,2.8048337589235786
607,100,1598,146.30993247402023,2.6127183155536153
607,100,1380,153.43494882292202,1.6321664069341533
607,100,1170,135,0.9686394262829419
607,100,968,270,0.684931506849315
607,100,1080,146.30993247402023,7.726181304565692
607,100,1155,180,0.6896551724137931
607,100,1176,0,0.7692307692307693
607,100,1218,135,1.0029883421085781
607,100,1160,270,0.6622516556291391
607,100,1083,90,1.3513513513513513
607,100,1170,75.96375653207355,2.8048337589235786
607,100,306,180,3.4482758620689653
607,20,300,168.69006752597977,3.7219120537173613
607,20,207,161.56505117707798,2.1512092926315507
607,20,168,168.69006752597977,3.6949416765165104
607,20,266,146.30993247402023,2.387782301631781
607,20,304,116.56505117707798,1.510856741553912
607,20,399,20.55604521958344,5.476925477767647
607,100,608,0,2.1739130434782608
607,100,570,23.198590513648185,5.439837932759935
607,100,532,26.565051177077976,8.101695570651412
607,20,252,18.434948822922024,4.941058844013093
607,20,252,0,3.1446540880503147
607,20,252,21.801409486351815,3.959680005245959
607,20,252,0,5.970149253731343
607,20,280,26.565051177077976,4.69105170104851
607,20,252,9.462322208025626,4.314015978934908
607,20,234,0,2.7777777777777777
607,20,384,4.085616779974885,9.548074045998774
607,20,572,19.44003482817618,13.353893612829589
607,20,418,0,13.698630136986301
607,20,551,16.38954033403479,13.223914288559216
607,20,435,45,10.65503368911236
607,20,722,340.3461759419467,10.323658852304519
607,20,640,168.69006752597977,3.4687207575461123
607,20,624,153.43494882292202,3.2643328138683065
607,20,592,180,2.7210884353741496
607,20,525,165.9637565320735,2.9877576997229425
607,20,528,159.44395478041656,6.23649908417338
607,20,464,165.9637565320735,2.8240449490531923
607,20,378,153.43494882292202,1.5315534092464314
607,20,651,198.43494882292202,4.5175395145262565
607,20,476,123.69006752597977,2.486587086526889
607,20,378,153.43494882292202,1.7200522903844537
607,20,312,153.43494882292202,1.5858638138296381
607,20,300,153.43494882292202,1.4808397201985364
607,20,276,135,0.9555497043061454
607,20,5776,0,6.944444444444445
607,20,5106,225,0.9820927516479828
607,20,4260,63.434948822922024,1.6563466499998445
607,20,3283,0,2.027027027027027
607,20,2604,90,0.7194244604316548
607,20,2379,153.43494882292202,1.6812541184208947
607,20,2030,180,1.3888888888888888
607,20,1595,153.43494882292202,3.1943828249996997
607,20,851,225,4.0119533684343125
607,20,320,180,4.697986577181208
607,20,168,206.56505117707798,1.6441676305145512
607,20,95,255.9637565320735,2.6948402781814775
607,100,3375,135,1.0174198290453922
607,100,3375,180,0.6802721088435374
607,100,3375,135,1.0029883421085781
607,100,3375,180,0.6896551724137931
607,100,3450,135,1.0553832555023097
607,100,3450,180,0.7142857142857143
607,100,3450,135,0.9620500424306769
607,100,3066,153.43494882292202,1.5315534092464314
607,100,2880,180,1.3793103448275863
607,100,2880,180,0.7407407407407408
607,100,2952,153.43494882292202,1.7069221202288474
607,100,2880,161.56505117707798,2.1512092926315507
607,100,2880,135,1.0398629135096287
607,100,2993,153.43494882292202,1.4710973536182828
607,100,2664,180,2.158273381294964
607,100,2880,135,0.9753196981883415
607,100,2911,161.56505117707798,2.3082318687360432
607,100,2982,180,0.6535947712418301
607,100,2982,161.56505117707798,2.413952412342274
607,100,3080,180,0.6896551724137931
607,100,3150,161.56505117707798,2.1223340001130064
607,100,3150,161.56505117707798,2.3082318687360432
607,100,3174,180,0.7352941176470588
607,100,3243,153.43494882292202,1.510856741553912
607,100,3450,161.56505117707798,2.3956648940669543
607,100,3332,206.56505117707798,1.5636839003495033
607,100,3332,153.43494882292202,1.4614823382351567
607,100,3283,153.43494882292202,1.6687074458953657
607,100,3350,180,0.6993006993006993
607,100,3468,206.56505117707798,1.5421158465515792
607,100,3551,135,2.1107665110046194
607,100,3618,180,0.6711409395973155
607,100,3740,206.56505117707798,1.552824984374854
607,100,3450,161.56505117707798,2.211382979138727
607,100,3604,153.43494882292202,1.6441676305145512
607,100,3536,158.19859051364824,3.6386248696854757
607,100,3685,153.43494882292202,1.6563466499998445
607,100,3445,0,2
607,100,3456,180,3.597122302158273
607,100,1296,250.55996517182382,11.630810566012869
607,100,836,300.9637565320735,4.417387799125228
607,100,630,116.56505117707798,3.1717276276592763
607,20,312,161.56505117707798,6.453627877894652
607,20,299,165.9637565320735,3.031695312954162
607,20,286,135,0.9753196981883415
607,20,286,161.56505117707798,1.1457527754233259
607,20,252,270,0.7246376811594203
607,100,162,161.56505117707798,2.2427501135945955
607,100,162,153.43494882292202,1.4808397201985364
607,100,153,161.56505117707798,2.1366740947083644
607,100,171,135,1.9918500878494296
607,100,171,153.43494882292202,1.5211346785712856
607,100,198,180,1.4388489208633095
607,100,160,45,1.024792436502243
607,100,240,206.56505117707798,1.7069221202288474
607,100,304,0,0.6578947368421052
607,20,180,153.43494882292202,1.7200522903844537
607,20,240,165.9637565320735,2.8048337589235786
607,20,210,153.43494882292202,3.0842316931031584
607,20,195,180,1.4388489208633095
607,20,210,135,1.032272673265033
607,20,210,180,0.6896551724137931
607,20,414,161.56505117707798,4.244668000226013
607,20,456,153.43494882292202,1.6203391141302825
607,20,475,161.56505117707798,2.2269560987101262
607,20,486,315,0.9620500424306769
607,20,504,135,1.024792436502243
607,20,476,153.43494882292202,0.7804774790575182
607,20,476,180,0.6802721088435374
607,20,476,153.43494882292202,1.5858638138296381
607,20,476,180,0.6896551724137931
607,20,459,180,0.7462686567164178
607,20,459,153.43494882292202,1.5971914124998499
607,20,459,180,0.6802721088435374
607,20,459,153.43494882292202,1.5315534092464314
607,20,459,180,0.6896551724137931
607,20,476,153.43494882292202,1.7069221202288474
607,20,459,180,0.684931506849315
607,20,442,161.56505117707798,2.1512092926315507
607,20,442,161.56505117707798,2.3252041618885144
607,20,442,180,0.6578947368421052
607,20,589,158.19859051364824,3.8742192857082762
607,20,1640,135,6.82723788731839
607,20,1722,153.43494882292202,1.6321664069341533
607,20,1927,180,0.7633587786259541
607,20,1862,180,0.6896551724137931
607,20,1750,180,1.342281879194631
607,20,1664,135,1.032272673265033
607,20,1512,116.56505117707798,1.6441676305145512
607,20,1431,135,0.9555497043061454
607,20,1378,180,0.7575757575757576
607,20,1404,180,0.6993006993006993
607,20,1325,153.43494882292202,1.4614823382351567
607,20,1248,206.56505117707798,1.6687074458953657
607,20,1344,225,0.9889605331280386
607,100,2100,90,0.6896551724137931
607,100,1872,270,3.546099290780142
607,100,1704,270,2.127659574468085
607,100,1540,90,0.6896551724137931
607,100,760,26.565051177077976,1.6203391141302825
607,100,702,45,0.9820927516479828
607,100,640,63.434948822922024,3.1717276276592763
607,100,546,270,0.6802721088435374
607,100,741,213.69006752597977,2.5939217809093447
607,100,270,341.565051177078,2.2587697572631282
607,100,840,90,1.4388489208633095
607,100,966,90,0.6896551724137931
607,100,989,90,0.7092198581560284
607,100,1012,90,0.6802721088435374
607,100,1032,90,0.6666666666666667
607,100,984,270,0.7194244604316548
607,20,6320,135,0.9428090415820635
607,20,5621,153.43494882292202,1.5746957588026689
607,20,5106,135,1.0553832555023097
607,20,4686,116.56505117707798,1.5636839003495033
607,20,4485,135,0.9491366190423458
607,20,3904,135,0.9820927516479828
607,20,3906,90,0.7194244604316548
607,20,3782,90,0.7407407407407408
607,20,3720,270,0.7142857142857143
607,20,3658,90,0.6896551724137931
607,20,3306,180,0.7299270072992701
607,20,3306,180,0.6993006993006993
607,20,3306,90,0.7462686567164178
607,20,3306,180,0.6802721088435374
607,20,3192,135,0.9123958466923194
607,20,3192,180,0.7462686567164178
607,20,3192,180,1.3793103448275863
607,20,3135,135,1.032272673265033
607,20,3135,153.43494882292202,1.6086819982012877
607,20,3248,180,0.7692307692307693
607,20,2912,153.43494882292202,1.4614823382351567
607,20,2800,153.43494882292202,1.6086819982012877
607,20,3540,18.434948822922024,2.3956648940669543
607,20,3306,180,2.7586206896551726
607,20,3192,135,1.8982732380846916
607,20,3190,165.9637565320735,2.9450754468697578
607,20,2914,146.30993247402023,2.6511406437235214
607,20,2520,0,0.6535947712418301
607,20,2752,333.434948822922,1.6321664069341533
607,20,2535,90,0.6896551724137931
607,20,2376,0,0.7518796992481203
607,20,2310,180,0.7042253521126761
607,20,2244,90,0.7042253521126761
607,20,2178,135,1.0633184679496956
607,20,2048,90,0.7042253521126761
607,20,1922,135,0.9243225897863367
607,20,1860,90,0.7042253521126761
607,20,1711,135,1.0398629135096287
607,20,1596,90,0.7042253521126761
607,20,1485,90,0.7299270072992701
607,20,1404,270,0.7194244604316548
607,20,1274,90,0.7042253521126761
607,20,1248,270,0.7042253521126761
607,20,1196,270,0.6711409395973155
607,20,1144,270,0.7518796992481203
607,20,1092,270,0.684931506849315
607,20,1040,270,0.7092198581560284
607,20,1040,225,0.9753196981883415
607,20,1040,180,0.7246376811594203
607,20,1134,153.43494882292202,1.5421158465515792
607,20,1134,0,0.7042253521126761
607,20,1107,0,0.6578947368421052
607,20,1161,90,0.6802721088435374
607,20,1188,0,0.7874015748031495
607,20,1530,90,0.6802721088435374
607,20,1363,90,0.6711409395973155
607,20,1519,90,0.6993006993006993
607,20,1334,270,1.3605442176870748
607,20,1260,180,0.6896551724137931
607,20,1232,270,0.6802721088435374
607,20,1232,0,0.7407407407407408
607,20,1232,90,0.6329113924050633
607,20,1204,270,0.6944444444444444
607,20,1204,90,0.7042253521126761
607,20,1176,270,0.7142857142857143
607,20,1148,90,0.6896551724137931
607,20,1120,270,0.7194244604316548
607,20,1160,180,0.6756756756756757
607,20,1230,26.565051177077976,1.7069221202288474
607,20,1312,180,0.6493506493506493
607,20,1271,180,0.7518796992481203
607,20,1230,270,0.6578947368421052
607,20,1200,270,0.7142857142857143
607,20,1200,45,1.024792436502243
607,20,1140,270,0.6578947368421052
607,20,1140,303.69006752597977,2.6907099070626788
607,20,1102,146.30993247402023,2.46955566812602
607,20,1102,270,0.7092198581560284
607,20,1140,180,0.7352941176470588
607,20,1170,90,1.3986013986013985
607,20,1240,225,0.936565273094765
607,20,1271,90,0.7042253521126761
607,20,1271,135,0.9889605331280386
607,20,1280,296.565051177078,1.7200522903844537
607,20,1280,180,0.6211180124223602
607,20,1280,0,0.7042253521126761
607,20,1320,225,1.0553832555023097
607,20,1320,90,0.7462686567164178
607,20,1320,315,1.8247916933846389
607,20,1320,116.56505117707798,1.6441676305145512
607,20,1248,135,0.9686394262829419
607,20,1216,225,1.0398629135096287
607,20,1178,180,0.7042253521126761
607,20,1131,270,0.6944444444444444
607,20,1131,180,0.7042253521126761
607,20,1092,180,0.6993006993006993
607,20,1053,180,0.7092198581560284
607,20,1092,135,0.9889605331280386
607,20,1092,90,1.4184397163120568
607,20,1050,153.43494882292202,1.49071198499986
607,20,1050,270,1.4598540145985401
607,100,966,243.43494882292202,1.6203391141302825
607,100,943,90,0.6944444444444444
607,100,1056,270,0.7407407407407408
607,100,1080,135,0.9820927516479828
607,100,936,341.565051177078,2.1659436028550543
607,100,912,180,0.7299270072992701
607,100,912,0,0.6493506493506493
607,100,912,180,0.7352941176470588
607,100,864,288.434948822922,2.3776523760664507
607,100,840,63.434948822922024,1.5636839003495033
607,100,840,270,0.6896551724137931
607,100,782,270,0.7142857142857143
607,100,851,108.43494882292202,2.2915055508466518
607,100,828,270,0.7299270072992701
607,100,828,180,0.6896551724137931
607,100,864,0,0.7092198581560284
607,100,792,135,0.8838834764831844
607,100,782,213.69006752597977,2.7950009887317746
607,100,805,90,0.684931506849315
607,100,805,90,0.7246376811594203
607,100,748,270,0.7142857142857143
607,100,714,90,0.7246376811594203
607,100,714,270,0.6666666666666667
607,100,693,135,1.0101525445522108
607,100,693,180,0.6578947368421052
607,100,693,90,0.6896551724137931
607,100,693,270,0.6993006993006993
607,100,693,0,0.7352941176470588
607,100,735,135,1.032272673265033
607,100,693,180,0.6802721088435374
607,100,651,90,0.7299270072992701
607,100,609,90,0.7299270072992701
607,100,630,270,0.641025641025641
607,100,609,90,0.7246376811594203
607,100,682,63.434948822922024,1.6563466499998445
607,100,651,180,0.7352941176470588
607,100,868,225,0.9428090415820635
607,100,930,180,0.6369426751592357
607,100,667,45,1.1404948083653994
607,100,630,315,0.9820927516479828
607,100,616,296.565051177078,1.5315534092464314
607,100,682,108.43494882292202,2.211382979138727
607,100,638,0,0.7751937984496124
607,100,660,270,0.7575757575757576
607,100,638,225,1.0029883421085781
607,100,660,315,0.9620500424306769
607,100,609,90,0.6993006993006993
607,100,638,270,0.7194244604316548
607,100,638,270,0.7246376811594203
607,100,660,108.43494882292202,2.0804458290581445
607,100,667,180,0.6711409395973155
607,100,644,180,0.6993006993006993
607,100,644,270,1.5151515151515151
607,100,672,26.565051177077976,1.5636839003495033
607,100,644,270,0.6802721088435374
607,100,621,45,1.024792436502243
607,100,621,135,0.9243225897863367
607,100,621,0,0.78125
607,100,621,270,0.6993006993006993
607,100,672,270,1.3333333333333335
607,100,672,45,1.0795523376893856
607,100,672,180,0.6896551724137931
607,100,696,116.56505117707798,1.6563466499998445
607,100,672,225,0.9753196981883415
607,100,672,45,0.9304036594559837
607,100,672,270,0.6944444444444444
607,100,667,90,0.7462686567164178
607,100,644,243.43494882292202,1.6086819982012877
607,100,644,90,0.6711409395973155
607,100,644,270,0.7407407407407408
607,100,704,90,1.4492753623188406
607,100,660,0,0.7042253521126761
607,100,588,0,0.7462686567164178
607,100,560,270,1.3513513513513513
607,100,560,236.3099324740202,2.5939217809093447
607,100,560,56.30993247402023,2.3565694610875747
607,100,532,213.69006752597977,2.7735009811261455
607,100,560,63.434948822922024,1.552824984374854
607,100,532,180,0.6944444444444444
607,100,468,243.43494882292202,3.1717276276592763
607,100,486,51.34019174590992,4.4777092569460475
607,100,486,251.56505117707798,2.1659436028550543
607,100,432,45,1.0713739108887086
607,100,405,243.43494882292202,1.510856741553912
607,100,459,45,1.0101525445522108
607,100,522,45,0.9820927516479828
607,100,540,251.56505117707798,2.1081851067789197
607,100,510,180,1.4925373134328357
607,100,527,71.56505117707798,2.3082318687360432
607,100,510,180,0.6666666666666667
607,100,510,180,0.7299270072992701
607,100,510,135,1.0101525445522108
607,100,510,333.434948822922,1.5315534092464314
607,100,480,90,0.7352941176470588
607,100,435,180,0.7352941176470588
607,100,435,288.434948822922,2.2587697572631282
607,100,406,0,0.7042253521126761
607,100,420,0,0.7246376811594203
607,100,406,180,0.684931506849315
607,100,392,270,0.7194244604316548
607,100,551,90,1.3605442176870748
607,100,464,270,0.7407407407407408
607,100,435,180,0.684931506849315
607,100,435,45,0.9491366190423458
607,100,480,0,0.7042253521126761
607,100,480,0,0.7299270072992701
607,100,510,180,0.6993006993006993
607,100,558,45,1.0029883421085781
607,100,540,270,0.7246376811594203
607,100,589,90,0.684931506849315
607,100,589,198.43494882292202,2.211382979138727
607,100,589,135,0.9753196981883415
607,100,589,180,0.7352941176470588
607,100,570,270,0.6944444444444444
607,100,600,18.434948822922024,2.053427052057389
607,100,600,45,1.1313708498984762
607,100,580,0,0.7142857142857143
607,100,580,225,1.0174198290453922
607,100,638,180,1.3986013986013985
607,100,638,45,0.9889605331280386
607,100,667,180,0.7142857142857143
607,100,700,180,0.7142857142857143
607,100,644,0,1.3888888888888888
607,100,638,45,0.9889605331280386
607,100,638,198.43494882292202,2.2587697572631282
607,100,609,180,1.4084507042253522
607,100,609,0,0.6993006993006993
607,100,609,26.565051177077976,1.5636839003495033
607,100,580,206.56505117707798,1.6086819982012877
607,100,522,315,0.9889605331280386
607,100,493,180,0.7246376811594203
607,100,493,26.565051177077976,1.510856741553912
607,100,493,180,0.7194244604316548
607,100,450,315,1.0553832555023097
607,100,450,0,0.7092198581560284
607,100,435,90,0.7042253521126761
607,100,435,180,0.6711409395973155
607,100,435,270,0.6896551724137931
607,100,464,270,0.7518796992481203
607,100,464,153.43494882292202,1.552824984374854
607,100,480,315,0.9959250439247148
607,100,435,180,0.6711409395973155
607,100,435,45,0.9686394262829419
607,100,450,270,0.7092198581560284
607,100,450,45,1.032272673265033
607,100,450,270,0.6802721088435374
607,100,420,243.43494882292202,1.6441676305145512
607,100,420,45,0.9889605331280386
607,100,544,225,1.0713739108887086
607,100,544,90,0.7194244604316548
607,100,561,135,0.9183204950474644
607,100,480,0,0.7518796992481203
607,100,464,90,0.7246376811594203
607,100,464,180,0.6756756756756757
607,100,480,270,0.7299270072992701
607,100,464,45,0.9243225897863367
607,100,544,225,1.0174198290453922
607,100,629,270,1.4925373134328357
607,100,578,90,0.7407407407407408
607,100,561,90,0.7751937984496124
607,100,480,0,1.342281879194631
607,100,450,0,0.7299270072992701
607,100,434,0,0.7246376811594203
607,100,495,225,1.024792436502243
607,100,480,180,0.6711409395973155
607,100,528,90,0.7194244604316548
607,100,612,270,0.6535947712418301
607,100,589,90,1.4814814814814816
607,100,570,270,0.6993006993006993
607,100,527,206.56505117707798,1.6687074458953657
607,100,512,45,0.9304036594559837
607,100,512,180,0.7299270072992701
607,100,512,0,0.6134969325153374
607,100,512,180,0.7936507936507936
607,100,496,0,0.6993006993006993
607,100,465,135,1.0101525445522108
607,100,465,0,0.6578947368421052
607,100,480,270,0.6578947368421052
607,100,480,180,0.7299270072992701
607,100,495,90,0.625
607,100,480,296.565051177078,1.7469281074217107
607,100,434,90,0.6944444444444444
607,100,403,180,0.6944444444444444
607,100,403,45,0.9820927516479828
607,100,416,270,0.7142857142857143
607,100,448,270,1.36986301369863
607,100,434,90,0.6802721088435374
607,100,434,90,0.6944444444444444
607,100,434,296.565051177078,1.5315534092464314
607,100,403,116.56505117707798,1.6321664069341533
607,100,416,0,0.7194244604316548
607,100,448,270,0.6993006993006993
607,100,462,90,0.6666666666666667
607,100,416,225,0.9959250439247148
607,100,416,0,0.6622516556291391
607,100,462,270,0.7194244604316548
607,100,495,135,1.0174198290453922
607,100,480,270,0.6993006993006993
607,100,465,90,0.6802721088435374
607,100,465,90,0.6993006993006993
607,100,465,0,0.6993006993006993
607,100,465,180,0.6666666666666667
607,100,480,315,1.0475656017578483
607,100,448,180,0.6993006993006993
607,100,465,90,0.7246376811594203
607,100,496,0,0.6711409395973155
607,100,660,45,0.9686394262829419
607,100,651,225,1.0553832555023097
607,100,693,90,0.6535947712418301
607,100,600,333.434948822922,1.7069221202288474
607,100,589,90,0.6802721088435374
607,100,576,206.56505117707798,1.5636839003495033
607,100,527,180,0.7462686567164178
607,100,528,0,0.7042253521126761
607,100,528,0,0.684931506849315
607,100,561,180,0.6756756756756757
607,100,660,0,0.7092198581560284
607,100,640,180,0.7246376811594203
607,100,640,0,0.7142857142857143
607,100,576,180,0.6756756756756757
607,100,544,180,0.6756756756756757
607,100,561,270,0.6944444444444444
607,100,561,270,0.7194244604316548
607,100,544,90,0.684931506849315
607,100,544,90,0.7246376811594203
607,100,544,90,0.684931506849315
607,100,576,315,1.024792436502243
607,100,558,180,0.6622516556291391
607,100,558,0,0.7518796992481203
607,100,558,315,0.936565273094765
607,100,544,315,1.032272673265033
607,100,512,45,1.0713739108887086
607,100,510,270,0.6711409395973155
607,100,490,315,1.0475656017578483
607,100,504,0,0.6578947368421052
607,100,504,270,0.7575757575757576
607,100,504,180,0.7142857142857143
607,100,504,180,0.6993006993006993
607,100,504,135,0.9428090415820635
607,100,540,90,1.4925373134328357
607,100,490,180,1.5037593984962405
607,100,525,90,0.7194244604316548
607,100,525,90,0.6622516556291391
607,100,510,270,0.7299270072992701
607,100,510,90,0.6666666666666667
607,100,476,270,0.7194244604316548
607,100,495,180,0.7092198581560284
607,100,512,90,0.7299270072992701
607,100,512,0,0.7194244604316548
607,100,512,225,0.9304036594559837
607,100,448,0,0.7042253521126761
607,100,448,180,0.6896551724137931
607,100,480,180,0.6535947712418301
607,100,480,0,0.7142857142857143
607,100,544,153.43494882292202,1.5971914124998499
607,100,512,333.434948822922,1.5746957588026689
607,100,496,0,0.6802721088435374
607,100,434,0,0.6666666666666667
607,100,403,180,0.7352941176470588
607,100,384,243.43494882292202,1.5971914124998499
607,100,396,45,1.0101525445522108
607,100,462,90,0.7194244604316548
607,100,480,180,0.6993006993006993
607,100,462,0,0.7194244604316548
607,100,462,180,0.7874015748031495
607,100,462,0,0.7194244604316548
607,100,429,225,0.9959250439247148
607,100,462,45,0.9686394262829419
607,100,429,90,0.7299270072992701
607,100,429,270,0.684931506849315
607,100,384,270,0.6756756756756757
607,100,396,90,0.7352941176470588
607,100,384,270,0.7299270072992701
607,100,416,180,1.2987012987012987
607,100,416,90,0.6756756756756757
607,100,416,180,0.7299270072992701
607,100,462,0,0.6666666666666667
607,100,416,315,1.0633184679496956
607,100,429,225,0.9889605331280386
607,100,429,0,1.4598540145985401
607,100,429,90,2.7586206896551726
607,100,429,0,0.6369426751592357
607,100,462,213.69006752597977,2.9077026415032172
607,100,429,26.565051177077976,1.552824984374854
607,100,416,90,0.7092198581560284
607,100,403,225,1.024792436502243
607,100,403,90,0.7142857142857143
607,100,372,180,0.6711409395973155
607,100,360,0,0.7194244604316548
607,100,390,225,0.9620500424306769
607,100,377,0,1.5037593984962405
607,100,360,180,0.6896551724137931
607,100,348,45,1.032272673265033
607,100,348,0,0.6802721088435374
607,100,360,270,0.7194244604316548
607,100,360,225,2.0203050891044216
607,100,330,270,0.7142857142857143
607,100,341,90,0.6756756756756757
607,100,341,45,1.024792436502243
607,100,341,270,0.6944444444444444
607,100,372,90,0.7246376811594203
607,100,403,180,0.7042253521126761
607,100,372,45,1.9110994086122908
607,100,372,180,0.7092198581560284
607,100,372,180,0.6622516556291391
607,100,372,90,0.7352941176470588
607,100,372,180,0.7194244604316548
607,100,360,315,1.950639396376683
607,100,330,153.43494882292202,1.6086819982012877
607,100,341,71.56505117707798,2.2269560987101262
607,100,330,270,2.8169014084507045
607,100,330,0,0.7142857142857143
607,100,360,0,0.7692307692307693
607,100,360,225,1.0029883421085781
607,100,360,90,0.684931506849315
607,100,360,0,0.6944444444444444
607,100,348,233.13010235415598,3.4246575342465753
607,100,348,75.96375653207355,2.9035955109983522
607,100,336,315,1.0398629135096287
607,100,336,90,0.6493506493506493
607,100,336,180,0.7352941176470588
607,100,338,270,0.6666666666666667
607,100,312,0,0.7462686567164178
607,100,324,45,0.9889605331280386
607,100,324,270,0.7299270072992701
607,100,324,90,0.6756756756756757
607,100,324,225,1.0029883421085781
607,100,336,296.565051177078,1.5421158465515792
607,100,377,90,0.7246376811594203
607,100,377,45,0.9686394262829419
607,100,377,225,0.9753196981883415
607,100,377,0,0.7407407407407408
607,100,348,90,0.6944444444444444
607,100,348,225,0.8468344684868833
607,100,348,236.3099324740202,3.0816677568068283
607,100,348,180,0.6944444444444444
607,100,348,90,1.2658227848101267
607,100,377,116.56505117707798,1.6563466499998445
607,100,377,180,0.7092198581560284
607,100,351,135,1.0029883421085781
607,100,338,270,0.7042253521126761
607,100,336,90,0.6993006993006993
607,100,322,63.434948822922024,1.5421158465515792
607,100,299,90,0.78125
607,100,312,0,0.6578947368421052
607,100,299,270,1.3986013986013985
607,100,325,0,0.7462686567164178
607,100,325,296.565051177078,1.5007167634226777
607,100,325,315,0.9753196981883415
607,100,288,270,0.7299270072992701
607,100,288,0,1.3245033112582782
607,100,288,270,0.7407407407407408
607,100,288,195.94539590092288,5.020765440883116
607,20,99,153.43494882292202,4.69105170104851
607,20,88,168.69006752597977,3.3326924925443038
607,20,63,161.56505117707798,4.6164637374720865
607,20,72,149.0362434679265,4.021346134376069
607,20,72,143.13010235415595,3.7593984962406015
607,20,63,171.86989764584405,4.979625219623574
607,20,48,161.56505117707798,2.2269560987101262
607,20,40,171.86989764584405,5.316592339748478
607,20,28,149.0362434679265,4.106304151299508
607,100,220,206.56505117707798,1.5211346785712856
607,100,220,26.565051177077976,1.6321664069341533
607,100,220,45,0.9753196981883415
607,100,264,90,4.081632653061225
607,100,630,180,2.3622047244094486
607,100,525,81.86989764584405,4.8102502121533846
607,100,525,0,0.6711409395973155
607,100,372,45,1.977921066256077
607,100,280,90,3.7593984962406015
607,100,250,270,0.7518796992481203
607,100,240,341.565051177078,2.1223340001130064
607,100,240,225,2.925959094565024
607,100,240,315,0.9620500424306769
607,100,240,135,1.0475656017578483
607,100,216,90,0.6329113924050633
607,100,192,0,0.6896551724137931
607,100,168,225,0.9820927516479828
607,100,120,153.43494882292202,1.552824984374854
607,100,92,90,0.7142857142857143
607,100,76,135,1.0174198290453922
607,100,51,90,0.7092198581560284
607,100,480,270,6.666666666666667
607,100,468,270,2.7777777777777777
607,100,374,45,0.9686394262829419
607,100,330,284.03624346792645,6.019132300171767
607,100,320,300.9637565320735,3.7863323992501954
607,100,310,323.13010235415595,3.6764705882352944
607,100,300,270,9.022556390977442
607,100,330,303.69006752597977,10.085458113185984
607,20,380,149.74356283647074,9.580995854792969
607,20,306,167.47119229084842,6.585388898066348
607,20,324,180,9.420289855072465
607,20,324,149.0362434679265,3.9938026677022607
607,20,650,187.1250163489018,5.884859670290911
607,20,456,198.43494882292202,4.3617622898874195
607,20,90,146.30993247402023,5.462956477975741
607,20,90,143.13010235415595,3.546099290780142
607,20,90,129.8055710922652,5.313095017623574
607,20,135,158.19859051364824,3.7658495154786737
607,20,182,153.43494882292202,6.434727992805151
607,20,99,122.00538320808352,6.83621821163522
607,20,80,153.43494882292202,2.9421947072365655
607,20,108,150.2551187030578,5.928130697278345
607,20,420,209.05460409907712,7.799719803778031
607,20,368,191.3099324740202,7.336718724593934
607,20,315,195.94539590092288,4.550068680800324
607,20,368,191.3099324740202,7.78476261617219
607,20,324,202.61986494804043,9.15492957746479
607,20,306,185.71059313749964,7.077377197972458
607,20,272,194.03624346792648,6.200158835515279
607,20,640,225,8.777877283695073
607,20,627,203.19859051364818,5.043558348254244
607,20,486,180,2.307692307692308
607,100,851,151.3895403340348,8.70136394870949
607,100,962,150.9453959009229,7.515058497070804
607,100,1025,173.65980825409008,6.4222589632180265
607,100,1440,180,2.7027027027027026
607,100,1295,148.39249775375112,11.391296658562498
607,100,1155,173.65980825409008,6.077439690025113
607,100,1155,173.65980825409008,6.757750103087624
607,100,1184,158.19859051364824,3.6142045685466466
607,100,1240,165.9637565320735,5.7665812945701544
607,100,1160,161.56505117707798,6.92469560620813
607,100,1080,135,3.8482001697227077
607,20,1140,187.1250163489018,5.484529080475204
607,20,1260,192.52880770915152,7.0919572748406825
607,20,1520,161.56505117707798,8.489336000452026
607,20,54,277.1250163489018,5.972042776517443
607,20,54,293.1985905136482,5.32571545864609
607,100,513,137.72631099390628,10.77251358501341
607,20,468,176.82016988013584,6.461561425562705
607,20,468,147.99461679191648,6.461630912367536
607,20,468,153.43494882292202,2.98142396999972
607,20,494,156.03751102542185,7.085509209925254
607,20,450,159.44395478041656,6.191307061824297
607,20,450,153.43494882292202,6.625386599999378
607,20,756,141.34019174590992,4.639945099589021
607,20,756,150.2551187030578,5.972042776517443
607,20,728,156.80140948635176,4.759858191164943
607,20,728,270,2.2556390977443606
607,20,702,288.434948822922,2.2915055508466518
607,20,702,270,0.7462686567164178
607,20,702,180,0.6329113924050633
607,100,920,281.30993247402023,3.5165651817881276
607,20,132,218.65980825409008,4.297398817069026
607,20,759,74.05460409907715,4.4390913959027545
607,20,713,36.86989764584405,4.201680672268908
607,20,682,78.69006752597977,3.5409857733283228
607,20,704,75.96375653207355,2.9450754468697578
607,20,713,80.53767779197437,4.1950086415849785
607,20,748,59.03624346792651,4.021346134376069
607,20,726,51.34019174590992,4.385701532488253
607,20,759,90,1.4814814814814816
607,20,726,45,2.0203050891044216
607,20,726,81.86989764584405,4.714045207910317
607,20,735,78.69006752597977,3.80523844297969
607,100,360,11.30993247402023,6.890566910260519
607,100,455,45,6.239177481057772
607,100,735,186.3401917459099,6.561873288505375
607,100,726,173.65980825409008,6.1185034717144715
607,100,792,180,3.731343283582089
607,100,660,180,1.3071895424836601
607,100,665,208.6104596659652,8.762212647651516
607,100,578,208.30075576600638,10.699147145096667
607,100,544,172.8749836510982,5.447471451553073
607,100,2336,26.565051177077976,8.80341723425114
607,100,1904,351.25383773744477,8.710560554944308
607,100,1742,26.565051177077976,6.343455255318553
607,20,195,350.5376777919744,4.376088151293683
