602,20,1053,333.434948822922,1.5007167634226777
602,20,1053,351.86989764584405,4.843197131414709
602,20,1053,350.5376777919744,4.376088151293683
602,20,1170,281.30993247402023,3.5908588123892846
602,20,1287,343.3007557660064,7.006917120074195
602,20,1440,336.8014094863518,5.996671736900716
602,20,1443,348.69006752597977,3.3326924925443038
602,20,672,321.3401917459099,3.9525458255758323
602,20,696,326.30993247402023,5.862685000754453
602,20,720,321.3401917459099,4.297398817069026
602,20,805,321.3401917459099,4.157872881449902
602,100,100,180,0.8928571428571428
602,100,90,180,0.6172839506172839
602,100,144,251.56505117707798,2.1659436028550543
602,100,112,90,0.6944444444444444
602,100,98,180,0.8
602,100,70,90,1.3888888888888888
602,100,60,0,0.7575757575757576
602,100,50,180,0.7042253521126761
602,100,45,90,0.6451612903225806
602,100,72,0,1.5873015873015872
602,100,60,225,0.9959250439247148
602,100,54,90,0.6993006993006993
602,100,64,0,0.7246376811594203
602,100,63,180,0.6993006993006993
602,100,54,270,0.7042253521126761
602,100,105,258.69006752597977,3.6421567954234173
602,100,114,45,1.032272673265033
602,100,45,101.30993247402023,3.4221607473777076
602,100,40,180,0.7194244604316548
602,100,40,0,0.7142857142857143
602,100,40,270,0.7194244604316548
602,100,45,90,0.6944444444444444
602,100,36,180,0.6622516556291391
602,100,81,0,1.4925373134328357
602,100,54,180,0.7142857142857143
602,100,45,180,0.6993006993006993
602,100,36,0,0.7299270072992701
602,100,36,0,0.7042253521126761
602,20,616,336.8014094863518,6.044264369733261
602,20,598,351.86989764584405,4.979625219623574
602,20,576,345.96375653207355,2.8832906472850772
602,20,480,0,4.285714285714286
602,20,513,0,5.147058823529411
602,20,500,351.25383773744477,9.008867423264318
602,20,520,348.69006752597977,3.6949416765165104
602,20,630,344.05460409907715,4.9524557069935495
602,20,756,352.8749836510982,6.154395227708816
602,20,798,350.5376777919744,4.253680091117635
602,20,882,348.69006752597977,7.181717624778569
602,20,882,350.5376777919744,8.689660757568884
602,20,924,351.86989764584405,5.161363366325165
602,20,399,351.86989764584405,4.9104637582399135
602,20,378,309.8055710922652,5.916855815080798
602,20,357,345.96375653207355,2.9035955109983522
602,20,340,321.3401917459099,4.541222863427552
602,100,1188,333.434948822922,4.502150290268033
602,100,1232,336.8014094863518,5.47897345745605
602,100,1276,345.96375653207355,2.9450754468697578
602,100,1696,327.9946167919165,6.506193884176968
602,100,1728,329.03624346792645,4.164965639175215
602,100,1100,121.60750224624894,10.04232731741694
602,100,901,160.01689347809997,8.072206834979053
602,100,884,128.65980825409008,5.041830108214842
602,20,399,341.565051177078,4.5175395145262565
602,20,380,341.565051177078,6.728250340783785
602,20,399,340.01689347810003,7.962380891646004
602,20,380,336.0375110254218,7.034898429854359
602,20,550,338.1985905136482,7.97802193649556
602,20,713,345.96375653207355,5.534369967272028
602,20,99,348.69006752597977,3.4452834551302596
602,20,140,345.96375653207355,5.8901508937395155
602,20,408,341.565051177078,6.92469560620813
602,20,414,341.565051177078,2.2269560987101262
602,20,418,336.8014094863518,5.010377043331519
602,20,432,324.4623222080256,6.372092790401945
602,20,475,333.434948822922,4.861017342390848
602,20,30,45,0.9889605331280386
602,20,24,225,1.0174198290453922
602,20,20,180,0.7194244604316548
602,20,90,339.44395478041656,6.522140263601169
602,20,90,333.434948822922,4.724087276408007
602,20,90,329.03624346792645,8.155177475308113
602,20,80,324.4623222080256,6.10093990570399
602,20,192,351.86989764584405,5.161363366325165
602,20,432,341.565051177078,4.302418585263101
602,20,432,345.96375653207355,3.0541523152723413
602,20,396,348.69006752597977,3.668359362296967
602,20,360,351.25383773744477,8.768630958643937
602,20,360,341.565051177078,4.7913297881339085
602,20,342,333.434948822922,4.563404035713857
602,20,380,0,2.8368794326241136
602,20,418,344.05460409907715,5.126837950197547
602,20,520,348.69006752597977,6.984958237798335
602,20,651,348.69006752597977,3.6949416765165104
602,20,640,343.3007557660064,7.791273514112351
602,20,680,351.86989764584405,4.8102502121533846
602,20,714,0,1.3793103448275863
602,20,660,344.05460409907715,5.557335793343906
602,100,564,59.03624346792651,3.7863323992501954
602,100,450,0,1.4388489208633095
602,100,1680,51.34019174590992,4.606564199591977
602,100,1364,333.434948822922,3.3625082368417893
602,100,1189,326.30993247402023,2.3565694610875747
602,100,1120,323.13010235415595,3.731343283582089
602,100,999,149.0362434679265,3.71398209862758
602,100,891,45,1.0713739108887086
602,100,812,333.434948822922,1.774657124999833
602,20,858,270,0.6756756756756757
602,20,660,0,1.342281879194631
602,20,630,45,1.024792436502243
602,20,682,270,0.7092198581560284
602,20,1408,251.56505117707798,2.1808811449437098
602,20,1050,75.96375653207355,3.0769444967295976
602,20,1701,276.3401917459099,6.561873288505375
602,20,1598,90,5.161290322580645
602,20,988,0,6.0606060606060606
602,100,912,116.56505117707798,4.69105170104851
602,20,578,97.1250163489018,5.598790102985104
602,20,437,80.53767779197437,4.344830378784442
602,20,209,90,0.7462686567164178
602,100,888,45,1.0398629135096287
602,100,816,69.44395478041656,5.892416376081055
602,100,744,45,3.166149766506929
602,100,837,243.43494882292202,3.1273678006990067
602,100,1122,23.198590513648185,2.6722010897768103
602,100,1247,90,3.4722222222222223
602,100,1225,288.434948822922,2.2915055508466518
602,20,143,45,1.0398629135096287
602,100,792,0,1.4388489208633095
602,100,792,341.565051177078,2.1512092926315507
602,100,713,45,0.9959250439247148
602,100,792,40.60129464500449,6.402461428675616
602,20,88,225,2.280989616730799
602,20,176,156.80140948635176,4.850810895454718
602,20,84,213.69006752597977,2.861548631320626
602,20,77,188.13010235415598,4.876598490941707
602,20,90,303.69006752597977,2.403700850309326
602,20,180,158.19859051364824,8.221625659747334
602,20,110,206.56505117707798,3.0014335268453554
602,20,110,146.30993247402023,4.973174173053778
602,20,56,171.86989764584405,5.123962182511215
602,20,40,167.47119229084842,6.314756477597867
602,20,66,174.80557109226515,8.003884795063234
602,20,1180,333.434948822922,2.9616794403970728
602,20,1159,333.434948822922,3.3374148917907314
602,20,1302,0,2.0689655172413794
602,100,1598,341.565051177078,1.498709791548995
602,100,684,81.86989764584405,9.491366190423458
602,100,525,90,0.6993006993006993
602,100,504,333.434948822922,3.312693299999689
602,100,518,333.434948822922,1.4808397201985364
602,100,585,345.96375653207355,3.0769444967295976
602,100,704,270,0.6896551724137931
602,100,864,341.565051177078,2.1512092926315507
602,100,756,350.5376777919744,4.253680091117635
602,100,756,338.1985905136482,3.9022933385032634
602,100,779,0,1.3986013986013985
602,100,840,338.1985905136482,3.959680005245959
602,100,1740,281.30993247402023,3.4687207575461123
602,20,460,0,2.097902097902098
602,20,400,315,2.0951312035156966
602,20,648,135,0.936565273094765
602,20,1012,198.43494882292202,2.3599087016181937
602,20,840,345.96375653207355,2.8435211211156277
602,20,816,341.565051177078,2.1512092926315507
602,20,816,333.434948822922,1.5636839003495033
602,20,850,315,1.024792436502243
602,20,816,333.434948822922,3.1273678006990067
602,20,816,329.03624346792645,4.287464628562721
602,20,875,329.03624346792645,3.966633942071633
602,20,875,338.1985905136482,3.7396977827322946
602,20,972,345.96375653207355,6.200158835515279
602,20,156,349.38034472384487,2.855933437912229
602,20,132,326.30993247402023,5.421881617239081
602,20,208,18.434948822922024,2.1512092926315507
602,20,285,0,2.097902097902098
602,20,300,345.96375653207355,2.8048337589235786
602,20,294,333.434948822922,2.9421947072365655
602,20,360,345.96375653207355,3.246539862691071
602,20,416,348.69006752597977,3.1091582399956
602,20,522,341.565051177078,2.489982409581401
602,20,570,0,1.9230769230769231
602,20,640,341.565051177078,2.3776523760664507
602,20,608,350.5376777919744,4.376088151293683
602,20,576,348.69006752597977,3.4924791188991673
602,20,576,0,3.4246575342465753
602,20,558,350.5376777919744,4.439972649852715
602,20,540,348.69006752597977,3.4924791188991673
602,20,540,351.86989764584405,4.843197131414709
602,20,510,14.036243467926454,2.8832906472850772
602,100,1088,329.03624346792645,3.5554584724666465
602,20,1435,333.434948822922,3.223161048648346
602,20,340,343.3007557660064,7.352328527401797
602,20,340,345.96375653207355,2.8435211211156277
602,20,323,333.434948822922,1.6086819982012877
602,20,342,333.434948822922,1.49071198499986
602,20,324,333.434948822922,3.0631068184928627
602,20,342,348.69006752597977,3.7492790541123413
602,20,340,270,1.4814814814814816
602,20,340,345.96375653207355,2.7305335268991127
602,20,340,341.565051177078,2.3956648940669543
602,20,396,333.434948822922,1.5211346785712856
602,20,396,0,2.158273381294964
602,20,418,333.434948822922,3.1493915176053378
602,20,418,351.86989764584405,5.0870991452269605
602,20,418,345.96375653207355,2.8832906472850772
602,20,418,345.96375653207355,2.92418838696288
602,20,437,0,2.097902097902098
602,20,506,333.434948822922,1.552824984374854
602,20,644,348.69006752597977,3.6163258961650957
602,20,725,333.434948822922,1.5421158465515792
602,20,600,348.69006752597977,3.3993463423951895
602,20,754,341.565051177078,2.4325212770525995
602,20,728,348.69006752597977,3.376834114962109
602,20,644,14.036243467926454,2.86326779556782
602,20,667,341.565051177078,2.3424278964210217
602,20,550,0,3.4722222222222223
602,20,528,348.69006752597977,3.4687207575461123
602,100,819,315,3.0743773095067284
602,100,756,304.99202019855863,8.84533015632877
602,100,782,0,3.4013605442176873
602,20,528,350.5376777919744,4.22414064604043
602,20,484,345.96375653207355,3.1000794177576396
602,20,506,350.5376777919744,4.2836355847170555
602,20,528,350.5376777919744,4.1950086415849785
602,20,550,345.96375653207355,2.9662630400127057
602,20,528,351.86989764584405,4.714045207910317
602,20,594,348.69006752597977,3.4924791188991673
602,20,575,9.462322208025626,4.472619507572221
602,20,621,0,3.7037037037037033
602,20,504,320.1944289077348,5.6188846589256505
602,20,552,333.434948822922,6.2987830352106755
602,20,1716,63.434948822922024,11.101046696807467
602,100,1225,322.30575953331083,2.8197644572936804
602,100,1250,338.1985905136482,3.8742192857082762
602,100,1456,320.1944289077348,5.539184167309684
602,100,1305,309.8055710922652,5.6188846589256505
602,100,1247,310.6012946450045,6.538684012264459
602,100,780,333.434948822922,6.043426966215648
602,100,598,281.30993247402023,3.8338492583404395
602,100,600,329.03624346792645,4.049272149198126
602,100,600,320.1944289077348,5.539184167309684
602,20,165,345.96375653207355,3.0769444967295976
602,20,204,336.8014094863518,5.47897345745605
602,100,247,326.30993247402023,2.372073207542098
602,100,315,338.1985905136482,3.7658495154786737
602,100,352,333.434948822922,3.1943828249996997
602,20,374,338.1985905136482,3.8742192857082762
602,20,552,341.565051177078,2.2427501135945955
602,20,437,333.434948822922,4.563404035713857
602,20,475,348.69006752597977,3.4452834551302596
602,20,475,338.1985905136482,4.048996095589852
602,20,600,323.13010235415595,3.4722222222222223
602,20,576,326.30993247402023,2.5571285641588575
602,20,648,338.1985905136482,4.018779706816794
602,20,600,348.69006752597977,3.5165651817881276
602,20,550,333.434948822922,1.5007167634226777
602,20,500,341.565051177078,4.485500227189191
602,20,702,315,1.4782720164178693
602,20,598,333.434948822922,3.1493915176053378
602,20,783,124.69515353123398,1.2304582335285523
602,20,961,153.43494882292202,1.6086819982012877
602,20,1056,180,0.7575757575757576
602,20,1365,146.30993247402023,0.8269613017119241
602,20,1225,180,0.6944444444444444
602,100,1720,321.3401917459099,9.213128399183955
602,100,1287,333.434948822922,4.79157423749955
602,100,1110,326.30993247402023,2.5753937681885635
602,100,1116,333.434948822922,4.594660227739293
602,100,1073,0,2.083333333333333
602,100,1110,329.03624346792645,4.2561692663104385
602,100,1184,341.565051177078,2.1808811449437098
602,100,950,206.56505117707798,2.9229646764703134
602,100,638,188.13010235415598,5.237828008789241
602,100,580,225,3.119588740528886
602,100,897,0,2.7210884353741496
602,100,990,90,0.7936507936507936
602,100,132,251.56505117707798,2.2587697572631282
602,100,216,153.43494882292202,3.312693299999689
602,20,1564,120.96375653207349,4.3514566379442545
602,20,672,261.869897645844,5.0870991452269605
602,20,588,29.054604099077153,7.570316280137501
602,20,960,191.3099324740202,10.848977688495287
602,20,833,185.71059313749964,7.335675635854664
602,20,900,165.9637565320735,2.9450754468697578
602,20,1060,191.3099324740202,3.2896900087695387
602,20,1092,165.9637565320735,2.8832906472850772
602,20,1121,135,1.0398629135096287
602,20,42,141.34019174590992,4.67381331199478
602,20,25,180,0.7042253521126761
602,20,342,203.96248897457818,7.085509209925254
602,20,242,333.434948822922,2.830465794303531
602,20,360,18.434948822922024,2.413952412342274
602,20,312,7.125016348901795,5.560177757447275
602,20,322,306.86989764584405,3.2679738562091507
602,20,264,53.13010235415595,3.7037037037037033
602,100,299,0,4.411764705882353
602,100,253,333.434948822922,3.1273678006990067
602,100,276,26.565051177077976,1.5211346785712856
602,100,442,90,3.1746031746031744
602,100,440,158.19859051364824,3.43004127842962
602,100,420,180,1.5037593984962405
602,100,506,153.43494882292202,1.4710973536182828
602,100,420,225,0.9820927516479828
602,100,480,187.1250163489018,6.2986388658582415
602,100,468,206.56505117707798,2.98142396999972
602,100,464,194.03624346792648,2.86326779556782
602,100,406,180,2.2058823529411766
602,20,324,198.43494882292202,2.1808811449437098
602,20,319,135,1.9641855032959656
602,20,286,180,1.5151515151515151
602,20,260,246.80140948635182,5.077182070575939
602,20,576,284.03624346792645,2.9035955109983522
602,20,234,26.565051177077976,3.1493915176053378
602,100,230,0,0.6578947368421052
602,100,950,270,0.6896551724137931
602,100,1265,341.565051177078,2.2269560987101262
602,100,1265,0,2.3255813953488373
602,100,1224,345.96375653207355,2.8240449490531923
602,100,1296,0,3.8461538461538463
602,100,1300,0,2.5806451612903225
602,100,1152,0,2.158273381294964
602,100,1150,0,1.3793103448275863
602,100,1100,0,1.3157894736842104
602,100,1066,333.434948822922,1.788854381999832
602,100,1066,0,0.7142857142857143
602,100,1014,45,1.885618083164127
602,100,840,348.69006752597977,3.80523844297969
602,100,816,26.565051177077976,1.6563466499998445
602,100,1122,270,1.342281879194631
602,100,1054,341.565051177078,2.211382979138727
602,100,783,45,2.987775131774144
602,100,728,303.69006752597977,2.4198330707812006
602,100,729,63.434948822922024,1.7469281074217107
602,100,725,296.565051177078,1.5746957588026689
602,100,609,45,0.9304036594559837
602,100,504,0,1.2903225806451613
602,100,390,270,3.1746031746031744
602,100,350,63.434948822922024,3.021713483107824
602,100,286,270,2.9197080291970803
602,100,228,33.69006752597977,2.521364528296496
602,100,312,18.434948822922024,10.98013076447354
602,100,300,45,0.9428090415820635
602,100,350,0,2.142857142857143
602,100,275,0,0.6802721088435374
602,100,275,41.18592516570965,7.75923052024427
602,20,312,26.565051177077976,3.3625082368417893
602,20,400,231.3401917459099,9.082445726855104
602,20,375,270,0.7142857142857143
602,20,456,51.34019174590992,4.131047895117967
602,20,357,333.434948822922,1.6939908920452953
602,20,312,296.565051177078,9.448174552816013
602,20,391,116.56505117707798,4.826045994603863
602,20,252,38.65980825409008,4.21258173515319
602,20,238,39.80557109226521,5.872368177373424
602,20,220,354.28940686250036,7.230126346130136
602,20,418,279.4623222080256,4.166275705683712
602,20,742,309.28940686250036,9.938930352134193
602,100,275,51.34019174590992,4.240479627438972
602,100,260,45,1.0553832555023097
602,100,180,51.34019174590992,4.541222863427552
602,100,132,63.434948822922024,1.5746957588026689
602,100,120,0,0.7299270072992701
602,100,90,41.63353933657021,8.362218457494649
602,100,324,90,2.2388059701492535
602,100,280,246.80140948635182,5.216282949221855
602,100,640,270,4.195804195804196
602,100,222,153.43494882292202,8.043409991006438
602,100,300,14.036243467926454,2.7305335268991127
602,100,207,341.565051177078,2.196026152894708
602,100,184,14.036243467926454,2.8832906472850772
602,100,176,315,1.0713739108887086
602,20,494,180,0.684931506849315
602,20,1330,149.0362434679265,4.384174357026542
602,20,837,296.565051177078,3.0631068184928627
602,20,936,161.56505117707798,2.2269560987101262
602,20,880,0,1.4184397163120568
602,20,1122,0,2.097902097902098
602,20,1000,180,3.90625
602,20,54,153.43494882292202,1.5636839003495033
602,20,78,3.814074834290352,10.815321135520078
602,20,98,345.96375653207355,3.031695312954162
602,100,629,99.46232220802563,4.40779893499871
602,100,495,225,4.159451654038515
602,100,434,116.56505117707798,1.6563466499998445
602,100,480,198.43494882292202,2.094223616005549
602,100,136,14.036243467926454,2.7858821794713924
602,100,255,0,0.6666666666666667
602,20,24,165.9637565320735,3.2211762700137974
602,100,68,90,0.6896551724137931
602,100,80,12.528807709151522,6.146362971528592
602,100,1025,135,5.0870991452269605
602,100,900,153.43494882292202,1.5211346785712856
602,100,900,180,2.097902097902098
602,100,950,158.19859051364824,3.8742192857082762
602,100,950,198.43494882292202,2.1366740947083644
602,100,1218,243.43494882292202,1.5421158465515792
602,100,888,153.43494882292202,5.081972676135886
602,100,1053,225,1.9641855032959656
602,100,1333,153.43494882292202,5.96284793999944
602,100,1260,213.69006752597977,2.631789252163496
602,100,1386,146.30993247402023,2.521364528296496
602,100,192,42.70938995736145,11.953922981725764
602,100,276,90,1.3333333333333335
602,100,144,139.3987053549955,6.447233886218802
602,20,450,345.96375653207355,2.9662630400127057
602,20,360,243.43494882292202,1.5211346785712856
602,20,288,0,0.6993006993006993
602,20,306,26.565051177077976,1.6086819982012877
602,20,323,45,1.9110994086122908
602,20,266,0,2.7586206896551726
602,20,60,216.86989764584402,3.731343283582089
602,20,50,158.19859051364824,3.5663343093605984
602,20,44,168.69006752597977,3.6421567954234173
602,20,44,180,2.8368794326241136
602,100,480,270,1.3513513513513513
602,100,936,135,0.9889605331280386
602,100,1320,180,0.7194244604316548
602,100,1320,0,2.877697841726619
602,100,1360,0,2.142857142857143
602,100,1400,315,1.0101525445522108
602,100,1517,0,2.054794520547945
602,100,1558,0,1.3888888888888888
602,100,1638,341.565051177078,2.3082318687360432
602,100,1720,0,1.3793103448275863
602,100,1591,348.69006752597977,3.6949416765165104
602,100,1591,351.86989764584405,5.161363366325165
602,100,1584,333.434948822922,3.0631068184928627
602,100,1496,0,2.7586206896551726
602,100,1408,333.434948822922,1.6812541184208947
602,100,1350,0,2.7586206896551726
602,100,1276,345.96375653207355,2.8240449490531923
602,100,1232,348.69006752597977,3.6421567954234173
602,100,414,15.945395900922847,5.126837950197547
602,100,374,0,0.6578947368421052
602,100,368,323.13010235415595,3.7593984962406015
602,100,360,329.03624346792645,4.225327460032827
602,100,345,333.434948822922,4.563404035713857
602,100,330,18.434948822922024,2.3599087016181937
602,100,322,348.69006752597977,3.4687207575461123
602,100,352,350.5376777919744,4.376088151293683
602,100,357,341.565051177078,2.1081851067789197
602,100,368,341.565051177078,4.827904824684548
602,100,425,345.96375653207355,2.9662630400127057
602,100,598,348.69006752597977,3.4687207575461123
602,100,552,350.5376777919744,4.109974682633933
602,100,736,348.69006752597977,3.9527283051106856
602,100,528,339.44395478041656,5.852057359806528
602,100,484,333.434948822922,1.6203391141302825
602,100,690,0,3.870967741935484
602,100,552,350.5376777919744,4.6790481002294
602,100,912,351.86989764584405,4.8102502121533846
602,100,1080,0,1.4285714285714286
602,100,1250,0,3.4965034965034967
602,20,600,338.1985905136482,3.8192658206627685
602,20,624,341.565051177078,2.2587697572631282
602,20,1776,48.36646066342979,8.24766751972075
602,20,1540,333.434948822922,4.861017342390848
602,20,1681,345.96375653207355,5.8071910219967044
602,20,1677,333.434948822922,4.724087276408007
602,20,1558,327.9946167919165,6.936750832394561
602,20,1394,333.434948822922,4.532570224661736
602,20,1428,320.1944289077348,5.6188846589256505
602,20,1302,348.69006752597977,3.354618101047885
602,20,1496,326.30993247402023,5.263578504326992
602,20,1575,341.565051177078,2.211382979138727
602,20,625,338.1985905136482,4.07967030843523
602,20,810,326.30993247402023,2.436183294232425
602,20,864,338.1985905136482,3.8192658206627685
602,20,756,345.96375653207355,3.0095661500858837
602,20,986,348.69006752597977,3.5908588123892846
602,20,1178,341.565051177078,4.650408323777029
602,20,1248,326.30993247402023,2.5753937681885635
602,20,1428,341.565051177078,4.392052305789416
602,20,1512,345.96375653207355,2.7125694905379345
602,20,1521,344.05460409907715,5.515234764606453
602,20,1558,284.03624346792645,2.8832906472850772
602,20,1720,0,6.428571428571428
602,20,1640,15.255118703057747,8.637692614387408
602,20,1476,18.434948822922024,4.485500227189191
602,20,1209,15.945395900922847,5.275441948753999
602,20,696,333.434948822922,3.549314249999666
602,20,832,329.03624346792645,3.9133905334532217
602,20,154,341.565051177078,2.2427501135945955
602,20,154,333.434948822922,3.240678228260565
602,20,143,341.565051177078,2.1366740947083644
602,20,182,341.565051177078,4.4539121974202525
602,20,182,345.96375653207355,2.86326779556782
602,20,238,315,2.142747821777417
602,20,240,348.69006752597977,3.4924791188991673
602,20,288,329.03624346792645,3.9938026677022607
602,20,320,345.96375653207355,3.0769444967295976
602,20,380,333.434948822922,2.9421947072365655
602,20,432,321.3401917459099,4.81437912588936
602,20,450,345.96375653207355,2.6948402781814775
602,20,450,341.565051177078,2.196026152894708
602,20,520,347.4711922908485,6.931988313754051
602,20,546,350.5376777919744,4.2836355847170555
602,20,621,350.5376777919744,4.001817454143565
602,20,648,344.05460409907715,5.473766834045502
602,20,988,354.28940686250036,7.282518566029631
602,20,972,348.69006752597977,3.4687207575461123
602,20,621,327.9946167919165,6.417674239494288
602,20,812,327.9946167919165,4.4499911000267
602,20,870,338.1985905136482,3.7139067635410368
602,20,143,341.565051177078,2.2427501135945955
602,20,154,350.5376777919744,4.1950086415849785
602,20,168,326.30993247402023,2.539120616523936
602,20,156,345.96375653207355,3.0095661500858837
602,20,182,341.565051177078,2.1659436028550543
602,20,168,329.03624346792645,3.9938026677022607
602,20,252,344.05460409907715,5.23748912897879
602,20,288,341.565051177078,2.2915055508466518
602,20,240,351.86989764584405,4.714045207910317
602,20,330,338.1985905136482,3.98901096824778
602,20,350,338.1985905136482,3.84654629081036
602,20,351,351.86989764584405,4.843197131414709
602,20,325,345.96375653207355,2.9450754468697578
602,20,324,345.96375653207355,5.8901508937395155
602,20,352,0,3.9215686274509802
602,20,396,348.69006752597977,3.777051491550211
602,20,408,351.86989764584405,5.050762722761054
602,20,444,0,2.7586206896551726
602,20,182,0,1.4814814814814816
602,20,169,326.30993247402023,2.5753937681885635
602,20,169,0,2.0689655172413794
602,20,169,333.434948822922,3.2883352610291023
602,20,182,333.434948822922,1.5211346785712856
602,20,168,350.5376777919744,4.2836355847170555
602,20,196,333.434948822922,3.2883352610291023
602,20,210,341.565051177078,2.1512092926315507
602,20,270,345.96375653207355,2.7858821794713924
602,20,315,341.565051177078,2.3956648940669543
602,20,384,338.1985905136482,3.7139067635410368
602,20,512,333.434948822922,1.5746957588026689
602,20,512,350.5376777919744,3.8992067501911665
602,20,576,345.96375653207355,3.325085181949726
602,20,592,333.434948822922,1.510856741553912
602,20,512,348.69006752597977,3.6163258961650957
602,20,495,0,4.225352112676056
602,20,624,341.565051177078,2.211382979138727
602,20,600,351.86989764584405,5.0870991452269605
602,20,600,348.69006752597977,3.6421567954234173
602,20,660,345.96375653207355,2.6773413153361436
602,20,688,333.434948822922,1.6939908920452953
602,20,736,350.5376777919744,4.137933694080422
602,20,833,26.565051177077976,1.6203391141302825
602,100,266,341.565051177078,2.2427501135945955
602,100,266,333.434948822922,1.5746957588026689
602,20,266,341.565051177078,2.211382979138727
602,20,266,0,1.4388489208633095
602,20,266,333.434948822922,1.5971914124998499
602,20,280,333.434948822922,1.4519921931816817
602,20,280,0,0.7575757575757576
602,100,280,0,1.3605442176870748
602,100,294,333.434948822922,1.552824984374854
602,100,320,315,1.024792436502243
602,100,320,0,0.6944444444444444
602,100,273,180,0.6993006993006993
602,100,294,0,0.7462686567164178
602,100,231,180,0.6493506493506493
602,100,220,315,0.9959250439247148
602,100,171,180,0.7194244604316548
602,100,162,270,0.6944444444444444
602,100,96,315,1.0713739108887086
602,100,90,0,0.6993006993006993
602,100,91,270,0.6622516556291391
602,100,60,225,1.0633184679496956
602,100,44,291.8014094863518,3.66337741981939
602,100,88,18.434948822922024,2.196026152894708
602,100,50,149.0362434679265,3.7863323992501954
602,100,220,123.69006752597977,5.007710104811096
602,100,187,326.30993247402023,2.7523292179114422
602,100,153,180,0.6896551724137931
602,100,40,123.69006752597977,2.387782301631781
602,100,65,308.6598082540901,9.70170339004977
602,100,44,201.80140948635182,3.6142045685466466
602,100,540,176.63353933657015,11.908661794354128
602,100,416,167.47119229084842,6.314756477597867
602,100,576,7.125016348901795,5.637942481327657
602,100,592,180,4.10958904109589
602,100,780,170.53767779197437,4.439972649852715
602,100,686,225,0.9686394262829419
602,100,1024,180,4.294478527607362
602,100,880,26.565051177077976,1.9111692115382817
602,100,952,326.30993247402023,2.486587086526889
602,100,867,180,1.4084507042253522
602,100,833,90,0.7352941176470588
602,100,882,0,0.6711409395973155
602,100,969,135,5.851918189130048
602,100,792,279.4623222080256,4.5057500224431255
602,100,924,270,1.910828025477707
602,100,748,104.03624346792651,2.9662630400127057
602,100,768,164.0546040990771,5.23748912897879
602,100,705,180,2.054794520547945
602,100,690,116.56505117707798,1.6441676305145512
602,100,690,165.9637565320735,2.92418838696288
602,100,784,248.19859051364818,3.8192658206627685
602,100,675,165.9637565320735,2.748737083745107
602,20,765,270,0.7194244604316548
602,20,782,206.56505117707798,1.7469281074217107
602,20,1599,63.434948822922024,4.594660227739293
602,20,1482,9.462322208025626,4.643330175800167
602,20,1404,0,1.36986301369863
602,20,1326,341.565051177078,2.2427501135945955
602,20,1365,36.86989764584405,3.7593984962406015
602,20,1634,0,0.6369426751592357
602,20,1482,11.30993247402023,3.565747911603346
602,20,80,180,0.7042253521126761
602,20,39,90,1.4705882352941175
602,20,72,165.9637565320735,3.147408874517298
602,100,680,0,5.303030303030303
602,100,495,15.945395900922847,4.853406592853679
602,100,384,5.194428907734789,8.836288813749809
602,100,1456,161.56505117707798,2.1366740947083644
602,100,1170,168.69006752597977,3.80523844297969
602,100,1058,135,0.9959250439247148
602,100,990,161.56505117707798,2.1366740947083644
602,100,1150,206.56505117707798,3.1273678006990067
602,100,1368,180,1.4388489208633095
602,100,1334,90,0.6896551724137931
602,100,1342,270,0.6535947712418301
602,100,1220,135,1.1984860698077078
602,100,1420,0,2.564102564102564
602,100,1425,90,0.7246376811594203
602,100,1463,206.56505117707798,1.6687074458953657
602,100,1440,0,0.684931506849315
602,100,1292,153.43494882292202,3.1493915176053378
602,100,1360,180,7.462686567164178
602,100,1200,63.434948822922024,1.5858638138296381
602,100,1053,153.43494882292202,1.6321664069341533
602,100,1190,213.69006752597977,2.6907099070626788
602,100,1456,26.565051177077976,1.5858638138296381
602,100,1581,90,0.6493506493506493
602,100,1653,206.56505117707798,3.3625082368417893
602,20,288,93.57633437499737,2.2547425516007595
602,100,1599,0,2.127659574468085
602,100,1480,14.036243467926454,2.767184983636014
602,100,1326,0,2.2388059701492535
602,100,1209,0,1.3793103448275863
602,100,1131,14.036243467926454,3.0769444967295976
602,100,1064,0,1.3513513513513513
602,100,1026,216.86989764584402,3.546099290780142
602,20,602,0,1.4388489208633095
602,20,1200,341.565051177078,6.54264343483113
602,20,1050,45,3.0968180197950983
602,20,1140,161.56505117707798,2.1366740947083644
602,20,1512,296.565051177078,1.6441676305145512
602,20,1281,0,2.158273381294964
602,20,1180,0,1.3793103448275863
602,20,1080,26.565051177077976,1.6203391141302825
602,20,1098,180,0.7299270072992701
602,20,1235,90,0.6756756756756757
602,20,1080,341.565051177078,2.211382979138727
602,20,1340,180,1.3986013986013985
602,20,1003,9.462322208025626,4.344830378784442
602,20,1558,71.56505117707798,4.392052305789416
602,20,1152,45,1.9110994086122908
602,20,1054,18.434948822922024,2.3599087016181937
602,20,961,45,2.82842712474619
602,20,840,341.565051177078,2.2587697572631282
602,20,960,161.56505117707798,2.196026152894708
602,20,651,7.125016348901795,5.717913296665637
602,20,558,0,0.6944444444444444
602,20,629,338.1985905136482,3.7396977827322946
602,20,731,341.565051177078,2.3956648940669543
602,20,608,0,1.0526315789473684
602,20,630,18.434948822922024,4.392052305789416
602,20,532,347.4711922908485,6.680829316878905
602,100,279,90,7.352941176470589
602,100,234,63.434948822922024,3.021713483107824
602,100,225,0,0.7462686567164178
602,100,200,345.96375653207355,2.9877576997229425
602,100,168,0,0.7092198581560284
602,100,200,63.434948822922024,1.4808397201985364
602,100,161,0,0.8064516129032258
602,100,144,18.434948822922024,2.1366740947083644
602,100,144,0,0.6451612903225806
602,100,138,45,1.0878565864408425
602,100,138,0,0.6993006993006993
602,100,138,26.565051177077976,1.5746957588026689
602,100,132,315,1.0101525445522108
602,100,105,45,0.5032788478196069
602,20,441,333.434948822922,1.4710973536182828
602,20,432,345.96375653207355,2.7858821794713924
602,20,340,90,0.7462686567164178
602,20,324,0,1.4492753623188406
602,20,288,315,1.0029883421085781
602,20,224,333.434948822922,1.4808397201985364
602,20,336,0,4.032258064516129
602,20,460,345.96375653207355,2.7858821794713924
602,20,320,90,1.2903225806451613
602,20,288,0,0.7326007326007326
602,20,228,0,10.416666666666668
602,20,72,270,3.571428571428571
602,20,252,128.65980825409008,4.297398817069026
602,20,208,139.3987053549955,6.680829316878905
602,20,156,206.56505117707798,4.724087276408007
602,20,72,288.434948822922,4.719817403236387
602,20,24,80.53767779197437,4.082390959931691
602,20,20,45,2.064545346530066
602,100,56,0,0.7518796992481203
602,100,64,333.434948822922,1.4808397201985364
602,100,84,333.434948822922,1.5746957588026689
602,100,77,78.69006752597977,3.80523844297969
602,100,91,279.4623222080256,4.001817454143565
602,20,660,351.86989764584405,4.9104637582399135
602,20,704,345.96375653207355,2.92418838696288
602,20,700,348.69006752597977,3.5165651817881276
602,20,741,344.05460409907715,5.23748912897879
602,20,756,341.565051177078,4.3617622898874195
602,20,160,26.565051177077976,11.180339887498949
602,20,210,326.30993247402023,2.3565694610875747
602,20,182,0,2.307692307692308
602,20,289,333.434948822922,4.69105170104851
602,20,360,341.565051177078,4.3617622898874195
602,20,520,352.8749836510982,5.522094348149691
602,20,440,345.96375653207355,5.975515399445885
602,20,420,333.434948822922,1.5858638138296381
602,20,399,90,0.6993006993006993
602,20,396,0,2.112676056338028
602,20,374,327.9946167919165,6.597189602836785
602,20,304,352.8749836510982,2.9000927152153055
602,20,396,344.05460409907715,4.918993168432782
602,20,440,329.03624346792645,3.93983236138196
602,20,400,344.05460409907715,5.557335793343906
602,20,480,0,2.7586206896551726
602,20,525,348.69006752597977,3.4924791188991673
602,20,567,350.5376777919744,4.344830378784442
602,20,580,341.565051177078,4.7553047521329015
602,20,588,0,4.3478260869565215
602,20,540,198.43494882292202,2.5502239194906284
602,20,580,354.8055710922652,7.5138510321001775
602,20,520,180,1.2903225806451613
602,20,480,0,5.64516129032258
602,100,350,344.05460409907715,2.5544245225545676
602,100,368,341.565051177078,4.550039798803423
602,100,550,345.96375653207355,2.8832906472850772
602,100,480,351.86989764584405,5.050762722761054
602,100,494,329.03624346792645,4.0775887376540565
602,100,567,348.69006752597977,3.5165651817881276
602,100,588,336.8014094863518,5.32571545864609
602,100,667,338.1985905136482,3.792369582489087
602,100,957,344.05460409907715,5.353021977412146
602,20,1406,315,2.0203050891044216
602,20,1640,336.8014094863518,5.111257118029469
602,20,1476,329.03624346792645,8.702913275888509
602,20,884,0,2.380952380952381
602,20,936,341.565051177078,2.196026152894708
602,20,1014,333.434948822922,1.5007167634226777
602,20,1014,0,1.4705882352941175
602,20,1040,326.30993247402023,2.5753937681885635
602,20,1107,0,0.6896551724137931
602,20,1161,345.96375653207355,2.92418838696288
602,20,1120,296.565051177078,1.5858638138296381
602,20,1092,315,1.950639396376683
602,20,1092,333.434948822922,1.510856741553912
602,20,1064,326.30993247402023,2.7523292179114422
602,20,1140,333.434948822922,3.1943828249996997
602,20,1110,333.434948822922,1.6086819982012877
602,20,1184,326.30993247402023,2.403700850309326
602,20,1254,345.96375653207355,3.3521183948111064
602,20,1365,323.13010235415595,3.289473684210526
602,20,1444,330.25511870305775,5.928130697278345
602,20,1520,333.434948822922,3.105649968749708
602,100,616,26.565051177077976,2.98142396999972
602,100,1200,315,3.9283710065919313
602,100,1078,333.434948822922,1.6321664069341533
602,100,1537,333.434948822922,3.1717276276592763
602,100,1728,326.30993247402023,2.436183294232425
602,20,990,345.96375653207355,2.9877576997229425
602,20,1054,326.30993247402023,3.6176099753819293
602,20,588,345.96375653207355,2.748737083745107
602,20,588,0,3.2520325203252036
602,20,588,350.5376777919744,4.001817454143565
602,20,594,338.1985905136482,3.959680005245959
602,20,540,345.96375653207355,2.86326779556782
602,20,672,0,2.142857142857143
602,100,1326,333.434948822922,3.1717276276592763
602,100,1326,345.96375653207355,3.0095661500858837
602,100,1431,321.3401917459099,4.326435295562735
602,100,1485,329.03624346792645,4.194929420752016
602,100,1539,338.1985905136482,3.84654629081036
602,20,725,333.434948822922,4.757591441488914
602,20,780,329.03624346792645,3.93983236138196
602,20,725,333.434948822922,4.626347539654738
602,20,754,321.3401917459099,4.67381331199478
602,20,280,323.13010235415595,3.571428571428571
602,20,228,0,3.6231884057971016
602,20,408,296.565051177078,2.98142396999972
602,100,252,0,6.7669172932330826
602,100,209,0,2.73972602739726
602,100,368,350.5376777919744,8.110350040397627
602,100,504,348.69006752597977,3.9836089949943627
602,100,414,345.96375653207355,8.530563363346884
602,20,352,345.96375653207355,5.609667517847157
602,100,294,0,2.941176470588235
602,100,273,351.86989764584405,4.777748521530727
602,20,575,326.30993247402023,5.421881617239081
602,20,945,347.4711922908485,6.314756477597867
602,20,750,315,3.771236166328254
602,20,896,333.434948822922,5.2407843222651325
602,100,252,0,2.013422818791946
602,100,210,333.434948822922,1.7200522903844537
602,20,196,338.1985905136482,3.9022933385032634
602,20,210,0,2.631578947368421
602,20,195,341.565051177078,2.3252041618885144
602,20,224,341.565051177078,4.160891658116289
602,20,180,341.565051177078,2.3082318687360432
602,100,1073,345.96375653207355,2.9035955109983522
602,100,1036,323.13010235415595,3.4246575342465753
602,100,1014,0,1.4084507042253522
602,100,1000,303.69006752597977,2.5753937681885635
602,100,1247,323.13010235415595,7.042253521126761
602,100,1452,323.13010235415595,3.3783783783783785
602,100,1200,330.94539590092285,7.460601551439856
602,100,1156,338.1985905136482,3.98901096824778
602,100,1224,341.565051177078,2.2587697572631282
602,100,1292,329.03624346792645,4.049272149198126
602,100,1368,341.565051177078,4.5830111016933035
602,100,1369,333.434948822922,3.1273678006990067
602,100,1330,338.1985905136482,3.6386248696854757
602,100,1353,348.69006752597977,3.862893570903625
602,100,1386,0,4.794520547945205
602,100,380,341.565051177078,5.359792644353186
602,100,399,0,0.641025641025641
602,100,396,270,1.5267175572519083
602,100,315,0,0.7299270072992701
602,100,308,315,1.9372788525658837
602,100,231,135,0.9183204950474644
602,100,66,135,1.032272673265033
602,100,77,180,2.054794520547945
602,100,88,180,0.7352941176470588
602,100,88,180,1.2987012987012987
602,100,117,180,1.4492753623188406
602,100,140,206.56505117707798,1.5971914124998499
602,100,140,180,2.1739130434782608
602,100,150,135,0.9243225897863367
602,100,160,206.56505117707798,1.7469281074217107
602,100,126,153.43494882292202,1.4063320613206225
602,100,150,198.43494882292202,2.3252041618885144
602,100,192,180,2.2388059701492535
602,100,192,180,2.097902097902098
602,100,224,198.43494882292202,2.2427501135945955
602,100,380,180,2.083333333333333
602,100,391,180,2.7027027027027026
602,100,340,180,1.3157894736842104
602,100,378,180,2.34375
602,100,360,180,1.36986301369863
602,100,340,260.5376777919744,4.2836355847170555
602,100,360,116.56505117707798,1.5636839003495033
602,100,380,161.56505117707798,4.392052305789416
602,100,360,180,1.4388489208633095
602,20,360,198.43494882292202,2.1808811449437098
602,100,504,63.434948822922024,1.6321664069341533
602,20,169,143.13010235415595,7.246376811594203
602,20,338,204.44395478041653,8.219759165710594
602,20,273,0,2.2556390977443606
602,20,220,153.43494882292202,1.5858638138296381
602,20,190,206.56505117707798,1.5636839003495033
602,20,208,180,0.6802721088435374
602,20,429,315,2.064545346530066
602,20,374,146.30993247402023,5.225436631107231
602,20,924,8.130102354155952,4.8102502121533846
602,20,836,216.0273733851036,9.007596363400957
602,20,416,56.30993247402023,5.302281287447043
602,20,477,300.9637565320735,3.93983236138196
602,20,468,14.036243467926454,6.019132300171767
602,20,531,0,2.2556390977443606
602,20,416,0,3.870967741935484
602,20,392,333.434948822922,3.0631068184928627
602,20,408,329.03624346792645,4.702380560359114
602,20,270,333.434948822922,4.47213595499958
602,100,55,135,0.936565273094765
602,100,90,348.69006752597977,3.8338492583404395
602,100,91,141.34019174590992,4.385701532488253
602,100,88,90,1.4184397163120568
602,100,72,225,1.9918500878494296
602,100,81,153.43494882292202,1.7069221202288474
602,100,72,75.96375653207355,2.767184983636014
602,100,651,96.70983680775691,11.970099838198385
602,20,140,97.59464336859145,10.582339825469619
602,20,437,143.13010235415595,3.3783783783783785
602,20,135,191.3099324740202,3.565747911603346
602,20,126,45,3.166149766506929
602,100,117,0,1.4814814814814816
602,20,99,26.565051177077976,3.021713483107824
602,20,81,270,2.666666666666667
602,20,1323,122.47119229084848,9.117765601682027
602,100,1316,26.565051177077976,1.6687074458953657
602,100,988,90,3.7037037037037033
602,20,1566,108.43494882292202,4.650408323777029
602,20,1152,153.43494882292202,3.1273678006990067
602,20,990,123.69006752597977,2.452755969703394
602,20,945,315,2.8096958192842947
602,20,1060,180,0.7936507936507936
602,20,1078,0,1.3513513513513513
602,20,1176,315,1.0101525445522108
602,20,1508,315,0.9686394262829419
602,20,1166,90,1.5037593984962405
602,20,1134,45,0.9304036594559837
602,20,1071,214.99202019855866,2.906322765650881
602,20,756,90,2.7210884353741496
602,20,621,90,1.5384615384615385
602,20,540,26.565051177077976,1.5211346785712856
602,20,416,347.4711922908485,2.1795613374214864
602,20,1147,108.43494882292202,2.3082318687360432
602,20,1056,206.56505117707798,1.5421158465515792
602,20,1628,135,4.253273871798783
602,20,841,24.44395478041656,8.950404424884868
602,20,357,128.65980825409008,4.21258173515319
602,20,289,165.9637565320735,2.8048337589235786
602,20,210,116.56505117707798,1.6563466499998445
602,100,407,338.1985905136482,3.7139067635410368
602,100,369,18.434948822922024,2.3082318687360432
602,100,360,63.434948822922024,1.5421158465515792
602,100,798,330.25511870305775,5.928130697278345
602,100,363,153.43494882292202,2.8667538173074227
602,100,264,45,1.1223917161691233
602,100,240,315,0.9620500424306769
602,100,224,315,1.87313054618953
602,100,200,0,0.7299270072992701
602,100,176,26.565051177077976,1.6203391141302825
602,100,160,0,1.4285714285714286
602,100,136,0,0.6944444444444444
602,100,119,90,0.6756756756756757
602,100,119,45,1.024792436502243
602,100,105,0,0.7407407407407408
602,100,180,0,1.282051282051282
602,100,120,116.56505117707798,4.69105170104851
602,20,450,180,1.4598540145985401
602,20,493,194.03624346792648,2.767184983636014
602,20,340,26.565051177077976,3.240678228260565
602,20,357,77.9052429229879,10.08297257977208
602,20,546,71.56505117707798,2.1808811449437098
602,20,361,296.565051177078,1.6321664069341533
602,20,380,36.86989764584405,3.4482758620689653
602,20,380,26.565051177077976,1.6441676305145512
602,20,380,315,1.8130943107347375
602,20,420,26.565051177077976,1.774657124999833
602,20,551,135,0.9620500424306769
602,20,456,0,5.298013245033113
602,20,456,0,1.4598540145985401
602,20,560,26.565051177077976,1.6203391141302825
602,20,704,333.434948822922,1.5971914124998499
602,20,551,11.30993247402023,3.4452834551302596
602,20,532,0,2.1739130434782608
602,20,627,206.56505117707798,1.6563466499998445
602,20,486,9.462322208025626,3.8992067501911665
602,20,494,63.434948822922024,3.4138442404576947
602,20,936,278.13010235415595,4.944802665640193
602,20,675,354.28940686250036,7.077377197972458
602,20,676,333.434948822922,1.510856741553912
602,20,504,71.56505117707798,2.3252041618885144
602,20,418,0,0.7092198581560284
602,20,475,63.434948822922024,1.5746957588026689
602,20,396,333.434948822922,1.510856741553912
602,20,252,7.125016348901795,1.888116568688185
602,20,238,0,0.6711409395973155
602,20,224,45,4.129090693060132
602,20,252,34.992020198558635,8.192319205190405
602,100,140,141.34019174590992,4.606564199591977
602,20,150,0,4.929577464788732
602,20,1612,14.036243467926454,3.0541523152723413
602,20,1586,0,2.083333333333333
602,20,1586,0,1.3986013986013985
602,20,1586,18.434948822922024,2.2269560987101262
602,20,1560,0,1.4285714285714286
602,100,576,318.01278750418334,9.678866220916337
602,100,473,288.434948822922,4.3617622898874195
602,100,672,333.434948822922,6.343455255318553
602,100,429,329.03624346792645,3.966633942071633
602,100,390,306.86989764584405,7.462686567164178
602,20,407,345.96375653207355,2.9450754468697578
602,20,380,345.96375653207355,2.7305335268991127
602,20,380,345.96375653207355,3.1716197120135847
602,20,390,296.565051177078,3.1493915176053378
602,20,375,353.6598082540901,6.514665567005336
602,20,1110,45,4.944802665640193
602,20,1365,333.434948822922,3.2643328138683065
602,20,1710,350.5376777919744,4.344830378784442
602,20,676,333.434948822922,4.626347539654738
602,20,676,333.434948822922,6.343455255318553
602,20,756,344.05460409907715,4.9524557069935495
602,100,522,339.44395478041656,6.016904045998261
602,100,540,300.9637565320735,4.106304151299508
602,100,510,333.434948822922,3.1717276276592763
602,100,600,333.434948822922,3.1717276276592763
602,100,780,333.434948822922,3.1717276276592763
602,100,864,341.565051177078,2.196026152894708
602,100,1020,338.1985905136482,3.8742192857082762
602,100,1085,345.96375653207355,2.9035955109983522
602,100,1147,0,2.1739130434782608
602,100,1254,333.434948822922,6.043426966215648
602,100,1480,326.30993247402023,2.5939217809093447
602,100,1596,344.05460409907715,5.353021977412146
602,100,1677,333.434948822922,3.021713483107824
602,20,375,333.434948822922,1.5746957588026689
602,20,750,296.565051177078,4.826045994603863
602,20,725,348.69006752597977,3.565747911603346
602,20,552,0,2.18978102189781
602,20,418,355.0302592718897,3.242527073206516
602,20,378,348.69006752597977,3.2896900087695387
602,20,378,0,4.8
602,20,468,0,2.7027027027027026
602,20,736,351.86989764584405,2.489812609811787
602,20,748,350.5376777919744,4.109974682633933
602,20,858,0,2.7777777777777777
602,100,1125,336.0375110254218,6.437161961958237
602,100,1150,338.1985905136482,3.9307772314850395
602,100,1300,323.13010235415595,3.4482758620689653
602,100,1352,333.434948822922,2.9229646764703134
602,100,1326,329.03624346792645,4.555431167847892
602,100,1479,338.1985905136482,3.688469045982537
602,100,1560,333.434948822922,3.1273678006990067
602,100,1581,338.1985905136482,3.959680005245959
602,100,1683,341.565051177078,4.273348189416729
602,100,1715,338.1985905136482,3.84654629081036
602,100,1122,344.05460409907715,5.392673992059643
602,100,1360,326.30993247402023,2.46955566812602
602,100,1155,339.44395478041656,6.23649908417338
602,20,1360,326.30993247402023,2.5753937681885635
602,20,1548,338.1985905136482,3.8192658206627685
602,20,1710,338.1985905136482,3.66337741981939
602,20,1755,348.69006752597977,3.5409857733283228
602,100,80,225,1.0398629135096287
602,100,180,71.56505117707798,2.2750198994017117
602,100,130,213.69006752597977,2.452755969703394
602,100,126,180,4.964539007092199
602,100,187,63.434948822922024,1.5007167634226777
602,100,150,198.43494882292202,2.1366740947083644
602,100,112,216.86989764584402,3.816793893129771
602,100,98,180,0.6493506493506493
602,100,130,149.0362434679265,4.384174357026542
602,100,96,225,1.8608073189119674
602,100,88,165.9637565320735,2.9450754468697578
602,100,90,161.56505117707798,2.3956648940669543
602,100,99,198.43494882292202,2.2915055508466518
602,100,81,180,1.8292682926829267
602,100,110,135,2.142747821777417
602,100,80,341.565051177078,2.2427501135945955
602,100,63,45,1.0029883421085781
602,100,48,333.434948822922,1.5746957588026689
602,100,255,330.25511870305775,5.637942481327657
602,100,360,329.03624346792645,3.8110796698335303
602,100,414,333.434948822922,3.0842316931031584
602,100,374,315,3.314563036811941
602,100,396,0,1.9736842105263157
602,100,374,341.565051177078,2.211382979138727
602,100,528,326.30993247402023,2.6907099070626788
602,100,650,333.434948822922,1.5007167634226777
602,100,575,0,2.0689655172413794
602,100,575,350.5376777919744,4.439972649852715
602,100,529,348.69006752597977,3.376834114962109
602,100,600,348.69006752597977,3.777051491550211
602,100,552,348.69006752597977,3.5165651817881276
602,100,529,341.565051177078,2.1808811449437098
602,100,506,0,6.521739130434782
602,100,483,345.96375653207355,3.031695312954162
602,100,440,352.8749836510982,5.168113941217019
602,100,418,348.69006752597977,3.777051491550211
602,100,1720,0,1.4285714285714286
602,100,1560,315,1.024792436502243
602,100,1332,26.565051177077976,1.4808397201985364
602,100,1287,180,0.7751937984496124
602,100,1147,180,0.6451612903225806
602,100,1015,45,1.0713739108887086
602,100,812,270,0.6802721088435374
602,100,675,251.56505117707798,2.211382979138727
602,20,1408,345.96375653207355,6.153888993459195
602,20,1550,0,1.4184397163120568
602,20,1457,345.96375653207355,6.063390625908324
602,20,1334,53.13010235415595,3.4965034965034967
602,20,1131,281.30993247402023,3.376834114962109
602,20,999,26.565051177077976,4.724087276408007
602,20,918,350.5376777919744,4.253680091117635
602,20,832,9.462322208025626,4.2836355847170555
602,20,750,341.565051177078,2.4325212770525995
602,20,1161,180,0.8064516129032258
602,20,1404,355.23635830927384,8.60113898485164
602,20,868,63.434948822922024,3.3374148917907314
602,100,138,45,5.892556509887895
602,100,600,45,5.123962182511215
602,100,546,350.5376777919744,4.028319556488888
602,100,520,288.434948822922,2.2269560987101262
602,100,615,135,4.069679316181569
602,20,437,24.44395478041656,9.153822707268615
602,20,432,50.19442890773479,5.277195726963956
602,20,391,243.43494882292202,4.79157423749955
602,20,384,26.565051177077976,1.6203391141302825
602,20,336,56.30993247402023,5.007710104811096
602,100,312,296.565051177078,3.1493915176053378
602,20,650,14.036243467926454,5.8071910219967044
602,20,450,26.565051177077976,1.5858638138296381
602,20,442,270,0.6666666666666667
602,100,532,0,2.2388059701492535
602,100,442,33.69006752597977,2.631789252163496
602,100,416,329.03624346792645,3.8873012632302006
602,100,360,33.69006752597977,2.631789252163496
602,100,336,326.30993247402023,2.5753937681885635
602,100,322,341.565051177078,2.1659436028550543
602,100,324,333.434948822922,3.2883352610291023
602,100,300,90,2.027027027027027
602,100,288,71.56505117707798,2.3252041618885144
602,100,253,26.565051177077976,1.5971914124998499
602,100,210,333.434948822922,1.5211346785712856
602,100,189,90,2.112676056338028
602,100,180,303.69006752597977,2.6127183155536153
602,100,160,90,2.054794520547945
602,100,145,333.434948822922,1.6441676305145512
602,100,144,8.130102354155952,5.050762722761054
602,100,90,11.30993247402023,3.4687207575461123
602,100,112,0,3.5211267605633805
602,100,144,0,2.1739130434782608
602,100,98,9.462322208025626,4.166275705683712
602,100,72,8.130102354155952,2.5298990382345172
602,100,91,45,1.9372788525658837
602,100,84,18.434948822922024,2.1223340001130064
602,100,133,326.30993247402023,2.539120616523936
602,100,90,291.8014094863518,3.9307772314850395
602,20,65,0,1.4492753623188406
602,20,65,348.69006752597977,3.4924791188991673
602,20,70,26.565051177077976,1.6086819982012877
602,20,85,18.434948822922024,2.2915055508466518
602,20,65,323.13010235415595,3.4013605442176873
602,20,78,45,2.0951312035156966
602,20,78,341.565051177078,2.1659436028550543
602,20,65,18.434948822922024,2.1223340001130064
602,20,60,45,1.9918500878494296
602,20,68,45,2.064545346530066
602,20,153,333.434948822922,1.6086819982012877
602,20,308,326.30993247402023,5.042729056592992
602,20,275,243.43494882292202,1.5858638138296381
602,20,207,288.434948822922,2.211382979138727
602,20,351,14.036243467926454,6.153888993459195
602,20,369,14.036243467926454,2.7858821794713924
602,20,481,45,2.668327476175651
602,20,510,45,4.9104637582399135
602,20,144,14.036243467926454,5.8071910219967044
602,20,144,0,5
602,20,190,6.3401917459099195,6.202318587765355
602,20,136,9.462322208025626,4.109974682633933
602,20,119,11.30993247402023,3.7219120537173613
602,20,78,29.054604099077153,7.460601551439856
602,100,102,33.69006752597977,2.7109408086195406
602,100,102,0,2.877697841726619
602,100,102,14.036243467926454,2.7305335268991127
602,100,102,315,1.0174198290453922
602,100,119,33.69006752597977,2.631789252163496
602,100,126,345.96375653207355,2.748737083745107
602,100,144,0,2.877697841726619
602,100,144,18.434948822922024,2.2269560987101262
602,100,144,0,3.64963503649635
602,100,126,0,2.73972602739726
602,100,112,0,2.570093457943925
602,100,112,0,0.7462686567164178
602,100,112,0,2.5974025974025974
602,100,119,18.434948822922024,2.3082318687360432
602,100,96,341.565051177078,2.196026152894708
602,100,96,0,2.127659574468085
602,100,102,0,1.4388489208633095
602,100,96,0,1.9736842105263157
602,100,102,0,1.4705882352941175
602,100,102,0,2.18978102189781
602,100,96,333.434948822922,1.5858638138296381
602,100,80,0,0.7042253521126761
602,100,64,0,1.3986013986013985
602,100,72,0,2.0689655172413794
602,100,108,333.434948822922,1.5971914124998499
602,20,210,326.30993247402023,2.403700850309326
602,20,272,33.69006752597977,2.6907099070626788
602,20,323,333.434948822922,3.1493915176053378
602,20,475,0,0.6896551724137931
602,20,560,315,1.977921066256077
602,20,440,0,4.37956204379562
602,20,651,315,0.9555497043061454
602,20,546,351.86989764584405,5.014941710542891
602,20,483,344.05460409907715,5.020765440883116
602,20,440,348.69006752597977,3.6421567954234173
602,20,500,341.565051177078,2.2915055508466518
602,20,418,351.86989764584405,5.014941710542891
602,20,399,0,3.4246575342465753
602,20,651,348.69006752597977,3.7492790541123413
602,20,399,353.6598082540901,6.202318587765355
602,100,638,326.30993247402023,2.486587086526889
602,100,713,333.434948822922,1.5636839003495033
602,100,896,326.30993247402023,2.631789252163496
602,100,1056,333.434948822922,1.510856741553912
602,100,1188,333.434948822922,3.1717276276592763
602,100,1470,333.434948822922,3.0842316931031584
602,100,1728,333.434948822922,3.1943828249996997
602,100,1656,326.30993247402023,2.6127183155536153
602,100,1632,323.13010235415595,3.546099290780142
602,100,1568,329.03624346792645,3.9938026677022607
602,20,840,333.434948822922,3.1273678006990067
602,20,754,315,2.1107665110046194
602,20,667,323.13010235415595,3.3557046979865772
602,20,725,326.30993247402023,2.486587086526889
602,20,841,338.1985905136482,3.9307772314850395
602,20,1056,345.96375653207355,2.7305335268991127
602,20,960,329.03624346792645,4.3192236258113335
602,20,1088,348.69006752597977,3.5165651817881276
602,20,1296,0,2.0689655172413794
602,20,1190,330.25511870305775,5.8422157596366295
602,100,910,315,3.2141217326661247
602,100,980,296.565051177078,1.4710973536182828
602,100,1008,315,3.1426968052735442
602,100,1147,347.4711922908485,6.18761372972677
602,20,1224,321.3401917459099,4.297398817069026
602,20,1368,333.434948822922,5.043762355262684
602,20,1443,338.1985905136482,4.018779706816794
602,20,1722,341.565051177078,4.133696287801803
602,20,675,333.434948822922,1.5746957588026689
602,20,728,315,3.030457633656632
602,20,780,333.434948822922,1.5746957588026689
602,20,840,329.03624346792645,3.836152562398224
602,20,754,321.3401917459099,4.963662199560348
602,20,806,333.434948822922,1.49071198499986
602,20,1040,333.434948822922,3.3879817840905906
602,20,936,341.565051177078,4.422765958277454
602,20,945,338.1985905136482,3.792369582489087
602,20,945,329.03624346792645,4.049272149198126
602,20,88,345.96375653207355,3.031695312954162
602,20,77,350.5376777919744,4.40779893499871
602,20,238,343.3007557660064,7.352328527401797
602,20,238,334.7988763545249,2.7033516874900627
602,20,176,329.03624346792645,4.135426875776809
602,20,221,336.8014094863518,2.6443656617583016
602,20,289,315,2.0059766842171562
602,20,289,321.3401917459099,4.573660169594892
602,20,384,341.565051177078,2.2750198994017117
602,20,320,341.565051177078,4.3617622898874195
602,20,414,329.03624346792645,4.049272149198126
602,20,513,341.565051177078,2.3424278964210217
602,20,630,333.434948822922,4.79157423749955
602,20,567,345.96375653207355,2.6430164266779874
602,20,520,351.86989764584405,4.944802665640193
602,20,480,0,2.8169014084507045
602,20,440,26.565051177077976,1.552824984374854
602,20,440,329.03624346792645,4.3514566379442545
602,20,420,349.695153531234,7.929319069148192
602,100,231,90,2.083333333333333
602,100,800,345.96375653207355,2.767184983636014
602,100,1066,333.434948822922,1.6321664069341533
602,100,1118,326.30993247402023,2.46955566812602
602,100,1232,315,2.966881599384115
602,100,1075,315,6.874649261535878
602,100,1260,296.565051177078,3.1717276276592763
602,100,1363,341.565051177078,2.3424278964210217
602,100,700,336.0375110254218,6.395362208958509
602,100,850,333.434948822922,3.4138442404576947
602,100,930,326.30993247402023,5.007710104811096
602,20,930,345.96375653207355,2.9662630400127057
602,20,1216,326.30993247402023,5.078241233047872
602,20,1360,329.03624346792645,3.7619044482872908
602,20,1332,341.565051177078,2.3599087016181937
602,20,1444,336.8014094863518,5.5589584714335105
602,20,1600,338.1985905136482,3.590109871423002
602,20,170,344.05460409907715,4.727344083948388
602,20,180,345.96375653207355,3.147408874517298
602,20,162,341.565051177078,2.196026152894708
602,20,162,341.565051177078,2.2750198994017117
602,100,171,0,3.5211267605633805
602,100,171,348.69006752597977,3.2896900087695387
602,100,171,345.96375653207355,3.0769444967295976
602,100,144,350.5376777919744,4.439972649852715
602,100,126,345.96375653207355,2.748737083745107
602,100,108,351.86989764584405,4.979625219623574
602,100,90,350.5376777919744,4.2836355847170555
602,100,72,348.69006752597977,3.668359362296967
602,100,72,350.5376777919744,4.22414064604043
602,100,72,350.5376777919744,4.40779893499871
602,100,72,352.8749836510982,5.304116939670099
602,100,72,350.5376777919744,4.439972649852715
602,100,72,351.86989764584405,5.276916277511549
602,100,108,0,2.73972602739726
602,20,493,333.434948822922,3.105649968749708
602,20,522,333.434948822922,2.9039843863633634
602,20,522,333.434948822922,1.7069221202288474
602,20,513,341.565051177078,2.196026152894708
602,20,500,326.30993247402023,2.5939217809093447
602,20,456,341.565051177078,2.2269560987101262
602,20,480,326.30993247402023,2.3261621132025736
602,20,525,341.565051177078,2.3599087016181937
602,20,504,333.434948822922,3.2643328138683065
602,100,792,333.434948822922,3.240678228260565
602,100,814,348.69006752597977,3.354618101047885
602,100,836,341.565051177078,2.3082318687360432
602,100,858,338.1985905136482,4.018779706816794
602,100,902,341.565051177078,2.1659436028550543
602,100,902,341.565051177078,2.3252041618885144
602,100,1032,338.1985905136482,3.688469045982537
602,100,1125,333.434948822922,1.5211346785712856
602,100,1242,333.434948822922,4.826045994603863
602,100,1410,345.96375653207355,2.748737083745107
602,100,1274,347.4711922908485,6.72959449437437
602,100,1428,270,0.7352941176470588
602,100,1456,345.96375653207355,2.767184983636014
602,20,224,348.69006752597977,3.565747911603346
602,20,208,0,2.898550724637681
602,20,221,315,0.9820927516479828
602,20,238,333.434948822922,3.105649968749708
602,20,238,341.565051177078,2.2915055508466518
602,20,270,0,4.166666666666666
602,20,304,315,2.987775131774144
602,20,306,351.86989764584405,4.714045207910317
602,20,306,344.05460409907715,5.23748912897879
602,20,270,315,2.049584873004486
602,20,280,353.6598082540901,5.918552377867593
602,20,300,326.30993247402023,2.7109408086195406
602,20,320,354.8055710922652,7.889543583705187
602,20,300,323.13010235415595,3.4482758620689653
602,20,280,351.86989764584405,5.276916277511549
602,20,294,5.710593137499643,6.979080292445063
602,20,247,348.69006752597977,3.5409857733283228
602,20,315,338.1985905136482,3.590109871423002
602,20,360,333.434948822922,3.2173639964025753
602,20,396,326.30993247402023,2.6127183155536153
602,20,399,329.03624346792645,3.8110796698335303
602,20,420,323.13010235415595,3.7593984962406015
602,20,400,333.434948822922,4.79157423749955
602,20,638,341.565051177078,2.1808811449437098
602,20,736,345.96375653207355,3.0769444967295976
602,100,140,341.565051177078,2.1512092926315507
602,100,126,341.565051177078,2.2269560987101262
602,100,140,345.96375653207355,2.8832906472850772
602,100,154,341.565051177078,2.196026152894708
602,100,165,345.96375653207355,2.8048337589235786
602,100,144,333.434948822922,3.2883352610291023
602,100,195,338.1985905136482,3.688469045982537
602,100,208,333.434948822922,3.240678228260565
602,20,240,348.69006752597977,3.6421567954234173
602,20,255,348.69006752597977,3.565747911603346
602,20,360,341.565051177078,2.1808811449437098
602,20,238,351.86989764584405,5.123962182511215
602,20,360,345.96375653207355,2.8240449490531923
602,20,340,348.69006752597977,3.5409857733283228
602,20,342,344.05460409907715,5.473766834045502
602,20,400,341.565051177078,4.392052305789416
602,20,323,0,3.3783783783783785
602,20,304,0,2.2222222222222223
602,20,380,347.4711922908485,6.358306522270957
602,20,456,315,1.977921066256077
602,20,437,341.565051177078,2.1808811449437098
602,20,897,341.565051177078,4.5830111016933035
602,20,621,315,0.9686394262829419
602,20,576,315,2.9462782549439477
602,20,528,341.565051177078,2.3776523760664507
602,20,600,315,0.9820927516479828
602,20,625,341.565051177078,2.1366740947083644
602,20,676,333.434948822922,1.6563466499998445
602,20,676,333.434948822922,3.0842316931031584
602,20,650,0,2.054794520547945
602,20,650,341.565051177078,2.413952412342274
602,20,676,341.565051177078,2.1659436028550543
602,20,676,326.30993247402023,2.6127183155536153
602,20,754,270,0.6666666666666667
602,20,729,0,2.2388059701492535
602,20,756,326.30993247402023,2.403700850309326
602,20,756,315,1.0475656017578483
602,100,396,341.565051177078,4.5175395145262565
602,100,360,350.5376777919744,4.314015978934908
602,100,342,341.565051177078,2.2587697572631282
602,100,324,351.86989764584405,4.944802665640193
602,100,324,348.69006752597977,3.4221607473777076
602,100,342,345.96375653207355,2.9662630400127057
602,100,378,345.96375653207355,3.031695312954162
602,100,374,350.5376777919744,4.137933694080422
602,20,621,336.8014094863518,5.5589584714335105
602,20,525,0,3.4722222222222223
602,20,513,351.86989764584405,4.979625219623574
602,20,513,345.96375653207355,3.0095661500858837
602,20,800,338.1985905136482,3.5663343093605984
602,20,600,351.86989764584405,4.979625219623574
602,20,551,0,4.195804195804196
602,20,551,354.28940686250036,7.389614427294772
602,20,551,348.69006752597977,3.5409857733283228
602,20,368,315,1.950639396376683
602,20,408,333.434948822922,1.6687074458953657
602,20,540,315,1.8982732380846916
602,20,567,0,1.3986013986013985
602,20,567,315,0.9889605331280386
602,20,609,315,1.0475656017578483
602,20,690,341.565051177078,2.053427052057389
602,20,616,315,1.0553832555023097
602,20,624,296.565051177078,1.5971914124998499
602,20,576,315,2.0059766842171562
602,20,598,0,0.7142857142857143
602,20,624,341.565051177078,2.211382979138727
602,20,650,333.434948822922,1.5007167634226777
602,20,702,341.565051177078,2.2750198994017117
602,20,696,315,3.119588740528886
602,20,696,333.434948822922,1.5211346785712856
602,20,621,341.565051177078,2.3082318687360432
602,20,660,341.565051177078,2.196026152894708
602,20,682,333.434948822922,1.5746957588026689
602,20,744,0,1.4598540145985401
602,20,720,326.30993247402023,2.387782301631781
602,20,825,0,2.112676056338028
602,20,396,348.69006752597977,3.5908588123892846
602,20,396,345.96375653207355,2.8832906472850772
602,20,357,0,2.941176470588235
602,20,357,341.565051177078,2.196026152894708
602,20,414,344.05460409907715,5.055631867555915
602,20,418,348.69006752597977,3.6949416765165104
602,20,399,341.565051177078,6.410022284125093
602,20,380,14.036243467926454,3.0769444967295976
602,20,420,333.434948822922,3.1493915176053378
602,20,621,0,4
602,20,736,338.1985905136482,3.8742192857082762
602,20,748,350.5376777919744,4.439972649852715
602,20,897,348.69006752597977,3.5409857733283228
602,20,874,315,0.9686394262829419
602,20,920,354.8055710922652,8.06230731181552
602,20,920,350.5376777919744,4.2836355847170555
602,20,874,353.6598082540901,6.377031787420716
602,20,1008,350.5376777919744,4.253680091117635
602,100,1584,315,3.052259487136176
602,100,1632,339.44395478041656,6.23649908417338
602,100,88,341.565051177078,2.3599087016181937
602,100,77,26.565051177077976,1.4808397201985364
602,100,66,333.434948822922,1.6203391141302825
602,100,55,26.565051177077976,1.5636839003495033
602,100,44,341.565051177078,2.1081851067789197
602,100,44,341.565051177078,2.3252041618885144
602,100,280,90,7.142857142857142
602,100,210,153.43494882292202,1.788854381999832
602,100,189,71.56505117707798,8.376894464022197
602,20,238,135,1.0475656017578483
602,20,182,180,2.097902097902098
602,20,182,180,2.684563758389262
602,20,182,303.69006752597977,2.6127183155536153
602,100,1484,41.18592516570965,8.114615124224924
602,100,1170,113.19859051364818,5.3632204970872595
602,100,1320,135,0.9959250439247148
602,100,1190,153.43494882292202,1.6812541184208947
602,100,1147,243.43494882292202,1.5421158465515792
602,100,870,161.56505117707798,2.094223616005549
602,100,700,161.56505117707798,2.4325212770525995
602,100,572,180,1.910828025477707
602,100,475,165.9637565320735,2.9662630400127057
602,100,408,180,1.5037593984962405
602,100,368,153.43494882292202,3.1493915176053378
602,100,345,180,0.7042253521126761
602,100,308,243.43494882292202,1.6441676305145512
602,100,336,135,0.9491366190423458
602,100,400,188.13010235415598,4.9104637582399135
602,100,35,153.43494882292202,1.4614823382351567
602,100,1000,296.565051177078,1.6321664069341533
602,100,1189,0,1.4388489208633095
602,100,850,33.69006752597977,5.150787536377127
602,100,648,0,2.7586206896551726
602,100,483,45,3.0743773095067284
602,100,399,180,0.6493506493506493
602,100,528,213.69006752597977,2.884441020371191
602,100,702,270,1.9867549668874174
602,100,528,116.56505117707798,3.0631068184928627
602,100,528,123.69006752597977,5.3814198141253575
602,20,352,101.30993247402023,3.7219120537173613
602,20,600,230.1944289077348,5.0388707586494546
602,20,198,326.30993247402023,7.838154946660847
602,20,338,206.56505117707798,3.1943828249996997
602,20,238,56.30993247402023,2.452755969703394
602,20,315,270,2.898550724637681
602,20,342,315,0.9243225897863367
602,20,306,146.30993247402023,7.781765342728035
602,20,648,174.2894068625003,6.281172263200556
602,20,850,153.43494882292202,4.724087276408007
602,20,672,270,1.4084507042253522
602,20,572,180,2.2556390977443606
602,100,247,135,2.0348396580907844
602,100,462,180,4.964539007092199
602,100,572,258.69006752597977,3.5908588123892846
602,100,1365,120.96375653207349,4.485347611419463
602,100,714,315,1.9372788525658837
602,20,126,0,0.6451612903225806
602,20,396,0,0.7518796992481203
602,20,374,45,1.024792436502243
602,20,589,180,4.054054054054054
602,20,357,161.56505117707798,2.2750198994017117
602,20,825,270,7.482993197278912
602,20,572,63.434948822922024,3.4401045807689075
602,20,429,0,2.013422818791946
602,20,374,0,0.7246376811594203
602,20,352,105.25511870305775,8.029404402106605
602,20,162,9.462322208025626,4.2836355847170555
602,20,112,180,2.112676056338028
602,20,90,191.3099324740202,3.6421567954234173
602,20,238,26.565051177077976,1.5007167634226777
602,20,252,341.565051177078,2.211382979138727
602,20,621,135,1.9241000848613539
602,100,209,270,0.7299270072992701
602,100,180,0,4.081632653061225
602,100,207,350.5376777919744,8.164781919863382
602,100,60,106.69924423399362,7.565439499210544
602,100,8,251.56505117707798,2.196026152894708
602,100,144,225,0.9959250439247148
602,100,144,198.43494882292202,2.2587697572631282
602,100,646,94.39870535499551,9.658077637337257
602,100,320,45,5.050762722761054
602,100,252,63.434948822922024,1.6563466499998445
602,100,140,0,3.4246575342465753
602,100,221,341.565051177078,2.2587697572631282
602,100,130,63.434948822922024,1.6086819982012877
602,100,117,26.565051177077976,1.510856741553912
602,100,234,345.96375653207355,2.9877576997229425
602,100,273,18.434948822922024,2.196026152894708
602,100,338,326.30993247402023,2.503855052405548
602,100,286,315,1.8982732380846916
602,100,420,90,3.6231884057971016
602,100,462,180,0.7407407407407408
602,100,340,341.565051177078,1.976423537605237
602,100,414,333.434948822922,1.4710973536182828
602,100,418,326.30993247402023,2.5571285641588575
602,100,648,248.19859051364818,3.8192658206627685
602,100,630,180,1.4492753623188406
602,100,468,206.56505117707798,3.0631068184928627
602,100,420,135,2.82842712474619
602,100,320,239.03624346792648,4.194929420752016
602,100,308,90,1.4492753623188406
602,100,208,149.0362434679265,4.3192236258113335
602,100,192,161.56505117707798,1.976423537605237
602,100,184,180,2.2556390977443606
602,100,260,206.56505117707798,1.6203391141302825
602,100,198,225,2.1107665110046194
602,100,154,135,2.685215624759041
602,100,210,243.43494882292202,1.5971914124998499
602,100,180,153.43494882292202,1.6203391141302825
602,100,987,341.565051177078,2.2915055508466518
602,100,940,0,1.36986301369863
602,100,312,116.56505117707798,4.47213595499958
602,100,250,18.434948822922024,2.2750198994017117
602,100,184,90,0.7246376811594203
602,100,198,333.434948822922,1.6563466499998445
602,100,338,18.434948822922024,1.976423537605237
602,100,513,225,1.0633184679496956
602,100,338,350.5376777919744,4.40779893499871
602,100,325,26.565051177077976,1.6687074458953657
602,100,364,0,2.5316455696202533
602,100,504,0,1.4285714285714286
602,100,374,341.565051177078,2.2915055508466518
602,100,352,18.434948822922024,2.0804458290581445
602,100,532,303.69006752597977,7.671385692476573
602,100,360,255.9637565320735,3.147408874517298
602,100,874,63.434948822922024,1.5421158465515792
602,100,350,20.55604521958344,6.146765284401101
602,100,310,45,1.950639396376683
602,100,180,36.86989764584405,3.3112582781456954
602,100,104,341.565051177078,2.3956648940669543
602,100,70,0,1.342281879194631
602,100,60,0,2.9629629629629632
602,100,63,26.565051177077976,1.5315534092464314
602,100,40,18.434948822922024,2.1659436028550543
602,100,28,333.434948822922,1.6086819982012877
602,100,50,0,0.6944444444444444
602,100,252,108.43494882292202,2.2587697572631282
602,100,126,190.30484646876602,7.873478794013344
602,100,240,95.71059313749964,7.077377197972458
602,100,187,146.30993247402023,2.7314782389878705
602,100,160,216.86989764584402,3.3333333333333335
602,100,380,201.80140948635182,4.018779706816794
602,20,225,123.69006752597977,2.436183294232425
602,20,121,225,1.8982732380846916
602,20,90,135,2.1107665110046194
602,20,238,168.69006752597977,3.6949416765165104
602,20,110,255.9637565320735,2.8832906472850772
602,20,81,153.43494882292202,3.0631068184928627
602,20,42,270,0.7518796992481203
602,20,50,231.3401917459099,4.326435295562735
602,100,68,180,2.336448598130841
602,100,50,180,5.9259259259259265
602,100,55,146.30993247402023,2.503855052405548
602,100,36,186.3401917459099,2.09131296492781
602,20,475,330.25511870305775,2.838823150809348
602,20,475,338.1985905136482,3.688469045982537
602,20,560,341.565051177078,2.196026152894708
602,20,726,327.9946167919165,3.41810910581761
602,20,805,345.96375653207355,2.9035955109983522
602,100,1372,315,2.925959094565024
602,100,1560,0,0.6802721088435374
602,100,1537,90,1.4705882352941175
602,100,1566,333.434948822922,2.7605777499997406
602,100,1534,0,2.158273381294964
602,100,1500,348.69006752597977,3.6163258961650957
602,100,1456,90,0.6802721088435374
602,100,1540,341.565051177078,2.3776523760664507
602,100,1680,63.434948822922024,1.7200522903844537
602,100,1377,45,2.0348396580907844
602,100,1269,45,1.8608073189119674
602,100,1188,33.69006752597977,2.7109408086195406
602,100,972,18.434948822922024,2.1081851067789197
602,100,840,33.69006752597977,2.539120616523936
602,100,728,0,2.2556390977443606
602,100,696,345.96375653207355,2.748737083745107
602,100,667,350.5376777919744,4.22414064604043
602,100,682,0,1.4084507042253522
602,100,660,348.69006752597977,3.6163258961650957
602,100,704,345.96375653207355,2.7858821794713924
602,100,748,345.96375653207355,3.0095661500858837
602,100,713,11.30993247402023,3.80523844297969
602,100,667,198.43494882292202,2.094223616005549
602,20,594,26.565051177077976,4.724087276408007
602,20,744,0,3.007518796992481
602,20,816,345.96375653207355,2.748737083745107
602,20,460,333.434948822922,4.442519160595609
602,20,462,326.30993247402023,5.302281287447043
602,20,550,326.30993247402023,2.6127183155536153
602,20,816,333.434948822922,4.218996183961868
602,20,1271,26.565051177077976,1.774657124999833
602,20,900,333.434948822922,9.515182882977829
602,20,806,338.1985905136482,7.5316990309573475
602,20,900,351.86989764584405,4.944802665640193
602,20,930,339.44395478041656,5.933335934248285
602,20,195,341.565051177078,2.211382979138727
602,20,195,341.565051177078,2.196026152894708
602,20,289,326.30993247402023,2.4198330707812006
602,20,360,333.434948822922,4.757591441488914
602,20,450,333.434948822922,3.042269357142571
602,20,486,326.30993247402023,2.6511406437235214
602,20,414,11.30993247402023,3.5908588123892846
602,20,342,56.30993247402023,2.5753937681885635
602,20,306,9.462322208025626,3.825636811508314
602,20,270,345.96375653207355,2.9662630400127057
602,20,306,333.434948822922,1.5211346785712856
602,20,288,333.434948822922,1.6441676305145512
602,20,288,0,2.112676056338028
602,20,320,333.434948822922,1.5971914124998499
602,20,340,341.565051177078,1.9888538743197355
602,20,320,0,1.550387596899225
602,20,399,341.565051177078,2.258769757263128
602,20,462,341.565051177078,2.1512092926315507
602,20,420,345.96375653207355,2.9450754468697578
602,20,441,341.565051177078,2.2750198994017117
602,20,462,333.434948822922,1.510856741553912
602,20,504,345.96375653207355,3.031695312954162
602,20,504,345.96375653207355,2.9035955109983522
602,20,504,0,2.2058823529411766
602,20,525,345.96375653207355,2.8240449490531923
602,20,546,345.96375653207355,2.9450754468697578
602,20,630,345.96375653207355,2.9877576997229425
602,20,651,345.96375653207355,2.767184983636014
602,20,567,0,4.225352112676056
602,20,567,348.69006752597977,3.80523844297969
602,20,567,350.5376777919744,4.028319556488888
602,20,567,353.6598082540901,6.561873288505375
602,20,306,341.565051177078,2.1659436028550543
602,20,323,0,0.7142857142857143
602,20,306,341.565051177078,2.2915055508466518
602,20,306,333.434948822922,1.5007167634226777
602,20,361,45,0.9959250439247148
602,20,361,345.96375653207355,3.0769444967295976
602,20,480,315,1.87313054618953
602,20,484,0,1.4492753623188406
602,20,504,26.565051177077976,1.5636839003495033
602,20,480,341.565051177078,2.1081851067789197
602,20,620,153.43494882292202,1.6441676305145512
602,20,532,0,3.571428571428571
602,20,504,45,1.0101525445522108
602,20,504,345.96375653207355,2.9877576997229425
602,20,576,326.30993247402023,2.5571285641588575
602,20,612,0,1.9736842105263157
602,20,630,0,0.7462686567164178
602,20,648,345.96375653207355,2.8832906472850772
602,20,648,345.96375653207355,2.593148192212365
602,20,703,26.565051177077976,1.6687074458953657
602,20,684,333.434948822922,3.2643328138683065
602,20,684,348.69006752597977,3.4452834551302596
602,20,760,0,3.816793893129771
602,20,820,315,0.9820927516479828
602,20,820,0,3.6231884057971016
602,20,840,348.69006752597977,3.565747911603346
602,20,860,348.69006752597977,3.5409857733283228
602,20,900,348.69006752597977,3.565747911603346
602,20,920,350.5376777919744,4.472619507572221
602,20,966,11.30993247402023,3.5409857733283228
602,100,550,333.434948822922,3.240678228260565
602,100,572,326.30993247402023,2.521364528296496
602,100,546,315,1.9641855032959656
602,100,567,0,2.797202797202797
602,100,594,90,0.7352941176470588
602,100,675,0,1.3888888888888888
602,100,598,333.434948822922,1.510856741553912
602,100,650,0,2.272727272727273
602,100,575,0,2.054794520547945
602,100,576,345.96375653207355,2.8832906472850772
602,100,696,0,1.4285714285714286
602,100,690,0,2.158273381294964
602,100,759,333.434948822922,1.4710973536182828
602,100,759,0,1.5384615384615385
602,20,912,345.96375653207355,2.6430164266779874
602,20,999,341.565051177078,2.3424278964210217
602,20,912,0,1.4492753623188406
602,20,936,333.434948822922,1.4519921931816817
602,20,960,341.565051177078,2.1808811449437098
602,20,1025,0,2.2388059701492535
602,20,1050,345.96375653207355,2.9450754468697578
602,20,1075,0,2.054794520547945
602,20,1100,350.5376777919744,4.5057500224431255
602,20,1125,345.96375653207355,2.8048337589235786
602,20,1104,0,4.666666666666667
602,20,1104,0,1.4925373134328357
602,20,1152,344.05460409907715,5.126837950197547
602,20,1225,0,3.6231884057971016
602,100,288,345.96375653207355,2.8048337589235786
602,100,255,341.565051177078,2.1081851067789197
602,100,252,326.30993247402023,2.6907099070626788
602,100,234,315,0.9959250439247148
602,100,266,63.434948822922024,1.6203391141302825
602,100,270,345.96375653207355,2.9035955109983522
602,100,340,345.96375653207355,2.8435211211156277
602,100,418,315,2.049584873004486
602,100,396,0,2.8368794326241136
602,20,336,329.03624346792645,4.106304151299508
602,20,437,90,0.6944444444444444
602,20,483,333.434948822922,3.1943828249996997
602,20,437,345.96375653207355,2.9662630400127057
602,20,504,345.96375653207355,2.7858821794713924
602,20,552,341.565051177078,2.2915055508466518
602,20,576,344.05460409907715,4.918993168432782
602,20,576,348.69006752597977,3.6421567954234173
602,20,600,345.96375653207355,3.0541523152723413
602,20,600,351.86989764584405,4.745683095211729
602,20,624,350.5376777919744,4.253680091117635
602,20,598,352.8749836510982,5.928130697278345
602,20,660,345.96375653207355,2.92418838696288
602,20,550,351.86989764584405,4.621612948931683
602,100,720,333.434948822922,3.1717276276592763
602,100,960,336.8014094863518,5.401257521889296
602,100,690,135,1.0398629135096287
602,100,960,338.1985905136482,7.5316990309573475
602,100,841,348.69006752597977,3.6949416765165104
602,100,960,326.30993247402023,2.452755969703394
602,100,899,344.05460409907715,4.9524557069935495
602,100,1056,45,1.0553832555023097
602,100,1530,333.434948822922,3.0631068184928627
602,100,1404,338.1985905136482,3.5197155602186303
602,100,1692,0,2.4390243902439024
602,20,270,326.30993247402023,2.46955566812602
602,20,270,0,0.7352941176470588
602,20,252,345.96375653207355,2.8435211211156277
602,20,266,0,0.7246376811594203
602,20,285,0,1.4705882352941175
602,20,304,341.565051177078,2.1081851067789197
602,20,266,333.434948822922,1.6441676305145512
602,20,266,0,2.112676056338028
602,20,320,326.30993247402023,2.5571285641588575
602,20,340,341.565051177078,2.1512092926315507
602,20,300,333.434948822922,4.79157423749955
602,20,340,45,0.9959250439247148
602,20,330,338.1985905136482,3.792369582489087
602,20,352,0,2.0408163265306123
602,20,460,345.96375653207355,2.9662630400127057
602,20,552,341.565051177078,2.3776523760664507
602,20,575,345.96375653207355,2.8435211211156277
602,20,713,345.96375653207355,2.938080018254865
602,20,744,345.96375653207355,2.819217521789853
602,20,667,0,2.9629629629629632
602,20,624,345.96375653207355,2.9662630400127057
602,20,576,0,0.7042253521126761
602,20,550,348.69006752597977,3.6949416765165104
602,20,480,341.565051177078,2.1659436028550543
602,20,224,315,3.052259487136176
602,20,224,341.565051177078,2.2915055508466518
602,20,210,0,1.3793103448275863
602,20,210,0,0.684931506849315
602,20,238,333.434948822922,1.5858638138296381
602,20,240,333.434948822922,1.4614823382351567
602,20,224,344.05460409907715,1.7500264156924321
602,20,288,0,1.4492753623188406
602,20,304,333.434948822922,1.5315534092464314
602,20,288,341.565051177078,2.2269560987101262
602,20,323,0,1.4814814814814816
602,20,380,326.30993247402023,2.452755969703394
602,20,400,341.565051177078,2.1366740947083644
602,20,400,333.434948822922,3.240678228260565
602,20,400,0,1.4184397163120568
602,20,440,345.96375653207355,2.8240449490531923
602,20,460,333.434948822922,1.6321664069341533
602,20,440,350.5376777919744,4.376088151293683
602,20,480,333.434948822922,1.552824984374854
602,20,483,0,2.127659574468085
602,20,483,345.96375653207355,2.9877576997229425
602,20,609,0,0.6711409395973155
602,20,630,345.96375653207355,3.0095661500858837
602,20,620,345.96375653207355,2.8048337589235786
602,20,580,345.96375653207355,2.8435211211156277
602,20,660,345.96375653207355,3.0769444967295976
602,20,540,0,2.027027027027027
602,20,504,0,2.8169014084507045
602,20,483,0,2.547770700636943
602,20,630,345.96375653207355,3.325085181949726
602,20,192,341.565051177078,2.2915055508466518
602,20,165,0,1.342281879194631
602,20,176,0,2.18978102189781
602,20,165,0,0.6802721088435374
602,20,165,326.30993247402023,2.486587086526889
602,20,180,341.565051177078,2.3599087016181937
602,20,168,0,1.3513513513513513
602,20,168,333.434948822922,1.5746957588026689
602,20,196,341.565051177078,2.014189592463936
602,20,196,326.30993247402023,2.9077026415032172
602,20,210,26.565051177077976,1.5858638138296381
602,20,210,333.434948822922,1.6086819982012877
602,20,225,0,0.6993006993006993
602,20,225,333.434948822922,1.5211346785712856
602,20,225,333.434948822922,1.5636839003495033
602,20,240,0,0.6993006993006993
602,20,255,0,0.684931506849315
602,20,272,0,0.6578947368421052
602,20,289,180,0.7142857142857143
602,20,272,270,0.7142857142857143
602,20,288,270,0.7246376811594203
602,20,270,180,0.7352941176470588
602,20,304,45,0.9753196981883415
602,20,285,180,0.6756756756756757
602,20,304,0,0.7299270072992701
602,20,285,180,0.7142857142857143
602,20,304,0,0.6896551724137931
602,20,285,180,0.6756756756756757
602,20,320,45,1.0174198290453922
602,20,320,270,0.7194244604316548
602,20,300,180,0.6944444444444444
602,20,280,180,0.7299270072992701
602,20,280,0,0.7575757575757576
602,20,300,180,0.6622516556291391
602,20,420,0,2.083333333333333
602,20,360,180,0.6493506493506493
602,20,320,270,0.7462686567164178
602,20,320,135,1.0878565864408425
602,20,300,180,0.6756756756756757
602,20,280,270,0.6097560975609756
602,20,273,135,2.376829516593437
602,20,252,0,0.6896551724137931
602,20,352,0,3.4482758620689653
602,20,460,198.43494882292202,2.3424278964210217
602,20,380,315,1.0101525445522108
602,20,320,161.56505117707798,2.1081851067789197
602,20,300,0,0.7462686567164178
602,20,273,153.43494882292202,1.49071198499986
602,20,252,113.19859051364818,5.439837932759935
602,20,252,333.434948822922,1.5421158465515792
602,20,210,279.4623222080256,4.166275705683712
602,20,210,180,0.7518796992481203
602,20,210,98.13010235415601,4.777748521530727
602,100,228,341.565051177078,4.485500227189191
602,100,198,270,1.3605442176870748
602,100,285,90,5.072463768115942
602,100,602,281.30993247402023,6.984958237798335
602,100,1710,289.6538240580533,9.780308386393754
602,100,336,14.036243467926454,5.6480898981063845
602,100,512,33.69006752597977,2.3565694610875747
602,100,60,0,2.7586206896551726
602,100,56,341.565051177078,2.3424278964210217
602,100,78,345.96375653207355,5.8901508937395155
602,100,54,53.13010235415595,3.546099290780142
602,100,72,33.69006752597977,2.6511406437235214
602,100,48,0,0.7092198581560284
602,100,48,0,1.4285714285714286
602,100,48,0,2.0689655172413794
602,100,48,18.434948822922024,2.3082318687360432
602,100,48,303.69006752597977,2.503855052405548
602,100,48,0,0.6802721088435374
602,100,48,56.30993247402023,2.631789252163496
602,100,60,0,0.684931506849315
602,100,52,0,2.158273381294964
602,100,52,0,1.4492753623188406
602,100,52,18.434948822922024,2.1659436028550543
602,100,50,0,1.4492753623188406
602,20,120,0,1.3793103448275863
602,20,117,26.565051177077976,1.6321664069341533
602,20,104,0,2.083333333333333
