503,20,2160,137.29061004263855,11.794537341969422
503,20,1989,150.64224645720873,12.23837316712388
503,20,1748,156.80140948635176,5.858287004510699
503,20,1517,145.30484646876602,10.904405724718549
503,20,1369,141.34019174590992,4.131047895117967
503,20,1400,150.64224645720873,14.121199808219862
503,20,1330,164.74488129694225,7.809420719857109
503,20,1408,155.55604521958344,7.4586703540707235
503,20,1287,149.0362434679265,8.389858841504031
503,20,1148,147.99461679191648,6.461630912367536
503,20,1786,135,3.030457633656632
503,20,1692,139.3987053549955,6.829292190587324
503,20,1656,153.43494882292202,3.0014335268453554
503,20,1564,135,5.0870991452269605
503,20,1485,135,3.030457633656632
503,20,1364,146.30993247402023,5.007710104811096
503,20,1276,156.80140948635176,5.769525080199931
503,20,1232,153.43494882292202,3.021713483107824
503,20,1188,153.43494882292202,4.442519160595609
503,20,1118,144.46232220802563,6.419645721673602
503,20,1170,147.99461679191648,6.55137578615042
503,20,1075,142.1250163489018,8.086350532617999
503,20,1000,108.43494882292202,2.1223340001130064
503,20,912,149.0362434679265,8.32993127835043
503,100,612,33.69006752597977,2.486587086526889
503,100,612,45,3.340661958361642
503,100,612,26.565051177077976,1.347028902108307
503,100,612,116.56505117707798,7.4535599249993
503,100,570,11.30993247402023,9.805806756909202
503,100,493,17.10272896905235,9.715336077668175
503,100,493,12.094757077012105,10.765278994944627
503,100,432,14.931417178137565,10.349449797506683
503,100,432,22.6198649480404,8.724832214765101
503,100,390,19.98310652189997,8.360499936228303
503,100,390,15.255118703057747,8.144110179279556
503,100,350,10.304846468766016,7.710579232757896
503,100,300,326.30993247402023,5.3814198141253575
503,20,667,8.74616226255523,9.008867423264318
503,20,575,350.5376777919744,3.924362922773045
503,20,1020,33.69006752597977,2.631789252163496
503,20,961,0,2.547770700636943
503,20,812,323.13010235415595,3.3783783783783785
503,20,1400,0,4.651162790697675
503,20,1209,0,2.18978102189781
503,20,1320,63.434948822922024,3.042269357142571
503,20,1548,329.03624346792645,3.9133905334532217
503,20,1476,0,2.2556390977443606
503,100,120,9.462322208025626,3.97566178450864
503,100,140,0,5.147058823529411
503,100,1974,350.5376777919744,4.109974682633933
503,100,1800,344.05460409907715,4.789545979789814
503,100,1634,0,3.4482758620689653
503,100,1476,348.69006752597977,4.014975994954948
503,100,1360,350.5376777919744,3.6643147772880837
503,100,1287,345.96375653207355,3.435921354681384
503,100,1476,1.332219853869617,3.037544232712792
503,20,1548,0,2.083333333333333
503,20,1505,14.036243467926454,2.9877576997229425
503,20,1530,341.565051177078,6.241337487174433
503,20,1530,315,3.8745577051317674
503,100,1219,60.2551187030578,4.856781776083463
503,100,1173,0,1.6666666666666667
503,100,1078,30.963756532073546,4.225327460032827
503,100,1104,315,5.851918189130048
503,100,1081,333.434948822922,1.5858638138296381
503,100,1058,0,2.142857142857143
503,100,990,14.036243467926454,2.593148192212365
503,100,968,320.1944289077348,5.6188846589256505
503,100,1012,26.565051177077976,1.8179414451217804
503,100,946,270,2.6143790849673203
503,100,946,180,1.3793103448275863
503,100,946,123.69006752597977,5.007710104811096
503,100,350,143.13010235415595,11.029411764705882
503,100,400,323.13010235415595,3.3112582781456954
503,100,429,26.565051177077976,1.6441676305145512
503,100,407,0,1.4184397163120568
503,100,396,341.565051177078,2.2427501135945955
503,100,408,345.96375653207355,2.8240449490531923
503,100,320,341.565051177078,2.2915055508466518
503,100,330,0,0.6802721088435374
503,100,290,206.56505117707798,1.6086819982012877
503,100,270,12.528807709151522,6.538684012264459
503,100,243,0,2.013422818791946
503,100,216,11.30993247402023,3.862893570903625
503,100,144,5.194428907734789,8.36769774029338
503,100,120,0,1.4184397163120568
503,20,56,233.13010235415598,3.3557046979865772
503,20,52,123.69006752597977,2.7314782389878705
503,20,48,158.19859051364824,3.7396977827322946
503,20,77,195.94539590092288,5.515234764606453
503,20,66,180,2.127659574468085
503,20,55,180,2.112676056338028
503,20,44,153.43494882292202,1.5421158465515792
503,20,44,180,2.083333333333333
503,20,65,168.69006752597977,3.6421567954234173
503,20,44,198.43494882292202,2.2269560987101262
503,20,66,176.42366562500263,11.533251468979424
503,20,45,231.3401917459099,4.3558668281856106
503,20,48,135,2.987775131774144
503,20,1476,11.30993247402023,7.61047688595938
503,20,1440,38.65980825409008,4.446614053772811
503,20,1440,218.65980825409008,4.4159477499536886
503,100,1683,26.565051177077976,6.084538714285142
503,100,1410,21.801409486351815,4.17454636211977
503,100,990,83.65980825409008,2.1206990955825336
503,100,968,26.565051177077976,1.5971914124998499
503,100,920,51.34019174590992,4.21258173515319
503,100,1008,194.03624346792648,3.0541523152723413
503,100,1176,153.43494882292202,1.552824984374854
503,100,1219,201.80140948635182,3.6386248696854757
503,100,1140,225,2.1107665110046194
503,100,1633,281.30993247402023,3.5409857733283228
503,100,1176,201.80140948635182,3.7139067635410368
503,100,1080,333.434948822922,1.6321664069341533
503,100,180,135,4.069679316181569
503,100,144,270,1.4598540145985401
503,100,220,172.8749836510982,5.410911240468825
503,100,210,180,0.7194244604316548
503,100,190,153.43494882292202,1.6086819982012877
503,100,180,170.53767779197437,2.1047621212104564
503,100,154,180,2.083333333333333
503,100,168,233.13010235415598,3.6764705882352944
503,100,299,225,0.9820927516479828
503,100,170,284.03624346792645,3.1000794177576396
503,100,330,141.34019174590992,4.268749491621899
503,100,160,135,3.8482001697227077
503,100,192,180,10.526315789473683
503,100,130,180,2.2222222222222223
503,100,88,198.43494882292202,2.196026152894708
503,100,70,206.56505117707798,3.021713483107824
503,100,105,149.0362434679265,4.3514566379442545
503,100,91,180,2.083333333333333
503,100,91,180,2.7586206896551726
503,100,96,180,0.7299270072992701
503,100,80,180,2.112676056338028
503,100,70,206.56505117707798,1.5007167634226777
503,100,48,161.56505117707798,2.3599087016181937
503,100,32,225,2.8474098571270368
503,20,252,315,3.166149766506929
503,20,126,56.30993247402023,2.503855052405548
503,20,135,45,2.925959094565024
503,20,108,270,1.4598540145985401
503,20,224,153.43494882292202,1.6203391141302825
503,20,160,180,3.3783783783783785
503,20,144,180,4
503,20,70,138.81407483429035,6.770793511295955
503,20,108,26.565051177077976,1.5858638138296381
503,20,120,8.130102354155952,4.843197131414709
503,100,2619,180,3.875968992248062
503,100,2475,180,5.714285714285714
503,100,2457,170.53767779197437,8.275867388160844
503,100,2295,198.43494882292202,2.2750198994017117
503,100,2212,167.47119229084842,6.402461428675616
503,100,1850,159.44395478041656,6.0595771243386745
503,100,1587,168.69006752597977,7.284313590846835
503,20,2125,5.527540151656183,10.381607668264957
503,20,228,45,3.6732819801898575
503,20,360,321.3401917459099,4.850851695024885
503,20,512,26.565051177077976,9.448174552816013
503,20,648,5.710593137499643,6.883476452822528
503,20,760,0,7.482993197278912
503,20,528,8.130102354155952,4.714045207910317
503,20,460,10.304846468766016,8.534610601144237
503,20,480,12.528807709151522,6.146362971528592
503,20,437,18.434948822922024,8.546696378833458
503,20,484,351.86989764584405,5.050762722761054
503,20,462,21.801409486351815,3.8192658206627685
503,20,460,10.304846468766016,8.043409991006438
503,20,480,8.130102354155952,4.9104637582399135
503,20,483,12.528807709151522,6.779076806833005
503,20,480,0,4.838709677419355
503,20,384,18.434948822922024,6.54264343483113
503,20,504,329.03624346792645,4.194929420752016
503,20,414,14.036243467926454,2.748737083745107
503,20,351,0,0.7462686567164178
503,20,308,315,0.9428090415820635
503,20,280,9.462322208025626,4.643330175800167
503,20,290,26.565051177077976,2.98142396999972
503,20,280,345.96375653207355,2.7858821794713924
503,20,348,33.69006752597977,2.5753937681885635
503,20,432,28.072486935852965,11.846689895470384
503,20,609,33.69006752597977,2.5939217809093447
503,20,420,0,5.0359712230215825
503,20,1020,18.434948822922024,6.588078458684124
503,20,870,135,2.0203050891044216
503,20,957,26.565051177077976,1.5746957588026689
503,20,1320,9.462322208025626,8.164781919863382
503,20,1170,0,4.25531914893617
503,20,1519,21.801409486351815,4.018779706816794
503,20,1368,344.05460409907715,4.821264827338092
503,20,1887,135,1.024792436502243
503,20,1287,18.434948822922024,6.54264343483113
503,20,1665,270,0.7142857142857143
503,20,1755,135,0.936565273094765
503,20,1683,26.565051177077976,3.2643328138683065
503,20,285,45,8.081220356417687
503,20,252,14.036243467926454,8.58980338670346
503,20,176,8.130102354155952,5.237828008789241
503,20,308,352.8749836510982,5.637942481327657
503,20,700,315,1.87313054618953
503,20,735,16.699244233993625,3.6761642637008984
503,20,714,0,3.546099290780142
503,20,814,14.036243467926454,6.247129735784334
503,20,704,11.30993247402023,3.376834114962109
503,20,936,0,2.877697841726619
503,20,1008,9.462322208025626,4.0551750201988135
503,20,1365,21.801409486351815,11.622657857124828
503,20,1320,13.240519915187178,11.72097261514965
503,20,2673,20.55604521958344,6.23649908417338
503,20,2464,12.528807709151522,6.585388898066348
503,20,2263,18.434948822922024,8.971000454378382
503,20,2370,13.240519915187178,12.21276167592516
503,20,224,18.434948822922024,4.550039798803423
503,20,240,11.30993247402023,3.4221607473777076
503,20,240,18.434948822922024,2.1512092926315507
503,20,289,45,2.064545346530066
503,20,289,18.434948822922024,2.2587697572631282
503,20,272,14.036243467926454,2.92418838696288
503,20,272,18.434948822922024,2.211382979138727
503,20,256,0,2.18978102189781
503,20,256,26.565051177077976,1.4333769086537114
503,20,324,45,2.1107665110046194
503,20,323,26.565051177077976,1.6203391141302825
503,20,544,116.56505117707798,1.510856741553912
503,20,741,18.434948822922024,2.1808811449437098
503,100,616,26.565051177077976,4.896499220802459
503,100,672,71.56505117707798,2.1659436028550543
503,100,1000,17.65012421993015,5.496855419340569
503,100,600,171.86989764584405,4.876598490941707
503,100,528,14.036243467926454,2.9662630400127057
503,100,418,14.036243467926454,5.534369967272028
503,100,667,8.130102354155952,4.8102502121533846
503,100,504,45,1.032272673265033
503,20,396,0,2.142857142857143
503,20,342,0,0.7092198581560284
503,20,616,163.30075576600643,7.457361792078965
503,20,638,175.23635830927378,8.24766751972075
503,20,1295,220.6012946450045,6.18761372972677
503,20,1360,180,4.6875
503,20,1517,175.23635830927378,8.479996182248096
503,20,1596,173.65980825409008,6.202318587765355
503,20,918,139.76364169072622,11.908661794354128
503,20,800,153.43494882292202,9.865005783087307
503,20,720,155.55604521958344,8.219759165710594
503,20,855,29.744881296942253,5.522094348149691
503,20,2703,149.0362434679265,8.098544298396252
503,20,2652,153.43494882292202,6.084538714285142
503,20,2585,161.56505117707798,4.5175395145262565
503,20,2538,146.30993247402023,5.187843561818689
503,20,2430,153.43494882292202,4.757591441488914
503,20,2288,161.56505117707798,4.216370213557839
503,20,2100,153.43494882292202,5.043762355262684
503,20,1968,206.56505117707798,3.0631068184928627
503,20,1764,156.03751102542185,13.491586029857677
503,20,1720,154.98310652190003,11.575486263808985
503,20,1591,153.43494882292202,10.400316174417627
503,20,1470,149.0362434679265,7.42796419725516
503,20,816,147.99461679191648,7.4283316000445705
503,20,875,156.03751102542185,6.313370385766734
503,20,816,161.56505117707798,4.7553047521329015
503,20,768,168.69006752597977,3.668359362296967
503,20,775,144.46232220802563,5.892003607563443
503,20,744,156.80140948635176,5.216282949221855
503,20,800,137.72631099390628,11.011902775791487
503,20,806,147.99461679191648,12.495339247757089
503,20,750,140.19442890773485,5.916855815080798
503,20,750,141.34019174590992,4.3558668281856106
503,20,1548,135,7.020918394760047
503,20,1505,131.18592516570965,7.433668400513742
503,20,1505,128.65980825409008,4.446614053772811
503,20,2040,143.13010235415595,6.756756756756757
503,20,2050,158.19859051364824,7.277249739370951
503,20,2050,150.2551187030578,6.154395227708816
503,20,2009,150.9453959009229,7.515058497070804
503,20,1968,161.56505117707798,4.392052305789416
503,20,1927,150.2551187030578,5.598790102985104
503,20,1927,150.2551187030578,5.758755534498964
503,20,1840,158.19859051364824,3.7139067635410368
503,20,1840,153.43494882292202,5.006122337686096
503,20,1800,158.19859051364824,3.4083321564142426
503,20,1302,154.79887635452496,13.325031367415557
503,20,1247,150.2551187030578,5.3392435419195685
503,20,1312,140.19442890773485,6.198610853894169
503,20,1395,161.56505117707798,6.410022284125093
503,20,1302,150.9453959009229,6.956506852018244
503,20,1312,147.99461679191648,6.3743115757139215
503,20,1271,150.2551187030578,6.154395227708816
503,20,1218,159.44395478041656,6.23649908417338
503,20,1176,149.0362434679265,4.049272149198126
503,20,1066,150.2551187030578,5.598790102985104
503,100,1025,153.43494882292202,4.79157423749955
503,100,960,158.19859051364824,3.7139067635410368
503,100,874,149.0362434679265,4.3514566379442545
503,100,836,161.56505117707798,2.0014415570685946
503,20,638,147.26477372789236,11.022064223240555
503,20,486,138.0127875041834,10.677479402439452
503,20,450,160.34617594194674,10.044641045485477
503,20,667,0,2.2900763358778624
503,20,780,216.86989764584402,3.4965034965034967
503,20,684,141.34019174590992,4.573660169594892
503,20,966,201.80140948635182,4.018779706816794
503,20,1078,158.19859051364824,3.7658495154786737
503,20,2700,116.56505117707798,1.5746957588026689
503,20,2652,180,3.4722222222222223
503,20,2254,180,4.195804195804196
503,20,2112,156.80140948635176,5.439837932759935
503,20,2068,141.34019174590992,4.778450923457349
503,20,2021,165.9637565320735,5.7665812945701544
503,20,1840,167.73522627210764,4.12210238036421
503,20,1794,149.0362434679265,4.3192236258113335
503,20,1665,158.19859051364824,3.7396977827322946
503,20,1628,135,7.9674003513977185
503,20,484,161.56505117707798,4.5175395145262565
503,20,462,156.03751102542185,7.085509209925254
503,20,420,135,5.014941710542891
503,20,483,147.99461679191648,6.417674239494288
503,20,460,156.80140948635176,5.145792639097236
503,20,460,170.53767779197437,4.57350566187836
503,20,500,135,4.9104637582399135
503,20,437,206.56505117707798,1.5858638138296381
503,20,480,139.3987053549955,6.880257057681259
503,20,480,153.43494882292202,3.0842316931031584
503,20,450,194.03624346792648,2.767184983636014
503,20,456,130.6012946450045,6.538684012264459
503,20,432,165.9637565320735,2.9450754468697578
503,20,414,153.43494882292202,3.042269357142571
503,20,624,153.43494882292202,1.5971914124998499
503,20,1258,333.434948822922,4.47213595499958
503,100,240,323.13010235415595,3.64963503649635
503,20,304,0,2.515723270440252
503,20,270,0,1.694915254237288
503,20,224,26.565051177077976,7.355486768091414
503,20,304,0,1.4492753623188406
503,20,285,18.434948822922024,2.196026152894708
503,20,360,18.434948822922024,2.1808811449437098
503,20,255,240.25511870305775,5.269449508691862
503,20,406,55.007979801441365,9.247390617980077
503,20,144,306.86989764584405,7.4074074074074066
503,20,105,23.198590513648185,5.32571545864609
503,100,756,21.801409486351815,3.9307772314850395
503,100,756,330.25511870305775,5.677646301618696
503,100,544,120.96375653207349,4.049272149198126
503,100,465,149.0362434679265,4.287464628562721
503,100,630,225,0.9753196981883415
503,100,405,167.47119229084842,6.402461428675616
503,100,364,180,1.5151515151515151
503,100,1025,30.963756532073546,4.4511083166758025
503,100,851,336.0375110254218,6.792315725376623
503,100,748,348.69006752597977,3.3326924925443038
503,100,840,33.69006752597977,5.341557445131836
503,100,2720,108.43494882292202,2.3252041618885144
503,100,1768,344.05460409907715,5.090985936559803
503,100,1564,14.036243467926454,2.8048337589235786
503,100,2065,0,0.7936507936507936
503,100,1334,218.65980825409008,4.385701532488253
503,100,902,120.96375653207349,4.0775887376540565
503,100,798,201.80140948635182,3.792369582489087
503,100,110,26.565051177077976,1.5421158465515792
503,20,60,0,2.8169014084507045
503,20,50,341.565051177078,2.1659436028550543
503,20,60,14.036243467926454,2.92418838696288
503,20,96,0,2.2222222222222223
503,20,91,0,4.081632653061225
503,20,84,0,1.4814814814814816
503,20,88,0,2.027027027027027
503,20,88,0,1.5267175572519083
503,20,108,341.565051177078,1.9888538743197355
503,20,96,345.96375653207355,3.1000794177576396
503,20,96,0,2.1739130434782608
503,20,60,14.036243467926454,2.86326779556782
503,20,55,45,0.9753196981883415
503,20,55,348.69006752597977,3.80523844297969
503,20,64,306.86989764584405,3.4722222222222223
503,100,352,303.69006752597977,2.83901675233385
503,100,270,333.434948822922,1.4808397201985364
503,20,77,18.434948822922024,2.2269560987101262
503,20,121,172.23483398157464,15.526995322499662
503,20,90,53.13010235415595,3.289473684210526
503,20,128,143.13010235415595,7.042253521126761
503,20,66,53.13010235415595,3.597122302158273
503,20,140,281.30993247402023,6.70923620209577
503,20,55,68.19859051364818,8.097992191179705
503,20,50,0,1.3605442176870748
503,20,210,296.565051177078,5.807968772726727
503,20,60,54.462322208025626,6.827242275430656
503,20,468,14.036243467926454,2.893407456573797
503,20,572,296.565051177078,3.2173639964025753
503,20,261,26.565051177077976,3.0631068184928627
503,20,50,194.03624346792648,2.9662630400127057
503,100,378,225,2.905918278848825
503,100,375,123.69006752597977,2.5753937681885635
503,100,504,153.43494882292202,1.49071198499986
503,100,400,99.46232220802563,4.539375022610612
503,100,299,104.03624346792651,3.0541523152723413
503,100,750,153.43494882292202,1.5007167634226777
503,100,528,270,0.6993006993006993
503,100,858,200.55604521958347,6.016904045998261
503,100,888,60.2551187030578,5.410911240468825
503,100,484,315,1.1048543456039805
503,20,180,33.69006752597977,2.7735009811261455
503,20,550,165.9637565320735,3.19620591133152
503,20,616,146.30993247402023,2.403700850309326
503,20,480,198.43494882292202,2.2587697572631282
503,20,391,153.43494882292202,6.388765649999399
503,20,345,296.565051177078,1.5211346785712856
503,20,322,180,1.4598540145985401
503,20,299,158.19859051364824,3.84654629081036
503,20,312,180,0.6896551724137931
503,20,312,225,4.040610178208843
503,20,324,198.43494882292202,2.2427501135945955
503,100,792,261.0273733851036,14.24843263827507
503,20,341,209.7448812969422,5.717913296665637
503,20,220,189.4623222080256,4.472619507572221
503,20,260,194.03624346792648,5.84837677392576
503,20,322,171.86989764584405,4.979625219623574
503,20,231,186.3401917459099,6.707692694916606
503,20,200,195.94539590092288,4.986376636493506
503,20,200,198.43494882292202,4.5175395145262565
503,20,180,192.52880770915152,6.538684012264459
503,20,171,171.86989764584405,4.9104637582399135
503,20,198,180,6.493506493506493
503,20,216,195.94539590092288,5.200078492343227
503,20,180,164.0546040990771,5.353021977412146
503,20,152,187.1250163489018,5.560177757447275
503,20,72,180,2.684563758389262
503,20,60,180,2.0408163265306123
503,20,60,168.69006752597977,4.014975994954948
503,20,72,191.3099324740202,3.376834114962109
503,20,72,180,2.7777777777777777
503,20,72,165.9637565320735,3.0541523152723413
503,20,72,180,2.877697841726619
503,20,60,173.99099404250546,2.6461181682192243
503,20,48,180,2.272727272727273
503,20,48,201.80140948635182,3.7396977827322946
503,100,264,172.8749836510982,5.884859670290911
503,100,264,180,7.482993197278912
503,100,264,189.4623222080256,4.439972649852715
503,100,264,180,5
503,100,300,164.0546040990771,4.789545979789814
503,100,270,170.53767779197437,4.376088151293683
503,20,336,188.13010235415598,5.014941710542891
503,20,297,180,3.1847133757961785
503,20,364,180,5.511811023622047
503,20,264,180,2.8169014084507045
503,20,264,180,2.9197080291970803
503,20,264,180,2.7777777777777777
503,20,360,180,3.3783783783783785
503,20,276,180,3.597122302158273
503,20,264,194.03624346792648,3.0769444967295976
503,20,264,194.03624346792648,2.7305335268991127
503,20,240,180,3.571428571428571
503,20,323,180,4.166666666666666
503,20,288,201.80140948635182,3.590109871423002
503,20,272,185.71059313749964,7.335675635854664
503,20,240,173.65980825409008,6.3324371595366555
503,20,210,161.56505117707798,2.3599087016181937
503,20,196,165.9637565320735,2.7858821794713924
503,20,196,180,4.301075268817205
503,20,169,171.86989764584405,5.014941710542891
503,20,90,161.56505117707798,2.196026152894708
503,20,130,180,2.127659574468085
503,20,72,216.86989764584402,11.194029850746269
503,20,77,165.9637565320735,2.7305335268991127
503,20,70,153.43494882292202,4.969039949999533
503,20,45,203.19859051364818,5.216282949221855
503,20,32,180,2.013422818791946
503,20,28,195.94539590092288,10.041530881766231
503,20,18,180,2.797202797202797
503,20,352,10.304846468766016,7.929319069148192
503,20,575,10.304846468766016,7.710579232757896
503,20,320,142.1250163489018,8.445743889623245
503,20,350,20.55604521958344,5.852057359806528
503,20,850,32.005383208083515,13.574073571304465
503,20,506,255.9637565320735,2.8048337589235786
503,20,340,6.3401917459099195,6.377031787420716
503,20,1232,33.69006752597977,2.436183294232425
503,20,1200,9.462322208025626,4.2836355847170555
503,20,1012,26.565051177077976,5.006122337686096
503,20,132,11.30993247402023,7.61047688595938
503,20,1040,16.927513064147035,15.921609642611005
503,20,900,18.434948822922024,6.874516652539955
503,20,759,18.434948822922024,4.4539121974202525
503,20,828,8.130102354155952,9.959250439247148
503,20,912,26.565051177077976,4.442519160595609
503,20,630,11.30993247402023,3.777051491550211
503,20,588,9.462322208025626,4.22414064604043
503,20,820,351.86989764584405,4.979625219623574
503,100,1092,23.962488974578207,6.6099716790577885
503,100,814,21.801409486351815,11.53963887243108
503,100,989,39.28940686250036,9.734705755857462
503,20,297,10.304846468766016,7.76412492187427
503,20,250,10.304846468766016,7.4535599249993
503,20,210,9.865806943084351,8.520158780969894
503,20,288,6.3401917459099195,6.288461901484317
503,20,814,10.007979801441365,12.979456016264713
503,20,589,17.10272896905235,8.948335861010161
503,20,138,160.34617594194674,10.182238868026374
503,20,1100,158.19859051364824,3.688469045982537
503,20,1144,153.43494882292202,6.168463386206317
503,20,1122,153.43494882292202,5.043762355262684
503,20,1150,147.99461679191648,6.506193884176968
503,20,1029,189.4623222080256,4.166275705683712
503,20,1078,143.13010235415595,10.714285714285714
503,20,987,158.19859051364824,3.5663343093605984
503,20,966,171.86989764584405,4.876598490941707
503,20,1120,135,5.199314567548144
503,20,1120,144.46232220802563,6.10093990570399
503,20,1036,135,5.123962182511215
503,20,1044,135,3.9283710065919313
503,20,1480,146.30993247402023,7.511565157216644
503,20,1443,150.9453959009229,6.6423420264432265
503,20,1406,140.19442890773485,6.198610853894169
503,20,1332,141.34019174590992,4.509242420727358
503,20,1224,156.80140948635176,4.945307211599941
503,20,1054,156.80140948635176,5.683412765570081
503,20,957,146.30993247402023,5.114257128317715
503,20,891,150.2551187030578,5.447471451553073
503,20,792,153.43494882292202,4.826045994603863
503,20,651,158.19859051364824,3.8742192857082762
503,20,551,156.80140948635176,5.3632204970872595
503,20,432,153.43494882292202,3.2883352610291023
503,20,405,153.43494882292202,4.532570224661736
503,20,405,146.30993247402023,2.5939217809093447
503,20,405,149.0362434679265,3.836152562398224
503,20,2070,147.99461679191648,7.487286612743335
503,20,2070,156.80140948635176,5.3632204970872595
503,20,2025,144.46232220802563,5.585925498079628
503,20,1892,147.99461679191648,7.040284426907912
503,20,1892,146.30993247402023,5.114257128317715
503,20,1849,144.46232220802563,5.812381937190964
503,20,1763,153.43494882292202,4.826045994603863
503,20,1722,146.30993247402023,2.5939217809093447
503,20,1638,150.2551187030578,5.677646301618696
503,20,1638,149.0362434679265,4.287464628562721
503,20,1599,150.2551187030578,5.447471451553073
503,20,1520,153.43494882292202,1.6086819982012877
503,20,1520,153.43494882292202,4.4132920608548485
503,20,1440,149.0362434679265,4.2561692663104385
503,20,2337,135,5.65685424949238
503,20,2014,148.39249775375112,11.652166047689883
503,20,1989,116.56505117707798,3.2173639964025753
503,20,1862,146.30993247402023,4.905511939406788
503,20,1776,135,6.688847930143018
503,20,1728,146.30993247402023,5.590001977463549
503,20,1728,153.43494882292202,3.0631068184928627
503,20,1855,155.77225468204585,15.778210215439792
503,20,1749,149.0362434679265,4.225327460032827
503,20,1440,139.3987053549955,6.146362971528592
503,20,1363,151.3895403340348,9.281454878623457
503,20,1232,153.43494882292202,4.79157423749955
503,20,1161,150.9453959009229,7.051801466429453
503,20,1134,123.69006752597977,2.5753937681885635
503,20,1080,140.19442890773485,5.578749768504753
503,20,1026,153.43494882292202,4.38444701470547
503,20,1026,161.56505117707798,9.369711585684087
503,20,780,153.43494882292202,6.343455255318553
503,20,783,40.60129464500449,12.37522745945354
503,20,594,144.46232220802563,5.812381937190964
503,20,572,146.30993247402023,2.7735009811261455
503,20,572,153.43494882292202,3.2883352610291023
503,20,702,153.43494882292202,2.98142396999972
503,20,675,143.13010235415595,3.7037037037037033
503,100,616,9.462322208025626,4.314015978934908
503,100,390,0,3.3333333333333335
503,100,676,26.565051177077976,2.8852490032255353
503,100,605,9.462322208025626,4.57350566187836
503,100,636,351.86989764584405,5.014941710542891
503,100,936,352.8749836510982,5.135196018024554
503,100,624,9.462322208025626,4.608153432044106
503,100,624,0,2.73972602739726
503,100,636,351.86989764584405,4.714045207910317
503,100,672,0,5.6000000000000005
503,100,612,0,5.369127516778524
503,100,583,0,4.195804195804196
503,100,636,0,5.47945205479452
503,100,648,351.86989764584405,4.944802665640193
503,20,96,9.462322208025626,4.472619507572221
503,20,120,345.96375653207355,3.031695312954162
503,20,170,345.96375653207355,2.660068145559781
503,20,150,26.565051177077976,3.3625082368417893
503,20,160,350.5376777919744,4.314015978934908
503,20,140,345.96375653207355,2.6261819271450064
503,20,150,8.130102354155952,5.356869554443542
503,20,130,21.801409486351815,3.688469045982537
503,20,160,329.03624346792645,3.8873012632302006
503,20,190,348.69006752597977,4.079215610874227
503,20,264,333.434948822922,3.0014335268453554
503,20,170,15.945395900922847,5.090985936559803
503,100,1222,54.462322208025626,6.325239166943108
503,100,1215,26.565051177077976,3.0014335268453554
503,100,672,38.65980825409008,4.297398817069026
503,100,1216,14.036243467926454,5.7665812945701544
503,100,1134,14.036243467926454,2.8240449490531923
503,100,1395,326.30993247402023,2.521364528296496
503,100,1160,30.963756532073546,3.9938026677022607
503,100,1189,11.30993247402023,3.7219120537173613
503,100,1550,351.86989764584405,4.843197131414709
503,100,1260,11.30993247402023,3.1282328304250213
503,100,1395,26.565051177077976,3.8223384230765634
503,100,1344,11.30993247402023,3.5165651817881276
503,100,1271,348.69006752597977,3.5908588123892846
503,100,1131,30.963756532073546,4.287464628562721
503,100,1584,348.69006752597977,3.4221607473777076
503,100,1363,0,3.4482758620689653
503,100,1428,9.462322208025626,4.5057500224431255
503,100,1269,0,3.1847133757961785
503,100,1440,344.05460409907715,5.23748912897879
503,100,1247,45,3.052259487136176
503,20,1170,116.56505117707798,1.5858638138296381
503,20,990,0,2.797202797202797
503,20,864,341.565051177078,2.196026152894708
503,20,1088,18.434948822922024,2.196026152894708
503,20,1024,333.434948822922,3.0842316931031584
503,20,1224,303.69006752597977,5.6780335046677
503,20,1406,33.69006752597977,4.682534123979207
503,20,1722,45,1.0174198290453922
503,20,1330,225,0.9889605331280386
503,20,1295,116.56505117707798,6.168463386206317
503,20,1122,225,3.030457633656632
503,20,1548,20.55604521958344,6.016904045998261
503,20,1122,315,2.064545346530066
503,20,1089,15.945395900922847,4.918993168432782
503,100,330,168.69006752597977,3.565747911603346
503,100,448,170.53767779197437,4.253680091117635
503,100,297,189.4623222080256,4.57350566187836
503,100,250,206.56505117707798,2.8484942388532355
503,100,264,33.69006752597977,2.46955566812602
503,100,210,9.462322208025626,4.472619507572221
503,100,210,0,2.0408163265306123
503,100,484,0,6.578947368421052
503,100,420,0,1.4598540145985401
503,100,357,270,2.112676056338028
503,100,378,33.69006752597977,5.078241233047872
503,100,315,341.565051177078,2.2427501135945955
503,100,286,18.434948822922024,2.2587697572631282
503,100,425,14.036243467926454,5.571764358942785
503,100,360,270,0.6802721088435374
503,100,374,23.198590513648185,5.903700082065046
503,100,300,326.30993247402023,2.7109408086195406
503,100,320,0,2.112676056338028
503,100,360,26.565051177077976,1.5421158465515792
503,100,396,0,1.4184397163120568
503,100,624,270,0.7042253521126761
503,100,812,315,1.0029883421085781
503,100,870,341.565051177078,2.2269560987101262
503,100,729,14.036243467926454,5.8901508937395155
503,20,224,0,4.10958904109589
503,20,98,0,4.316546762589928
503,20,91,180,2.158273381294964
503,20,520,288.434948822922,6.874516652539955
503,20,736,264.28940686250036,6.9309487042213025
503,20,350,97.1250163489018,5.447471451553073
503,20,325,153.43494882292202,4.6584749531245615
503,20,351,180,2.2058823529411766
503,20,119,270,5.555555555555555
503,100,80,168.69006752597977,3.668359362296967
503,100,176,186.3401917459099,1.5831092898841639
503,20,66,180,3.202846975088968
503,20,45,180,2.9197080291970803
503,20,156,135,1.9110994086122908
503,20,60,251.56505117707798,2.2269560987101262
503,20,54,161.56505117707798,2.1808811449437098
503,20,45,180,2.941176470588235
503,20,45,180,1.4388489208633095
503,20,50,198.43494882292202,2.1808811449437098
503,20,63,161.56505117707798,2.2915055508466518
503,20,60,225,1.032272673265033
503,20,54,161.56505117707798,2.1366740947083644
503,20,48,198.43494882292202,2.211382979138727
503,20,54,153.43494882292202,1.5636839003495033
503,20,54,180,1.4285714285714286
503,20,45,198.43494882292202,4.422765958277454
503,20,85,120.96375653207349,4.135426875776809
503,20,60,225,2.966881599384115
503,20,60,198.43494882292202,2.211382979138727
503,20,55,161.56505117707798,2.211382979138727
503,20,525,153.43494882292202,4.6584749531245615
503,20,153,270,7.518796992481203
503,20,119,26.565051177077976,1.510856741553912
503,20,270,0,2.2388059701492535
503,20,280,0,4
503,20,648,351.46923439005184,3.5542615845618073
503,20,338,9.462322208025626,4.22414064604043
503,20,360,18.434948822922024,2.3956648940669543
503,20,290,347.4711922908485,6.229421930603302
503,20,216,116.56505117707798,1.6321664069341533
503,20,198,338.1985905136482,3.7396977827322946
503,20,176,345.96375653207355,2.9877576997229425
503,20,176,330.25511870305775,5.717913296665637
503,100,147,18.434948822922024,2.2427501135945955
503,20,195,322.59464336859145,14.965688502820065
503,20,152,63.434948822922024,1.5858638138296381
503,20,72,284.03624346792645,2.8832906472850772
503,20,180,348.69006752597977,3.6163258961650957
503,20,272,9.462322208025626,4.253680091117635
503,20,180,77.9052429229879,10.012462282011436
503,20,66,112.61986494804046,9.090909090909092
503,20,77,171.86989764584405,4.9104637582399135
503,20,256,210.96375653207352,4.135426875776809
503,20,112,135,2.966881599384115
503,20,72,153.43494882292202,1.5636839003495033
503,20,464,90,4.895104895104895
503,20,100,235.0079798014413,8.476774733148403
503,20,54,135,3.189955403849086
503,100,390,225,2.8666491129184357
503,100,396,191.3099324740202,3.80523844297969
503,100,440,231.3401917459099,4.268749491621899
503,100,340,135,4.040610178208843
503,100,208,143.13010235415595,3.4722222222222223
503,100,341,243.43494882292202,9.316949906249123
503,100,533,158.96248897457815,9.411073160259539
503,100,840,113.96248897457815,7.1889473005810975
503,100,2494,185.19442890773482,7.670389595268931
503,100,1375,109.65382405805332,10.543311168310996
503,100,558,275.1944289077348,7.670389595268931
503,100,874,231.3401917459099,8.893228107545623
503,100,522,108.43494882292202,7.1869946822008615
503,100,450,165.9637565320735,2.7858821794713924
503,100,432,158.19859051364824,3.9307772314850395
503,100,345,189.4623222080256,4.22414064604043
503,100,560,249.4439547804165,6.191307061824297
503,100,574,170.53767779197437,4.314015978934908
503,100,504,194.03624346792648,2.92418838696288
503,100,406,139.3987053549955,6.146362971528592
503,100,350,111.80140948635182,3.5197155602186303
503,100,392,213.69006752597977,5.590001977463549
503,100,448,135,5.123962182511215
503,100,437,206.56505117707798,7.929319069148192
503,100,357,63.434948822922024,1.552824984374854
503,100,540,177.27368900609372,3.721025848075865
503,20,48,180,2.272727272727273
503,20,35,180,0.6756756756756757
503,20,35,168.69006752597977,3.7219120537173613
503,20,135,225,2.192579166469915
503,100,810,98.13010235415601,10.553832555023098
503,20,99,171.46923439005195,14.44553458296906
503,20,440,225,3.030457633656632
503,20,256,153.43494882292202,3.2643328138683065
503,20,255,189.4623222080256,4.22414064604043
503,20,224,206.56505117707798,1.5971914124998499
503,20,224,146.30993247402023,2.4198330707812006
503,20,680,261.869897645844,10.24792436502243
503,20,221,130.23635830927378,6.038789491463263
503,20,216,168.69006752597977,3.565747911603346
503,20,70,231.3401917459099,4.541222863427552
503,20,54,194.03624346792648,2.86326779556782
503,20,54,168.69006752597977,3.6421567954234173
503,20,40,180,2.054794520547945
503,20,36,180,2.2222222222222223
503,20,40,180,0.6578947368421052
503,20,36,198.43494882292202,2.3252041618885144
503,20,27,60.2551187030578,6.01661025992429
503,100,140,135,2.0203050891044216
503,100,120,153.43494882292202,1.5007167634226777
503,20,50,161.56505117707798,2.3599087016181937
503,20,40,180,2.013422818791946
503,20,21,158.19859051364824,3.9307772314850395
503,20,60,209.7448812969422,5.677646301618696
503,20,102,180,6.578947368421052
503,20,64,172.8749836510982,6.107771021438295
503,20,91,174.2894068625003,6.979080292445063
503,20,65,161.56505117707798,2.2427501135945955
503,20,217,108.43494882292202,6.453627877894652
503,20,65,248.19859051364818,7.638531641325537
503,100,380,153.43494882292202,15.421158465515791
503,100,306,170.53767779197437,4.253680091117635
503,100,272,180,2.898550724637681
503,100,256,243.43494882292202,4.724087276408007
503,100,225,153.43494882292202,3.021713483107824
503,100,238,128.65980825409008,4.639945099589021
503,100,224,198.43494882292202,2.2587697572631282
503,100,224,180,3.4013605442176873
503,100,240,170.53767779197437,4.439972649852715
503,100,240,194.03624346792648,2.6773413153361436
503,100,240,180,3.787878787878788
503,100,240,180,2.127659574468085
503,100,255,170.53767779197437,4.376088151293683
503,100,272,180,1.9607843137254901
503,100,289,180,3.597122302158273
503,100,272,180,2.9629629629629632
503,100,272,180,2.6490066225165565
503,100,225,180,3.6231884057971016
503,100,240,180,2.2388059701492535
503,100,240,191.3099324740202,3.4924791188991673
503,100,240,180,3.4482758620689653
503,100,240,165.9637565320735,2.9450754468697578
503,20,110,206.56505117707798,1.6441676305145512
503,20,100,180,2.9850746268656714
503,20,90,180,0.6711409395973155
503,20,182,194.03624346792648,6.019132300171767
503,20,72,135,2.8474098571270368
503,20,72,191.3099324740202,3.5908588123892846
503,20,112,192.52880770915152,3.1791532611354785
503,20,108,173.65980825409008,6.468132241526726
503,20,72,168.69006752597977,3.862893570903625
503,20,112,206.56505117707798,3.1273678006990067
503,20,126,180,2.73972602739726
503,20,117,170.53767779197437,4.57350566187836
503,20,1748,45,3.9283710065919313
503,20,1000,0,8.16326530612245
503,20,936,351.86989764584405,5.199314567548144
503,20,338,23.962488974578207,7.816553810949289
503,20,2296,289.29004621918875,14.414707551304144
503,20,1785,32.73522627210758,11.321984338158666
503,20,1968,7.5946433685914485,11.464201477592088
503,20,1845,21.801409486351815,3.66337741981939
503,20,1122,9.462322208025626,8.332551411367424
503,20,2196,4.7636416907261605,8.854113660876688
503,20,1848,19.98310652189997,8.12826382688863
503,20,1632,23.198590513648185,5.145792639097236
503,20,1440,14.036243467926454,6.200158835515279
503,20,2655,155.55604521958344,8.884592627643068
503,20,2451,145.00797980144137,8.08381166604881
503,20,2394,158.19859051364824,7.4278135270820735
503,20,2337,150.2551187030578,5.8422157596366295
503,20,2280,153.43494882292202,7.605673392856429
503,20,2145,153.43494882292202,6.674829783581463
503,20,2052,146.30993247402023,4.839666141562401
503,20,800,140.19442890773485,11.57074026060245
503,20,918,153.43494882292202,6.211299937499416
503,20,1089,143.13010235415595,6.993006993006993
503,20,1088,146.30993247402023,5.078241233047872
503,20,961,130.6012946450045,6.585388898066348
503,20,900,153.43494882292202,4.896499220802459
503,20,1015,144.46232220802563,5.9326381152018115
503,20,924,135,3.8745577051317674
503,20,928,150.2551187030578,5.758755534498964
503,20,896,146.30993247402023,5.421881617239081
503,20,1023,150.2551187030578,5.007613508259968
503,20,840,146.30993247402023,5.8154052830064344
503,20,870,146.30993247402023,2.452755969703394
503,20,896,135,2.737187540076958
503,20,891,143.13010235415595,4.032258064516129
503,20,891,158.19859051364824,3.7396977827322946
503,20,1024,139.3987053549955,5.726425128753346
503,20,1147,158.19859051364824,8.68574968892662
503,20,1248,164.0546040990771,4.9524557069935495
503,20,1080,146.30993247402023,6.978486339607722
503,20,1080,153.43494882292202,5.409841881047878
503,20,1015,161.56505117707798,6.588078458684124
503,20,986,135,2.049584873004486
503,20,986,161.56505117707798,6.453627877894652
503,20,957,150.2551187030578,5.800185430430611
503,20,924,161.56505117707798,4.422765958277454
503,20,837,63.434948822922024,1.5971914124998499
503,20,837,161.56505117707798,6.63414893741618
503,20,1023,153.43494882292202,10.945787302446524
503,20,682,128.65980825409008,4.509242420727358
503,20,960,153.43494882292202,9.865005783087307
503,20,672,144.46232220802563,6.1445180478875905
503,20,728,144.46232220802563,5.773372662444716
503,20,700,141.34019174590992,4.326435295562735
503,20,725,150.2551187030578,6.01661025992429
503,20,672,153.43494882292202,3.240678228260565
503,20,780,161.56505117707798,2.1808811449437098
503,20,672,180,2.0689655172413794
503,20,1421,156.03751102542185,13.399806533055925
503,20,1323,151.3895403340348,9.079684120392512
503,20,1316,158.19859051364824,6.4492991702209626
503,20,1215,159.44395478041656,6.780955353426611
503,20,1066,156.03751102542185,6.839484584580628
503,20,945,135,3.7965464761693832
503,20,775,153.43494882292202,6.576670522058205
503,20,575,144.46232220802563,6.1445180478875905
503,20,552,135,2.925959094565024
503,20,621,162.89727103094765,9.646432984918754
503,20,2024,144.46232220802563,17.67601082269033
503,20,1760,153.43494882292202,9.448174552816013
503,20,1517,135,4.040610178208843
503,20,1326,153.43494882292202,6.2987830352106755
503,20,1302,176.42366562500263,10.83190509586581
503,20,1073,78.69006752597977,3.6949416765165104
503,20,775,123.69006752597977,2.5939217809093447
503,20,546,135,3.008965026325734
503,20,475,187.1250163489018,5.677646301618696
503,20,432,141.34019174590992,4.3558668281856106
503,20,432,198.43494882292202,9.300816647554058
503,20,1479,148.49573328079583,8.377723024284721
503,20,1232,146.30993247402023,5.5046584358228845
503,20,1064,156.80140948635176,5.439837932759935
503,20,1026,150.9453959009229,7.406928158983455
503,20,884,180,2.666666666666667
503,20,713,146.30993247402023,8.794027501131682
503,20,660,150.2551187030578,5.304116939670099
503,20,544,135,8.570991287109669
503,20,544,142.1250163489018,8.029404402106605
503,20,493,143.13010235415595,6.41025641025641
503,20,435,131.18592516570965,8.177035240565116
503,20,400,153.43494882292202,6.2987830352106755
503,20,352,165.9637565320735,2.92418838696288
503,20,352,143.13010235415595,6.666666666666667
503,20,336,161.56505117707798,4.392052305789416
503,20,352,135,7.22590871285523
503,20,336,144.46232220802563,6.10093990570399
503,100,1960,161.56505117707798,2.2915055508466518
503,100,1271,116.56505117707798,1.5211346785712856
503,100,1102,161.56505117707798,4.3617622898874195
503,100,980,165.9637565320735,6.108304630544683
503,20,484,291.8014094863518,3.66337741981939
503,20,1188,21.801409486351815,3.8192658206627685
503,20,855,290.55604521958344,6.191307061824297
503,20,1682,326.30993247402023,5.078241233047872
503,20,1652,11.30993247402023,3.565747911603346
503,20,1050,315,0.9620500424306769
503,20,1120,308.6598082540901,4.81437912588936
503,20,848,26.565051177077976,1.5858638138296381
503,20,714,0,0.6993006993006993
503,100,720,21.801409486351815,3.66337741981939
503,100,564,333.434948822922,1.6321664069341533
503,100,495,18.434948822922024,2.2915055508466518
503,100,473,36.86989764584405,3.4013605442176873
503,100,504,323.13010235415595,3.3112582781456954
503,100,429,45,3.2635697593225266
503,100,560,120.96375653207349,4.135426875776809
503,100,651,0,0.6711409395973155
503,100,527,341.565051177078,6.975612485665543
503,100,896,45,1.9110994086122908
503,100,792,341.565051177078,2.3082318687360432
503,100,1386,180,4.511278195488721
503,100,850,26.565051177077976,4.327873504838302
503,100,1080,0,4.285714285714286
503,100,1392,90,4.026845637583892
503,100,1620,77.47119229084848,6.72959449437437
503,100,1148,0,2.73972602739726
503,100,986,15.945395900922847,2.5634189750987737
503,100,1020,0,1.4234875444839856
503,100,957,63.434948822922024,3.1943828249996997
503,100,1209,315,1.885618083164127
503,100,810,56.30993247402023,2.7314782389878705
503,100,594,56.30993247402023,2.3565694610875747
503,100,1470,19.358994175694704,4.624686686586693
503,100,1488,233.13010235415598,3.787878787878788
503,100,884,243.43494882292202,6.528665627736613
503,100,1089,111.80140948635182,3.6142045685466466
503,100,1073,180,0.6666666666666667
503,100,1209,135,1.0962895832349575
503,100,2583,14.036243467926454,2.7305335268991127
503,20,2204,135,2.209708691207961
503,20,2088,75.96375653207355,2.748737083745107
503,20,1320,318.01278750418334,9.278361411774974
503,20,980,216.86989764584402,3.7593984962406015
503,20,924,174.80557109226515,7.5138510321001775
503,20,775,212.47119229084848,9.247095610216524
503,20,841,104.03624346792651,2.92418838696288
503,20,868,180,1.3245033112582782
503,20,567,159.44395478041656,6.424062966404158
503,20,450,206.56505117707798,3.0631068184928627
503,20,255,200.55604521958347,6.0595771243386745
503,20,253,206.56505117707798,1.5746957588026689
503,20,275,153.43494882292202,1.7069221202288474
503,20,180,170.53767779197437,4.082390959931691
503,20,153,180,2.0689655172413794
503,20,135,180,1.4925373134328357
503,100,231,45,9.71597103920447
503,100,1920,206.56505117707798,1.5211346785712856
503,100,294,0,2.097902097902098
503,100,260,161.56505117707798,2.3599087016181937
503,100,234,12.528807709151522,6.829292190587324
503,20,798,167.47119229084842,6.314756477597867
503,20,779,165.9637565320735,2.8435211211156277
503,20,840,191.3099324740202,3.3993463423951895
503,20,720,225,1.0398629135096287
503,20,620,180,1.3605442176870748
503,20,522,198.43494882292202,2.4325212770525995
503,20,135,191.3099324740202,3.4687207575461123
503,100,216,198.43494882292202,2.2427501135945955
503,100,208,180,2.877697841726619
503,100,216,180,0.7352941176470588
503,100,171,116.56505117707798,4.69105170104851
503,100,120,113.96248897457815,6.699903266527962
503,100,90,191.3099324740202,3.376834114962109
503,100,90,153.43494882292202,1.774657124999833
503,100,42,251.56505117707798,2.1366740947083644
503,100,182,149.0362434679265,4.164965639175215
503,100,144,336.8014094863518,5.216282949221855
503,100,90,206.56505117707798,1.6812541184208947
503,100,324,233.13010235415598,3.4722222222222223
503,100,165,146.30993247402023,5.3814198141253575
503,100,204,161.56505117707798,2.0804458290581445
503,20,98,180,1.36986301369863
503,20,119,135,1.0633184679496956
503,20,144,189.4623222080256,4.314015978934908
503,20,120,180,1.9230769230769231
503,20,84,180,2.2900763358778624
503,20,91,180,2.7777777777777777
503,20,54,180,0.7194244604316548
503,20,40,180,2.027027027027027
503,20,49,158.19859051364824,3.5663343093605984
503,20,44,206.56505117707798,1.6321664069341533
503,20,180,168.69006752597977,3.5165651817881276
503,20,45,168.69006752597977,6.70923620209577
503,20,100,180,2.0408163265306123
503,20,330,101.30993247402023,3.777051491550211
503,20,70,225,5.851918189130048
503,20,364,213.69006752597977,2.5939217809093447
503,20,133,189.4623222080256,4.028319556488888
503,20,108,189.4623222080256,4.439972649852715
503,20,90,180,3.6231884057971016
503,20,68,180,4.285714285714286
503,20,102,168.69006752597977,3.5409857733283228
503,20,85,191.3099324740202,3.4452834551302596
503,20,75,165.9637565320735,2.9877576997229425
503,20,60,180,2.2222222222222223
503,20,60,180,4.487179487179487
503,20,1792,39.80557109226521,15.939285052870723
503,20,999,20.55604521958344,5.812247445794238
503,20,1536,2.7263109939062815,14.910493646545135
503,20,1475,16.699244233993625,7.200211385455551
503,20,1536,14.036243467926454,6.153888993459195
503,20,300,9.462322208025626,4.253680091117635
503,20,924,7.125016348901795,17.654579010872734
503,20,903,12.994616791916485,9.667872510236473
503,20,1680,164.0546040990771,5.126837950197547
503,20,1474,161.56505117707798,2.2750198994017117
503,20,1472,116.56505117707798,1.5971914124998499
503,20,1334,116.56505117707798,1.5971914124998499
503,20,1265,116.56505117707798,1.5421158465515792
503,20,1272,45,1.024792436502243
503,20,272,26.565051177077976,3.1943828249996997
503,20,288,15.255118703057747,8.262140761587956
503,20,255,18.434948822922024,4.188447232011098
503,20,270,14.036243467926454,5.8071910219967044
503,20,270,14.036243467926454,6.153888993459195
503,20,270,11.30993247402023,3.4452834551302596
503,20,252,11.30993247402023,3.6949416765165104
503,20,234,21.801409486351815,3.792369582489087
503,20,36,15.255118703057747,7.550830629795616
503,20,88,21.801409486351815,3.8192658206627685
503,20,133,18.434948822922024,5.892442845034247
503,20,171,18.434948822922024,5.019488349473619
503,20,136,12.528807709151522,6.18761372972677
503,20,189,14.036243467926454,5.8901508937395155
503,20,230,6.3401917459099195,6.561873288505375
503,20,740,338.1985905136482,7.132668618721197
503,20,560,26.565051177077976,4.724087276408007
503,20,2457,147.99461679191648,12.663061922223628
503,20,1782,154.65382405805326,14.910493646545135
503,20,1664,155.55604521958344,8.692838829924153
503,20,1500,163.30075576600643,7.200211385455551
503,20,1269,149.0362434679265,8.270853751553618
503,20,1242,159.44395478041656,5.812247445794238
503,20,1260,146.30993247402023,5.3814198141253575
503,20,1204,163.30075576600643,6.9602043392737
503,20,1092,153.43494882292202,4.826045994603863
503,20,1050,139.3987053549955,6.105658580988667
503,20,493,149.0362434679265,11.6619037896906
503,20,364,138.0127875041834,9.678866220916337
503,20,350,145.30484646876602,10.471118080027745
503,20,322,156.03751102542185,6.839484584580628
503,20,312,163.30075576600643,7.909323112811023
503,20,364,145.00797980144137,8.476774733148403
503,20,1620,147.72435568542238,16.16705399585916
503,20,1295,153.43494882292202,11.768778828946262
503,20,1320,141.34019174590992,8.893228107545623
503,20,841,164.74488129694225,7.917884896521792
503,20,625,142.43140797117252,11.799438465364553
503,20,672,155.55604521958344,8.50918730534829
503,20,690,153.43494882292202,9.722034684781695
503,20,667,165.0685828218625,10.489307227202719
503,20,672,158.19859051364824,3.8742192857082762
503,20,648,150.9453959009229,7.570316280137501
503,20,1120,155.22485943116806,10.227015045197394
503,20,1156,146.30993247402023,7.671385692476573
503,20,1287,153.43494882292202,7.605673392856429
503,20,1088,150.2551187030578,5.598790102985104
503,20,1240,151.3895403340348,8.886499351873525
503,20,1248,180,8.21917808219178
503,20,1080,129.8055710922652,5.700912172194638
503,20,176,144.24611274556327,7.326003234601362
503,20,513,135,7.644397634449163
503,20,1184,71.56505117707798,4.5175395145262565
503,20,1120,116.56505117707798,4.896499220802459
503,20,1102,78.69006752597977,3.5409857733283228
503,20,1024,148.39249775375112,10.527129325843964
503,20,868,141.34019174590992,8.831895499907377
503,20,992,150.2551187030578,5.717913296665637
503,20,1292,163.30075576600643,7.150894869116815
503,20,1015,131.18592516570965,7.433668400513742
503,20,896,143.13010235415595,3.6764705882352944
503,20,990,156.80140948635176,5.077182070575939
503,20,899,141.34019174590992,4.509242420727358
503,20,870,180,2.2388059701492535
503,20,1024,138.36646066342985,8.919699687994294
503,20,1056,147.52880770915152,9.31314629314664
503,20,1692,165.0685828218625,10.932517391732413
503,20,1504,149.0362434679265,4.021346134376069
503,20,1536,139.3987053549955,6.538684012264459
503,20,1457,141.34019174590992,4.3558668281856106
503,20,1363,153.43494882292202,3.3879817840905906
503,20,1215,135,2.8861501272920305
503,20,1118,135,5.014941710542891
503,20,1330,140.71059313749964,10.079908087625459
503,20,1332,135,5.123962182511215
503,20,1260,150.9453959009229,6.818298106613908
503,20,1225,146.30993247402023,2.5753937681885635
503,20,1156,146.30993247402023,7.4597612595806675
503,20,1120,146.30993247402023,5.187843561818689
503,20,1085,143.13010235415595,3.4722222222222223
503,20,986,161.56505117707798,2.2750198994017117
503,20,918,153.43494882292202,3.1943828249996997
503,20,858,161.56505117707798,4.160891658116289
503,20,858,143.13010235415595,3.64963503649635
503,20,832,135,2.9462782549439477
503,20,1596,144.46232220802563,12.935827469237033
503,20,1248,147.52880770915152,9.18197521859528
503,20,1170,153.43494882292202,7.307411691175783
503,20,1368,146.30993247402023,10.156482466095744
503,20,1080,144.46232220802563,6.325239166943108
503,20,980,153.43494882292202,7.873478794013344
503,20,924,150.2551187030578,5.884859670290911
503,20,891,144.46232220802563,5.9326381152018115
503,20,858,158.19859051364824,3.792369582489087
503,20,800,140.19442890773485,5.6188846589256505
503,20,324,126.86989764584405,10.48951048951049
503,20,275,139.3987053549955,6.538684012264459
503,20,240,239.03624346792648,3.9938026677022607
503,100,2160,333.434948822922,8.534610601144237
503,100,1961,18.434948822922024,2.053427052057389
503,100,1643,15.945395900922847,5.473766834045502
503,100,1488,40.60129464500449,6.065489774534794
503,100,1323,21.801409486351815,3.84654629081036
503,100,1150,338.1985905136482,4.07967030843523
503,100,1020,26.565051177077976,9.722034684781695
503,100,1071,21.801409486351815,3.2836370775210386
503,100,1003,281.30993247402023,3.862893570903625
503,100,960,49.39870535499551,6.880257057681259
503,100,840,341.565051177078,2.196026152894708
503,100,780,0,1.3986013986013985
503,100,737,329.03624346792645,3.9938026677022607
503,100,670,45,5.356869554443542
503,100,603,71.56505117707798,6.081303192631498
503,100,1162,313.1523897340054,3.916377178475234
503,100,516,11.30993247402023,3.777051491550211
503,100,630,341.565051177078,6.004324671205784
503,100,546,18.434948822922024,4.865042554105199
503,100,494,338.1985905136482,7.4278135270820735
503,100,481,26.565051177077976,3.105649968749708
503,100,444,26.565051177077976,4.896499220802459
503,100,384,38.65980825409008,4.18504852119794
503,100,105,165.9637565320735,2.767184983636014
503,100,154,194.03624346792648,2.7858821794713924
503,100,450,195.94539590092288,5.557335793343906
503,100,403,206.56505117707798,2.9039843863633634
503,100,532,180,3.007518796992481
503,100,360,170.53767779197437,4.001817454143565
503,100,260,161.56505117707798,4.5175395145262565
503,100,144,135,1.0713739108887086
503,100,136,168.69006752597977,3.6949416765165104
503,100,112,180,3.6585365853658534
503,100,96,180,3.787878787878788
503,100,133,158.19859051364824,4.018779706816794
503,100,145,145.30484646876602,11.978324470334769
503,100,234,249.4439547804165,5.476925477767647
503,100,120,141.34019174590992,5.1638098688974585
503,100,105,198.43494882292202,2.0804458290581445
503,100,66,206.56505117707798,2.98142396999972
503,100,66,161.56505117707798,2.3599087016181937
503,100,200,345.96375653207355,2.767184983636014
503,100,115,135,7.644397634449163
503,100,140,69.44395478041656,6.522140263601169
503,100,174,45,1.8366409900949288
503,100,150,0,4.511278195488721
503,100,150,71.56505117707798,8.321783316232578
503,100,390,308.6598082540901,4.573660169594892
503,100,186,321.3401917459099,4.850851695024885
503,100,174,315,3.0743773095067284
503,20,128,0,1.4084507042253522
503,20,105,345.96375653207355,2.8832906472850772
503,20,84,0,1.4084507042253522
503,20,65,300.9637565320735,4.485347611419463
503,20,78,50.19442890773479,4.851086755221525
503,20,65,0,2.4193548387096775
503,20,133,300.9637565320735,4.164965639175215
503,20,70,26.565051177077976,3.0014335268453554
503,20,80,326.30993247402023,2.539120616523936
503,20,75,338.1985905136482,4.018779706816794
503,20,80,14.036243467926454,3.0769444967295976
503,20,75,14.036243467926454,2.660068145559781
503,20,56,348.69006752597977,3.7492790541123413
503,20,108,284.03624346792645,5.687042242231255
503,20,176,318.81407483429035,7.647586915636438
503,100,357,0,1.282051282051282
503,100,1020,344.05460409907715,5.8710563623229985
503,100,475,33.69006752597977,2.372073207542098
503,100,384,0,2.666666666666667
503,100,585,291.8014094863518,8.037559413633588
503,100,208,59.03624346792651,7.987605335404521
503,100,156,0,2.127659574468085
503,100,156,33.69006752597977,2.6511406437235214
503,100,175,306.86989764584405,3.4965034965034967
503,100,567,289.6538240580533,9.845078640608282
503,20,204,18.434948822922024,2.053427052057389
503,20,272,315,2.7912109783679506
503,20,285,0,2.857142857142857
503,20,91,18.434948822922024,2.3599087016181937
503,20,84,0,3.731343283582089
503,20,65,11.30993247402023,3.2896900087695387
503,20,98,345.96375653207355,3.031695312954162
503,20,90,26.565051177077976,3.0842316931031584
503,20,96,0,4.10958904109589
503,20,96,0,2.158273381294964
503,20,85,21.801409486351815,3.7139067635410368
503,20,266,338.1985905136482,7.919360010491918
503,20,136,90,2.666666666666667
503,20,190,315,2.049584873004486
503,20,840,74.05460409907715,5.126837950197547
503,100,594,239.03624346792648,4.049272149198126
503,100,432,187.1250163489018,5.560177757447275
503,100,375,206.56505117707798,3.2643328138683065
503,100,462,172.8749836510982,5.560177757447275
503,100,440,180,2.158273381294964
503,20,418,229.3987053549955,6.4926369417555545
503,20,450,135,3.166149766506929
503,20,357,180,7.638888888888889
503,20,300,158.19859051364824,3.792369582489087
503,20,484,216.86989764584402,3.4965034965034967
503,20,266,345.96375653207355,5.84837677392576
503,20,992,62.35402463626133,17.304043198729484
503,20,66,165.9637565320735,2.9450754468697578
503,20,60,146.30993247402023,2.521364528296496
503,20,45,165.9637565320735,2.92418838696288
503,20,24,198.43494882292202,2.1808811449437098
503,20,24,161.56505117707798,2.3776523760664507
503,20,400,49.39870535499551,6.065489774534794
503,20,117,26.565051177077976,1.5421158465515792
503,20,180,188.13010235415598,15.597943702644432
503,100,56,333.434948822922,3.0842316931031584
503,100,240,80.53767779197437,4.001817454143565
503,20,24,180,2.7210884353741496
503,20,28,180,2.2058823529411766
503,20,35,180,3.571428571428571
503,20,30,161.56505117707798,2.196026152894708
503,20,24,180,2.9197080291970803
503,20,28,165.9637565320735,3.0095661500858837
503,20,35,180,2.112676056338028
503,20,24,180,1.4285714285714286
503,20,28,161.56505117707798,2.196026152894708
503,20,32,180,1.3793103448275863
503,20,40,180,2.158273381294964
503,20,28,180,1.4084507042253522
503,20,32,180,2.684563758389262
503,20,28,168.69006752597977,3.4452834551302596
503,20,24,180,1.4814814814814816
503,20,25,146.30993247402023,2.631789252163496
503,100,232,64.44003482817618,16.996731711975947
503,100,147,141.34019174590992,4.078423081167419
503,100,153,123.69006752597977,2.9077026415032172
503,100,429,264.28940686250036,6.979080292445063
503,100,324,289.98310652189997,7.855503295784984
503,100,418,7.5946433685914485,10.021686059881825
503,20,45,108.43494882292202,18.070158058105026
503,20,36,225,1.0475656017578483
503,20,210,135,0.9555497043061454
503,20,180,180,2.7210884353741496
503,20,168,104.03624346792651,2.8832906472850772
503,20,160,54.462322208025626,6.372092790401945
503,20,90,96.34019174590992,6.9125077390361955
503,100,160,206.56505117707798,1.5636839003495033
503,100,168,153.43494882292202,1.6563466499998445
503,100,240,225,4.159451654038515
503,100,63,180,2.666666666666667
503,20,40,189.4623222080256,3.874371038406509
503,20,155,257.4711922908485,7.4351164978168445
503,20,125,198.43494882292202,7.027283689263066
503,100,125,348.69006752597977,3.354618101047885
503,100,133,180,2.0408163265306123
503,20,144,153.43494882292202,1.6203391141302825
503,20,195,45,0.9820927516479828
503,20,110,194.03624346792648,2.86326779556782
503,20,70,180,3.546099290780142
503,20,90,165.9637565320735,2.8832906472850772
503,20,210,135,0.9686394262829419
503,20,165,194.03624346792648,3.123564867892167
503,20,144,180,1.3513513513513513
503,20,132,198.43494882292202,2.2587697572631282
503,20,121,161.56505117707798,2.2915055508466518
503,20,132,165.9637565320735,2.86326779556782
503,20,132,165.9637565320735,2.9035955109983522
503,20,120,180,1.4134275618374559
503,20,270,218.65980825409008,4.67381331199478
503,20,273,161.56505117707798,4.216370213557839
503,20,252,198.43494882292202,4.6164637374720865
503,20,209,165.9637565320735,2.9450754468697578
503,20,228,180,1.36986301369863
503,20,209,153.43494882292202,1.5858638138296381
503,20,170,180,2.941176470588235
503,20,170,180,2.027027027027027
503,20,180,180,2.941176470588235
503,20,144,188.13010235415598,5.050762722761054
503,20,36,180,2.8169014084507045
503,20,2120,7.5946433685914485,10.294385000286773
503,20,1764,9.462322208025626,8.87994529970543
503,20,1530,12.094757077012105,9.740014328759424
503,20,1312,8.74616226255523,9.671284145563165
503,20,1095,11.30993247402023,10.697243734810039
503,20,924,8.130102354155952,4.944802665640193
503,20,780,15.255118703057747,7.703888007426607
503,20,627,12.528807709151522,6.984503376737036
503,20,705,11.30993247402023,6.937441515092225
503,20,690,11.30993247402023,7.498558108224683
503,20,675,12.094757077012105,10.012462282011436
503,20,675,11.30993247402023,7.131495823206692
503,20,644,5.710593137499643,6.790456500757358
503,20,616,9.462322208025626,9.216306864088212
503,20,630,11.30993247402023,7.336718724593934
503,20,598,14.036243467926454,5.354682630672287
503,20,750,7.125016348901795,6.061847931051541
503,20,528,15.255118703057747,8.262140761587956
503,100,651,20.55604521958344,6.146765284401101
503,20,629,5.710593137499643,6.9309487042213025
503,20,980,0,4.666666666666667
503,20,760,11.30993247402023,7.667698516680879
503,20,1008,9.462322208025626,8.689660757568884
503,20,1564,333.434948822922,7.76412492187427
503,20,1720,341.565051177078,4.4539121974202525
503,20,240,21.801409486351815,3.3037820902665667
503,20,228,14.036243467926454,3.272306052077508
503,20,308,63.434948822922024,1.6812541184208947
503,20,304,0,2.083333333333333
503,20,238,26.565051177077976,3.105649968749708
503,20,156,36.86989764584405,3.571428571428571
503,20,221,13.392497753751115,14.685056561172042
503,20,140,26.565051177077976,4.861017342390848
503,20,162,33.69006752597977,2.503855052405548
503,20,275,315,1.032272673265033
503,20,300,18.434948822922024,2.1659436028550543
503,20,270,21.801409486351815,3.9307772314850395
503,20,592,351.86989764584405,4.9104637582399135
503,20,882,0,2.877697841726619
503,20,968,0,3.571428571428571
503,20,902,45,0.9959250439247148
503,20,1300,12.528807709151522,6.447233886218802
503,20,1748,161.56505117707798,13.45650068156757
503,20,1190,113.19859051364818,5.3632204970872595
503,20,768,143.13010235415595,6.993006993006993
503,20,2268,151.3895403340348,9.3507194672699
503,20,2040,140.19442890773485,10.48355661195524
503,20,1911,150.9453959009229,7.1004345799910356
503,20,1748,146.30993247402023,7.895367756490488
503,20,1512,144.46232220802563,5.696904150359355
503,20,1326,147.99461679191648,6.98813417189378
503,20,1188,164.0546040990771,5.020765440883116
503,20,1085,206.56505117707798,1.5421158465515792
503,20,1085,146.30993247402023,10.450873262214461
503,20,900,156.03751102542185,7.29545022355267
503,20,868,153.43494882292202,8.469954460226477
503,20,868,159.44395478041656,5.621055095603639
503,20,783,150.9453959009229,7.626392697027408
503,20,783,158.19859051364824,7.228409137093293
503,20,728,156.80140948635176,5.111257118029469
503,20,702,153.43494882292202,6.725016473683579
503,20,676,161.56505117707798,4.719817403236387
503,20,676,149.0362434679265,7.622159339667061
503,20,216,135,8.570991287109669
503,20,153,139.3987053549955,6.065489774534794
503,20,2550,116.56505117707798,13.551927136362362
503,20,2499,146.30993247402023,7.5640935848894895
503,20,2544,153.43494882292202,7.873478794013344
503,20,2392,150.2551187030578,5.598790102985104
503,20,2040,159.44395478041656,6.0595771243386745
503,20,1887,153.43494882292202,5.9233588807941455
503,20,1530,156.80140948635176,5.5589584714335105
503,20,2706,140.19442890773485,5.74283064404901
503,20,2496,143.13010235415595,7.246376811594203
503,20,2418,153.43494882292202,4.724087276408007
503,20,2220,153.43494882292202,6.388765649999399
503,20,2124,158.19859051364824,3.792369582489087
503,20,2030,149.0362434679265,3.836152562398224
503,20,1904,146.30993247402023,5.590001977463549
503,20,1728,156.80140948635176,5.077182070575939
503,20,1254,146.30993247402023,7.910562844551479
503,20,1080,141.34019174590992,4.850851695024885
503,20,1073,146.30993247402023,5.341557445131836
503,20,1015,146.30993247402023,2.503855052405548
503,20,2120,130.6012946450045,6.358306522270957
503,20,1911,135,6.148754619013457
503,20,1739,139.3987053549955,6.314756477597867
503,100,286,153.43494882292202,6.388765649999399
503,100,273,210.96375653207352,4.021346134376069
503,100,1008,63.434948822922024,4.757591441488914
503,100,918,315,2.8861501272920305
503,100,1085,0,1.3071895424836601
503,100,832,315,2.2447834323382465
503,100,750,315,1.977921066256077
503,100,754,333.434948822922,1.5007167634226777
503,100,783,311.98721249581666,9.47438313174205
503,100,675,194.03624346792648,2.8832906472850772
503,100,650,299.05460409907715,7.003830027882313
503,100,2030,50.19442890773479,11.57074026060245
503,100,625,270,11.678832116788321
503,100,728,12.528807709151522,5.948093198253476
503,100,567,14.036243467926454,2.9877576997229425
503,100,522,351.86989764584405,5.050762722761054
503,100,476,21.801409486351815,3.7658495154786737
503,100,448,341.565051177078,4.6164637374720865
503,100,464,18.434948822922024,2.2750198994017117
503,100,243,283.4957332807958,17.854111294697837
503,100,270,26.565051177077976,3.1273678006990067
503,100,224,45,5.050762722761054
503,100,370,38.65980825409008,4.509242420727358
503,100,224,65.55604521958344,8.391004148329564
503,100,200,150.2551187030578,5.637942481327657
503,100,1020,129.8055710922652,5.24177830597762
503,100,450,165.9637565320735,2.8832906472850772
503,100,405,14.036243467926454,3.0541523152723413
503,100,336,45,3.697290359145347
503,100,320,0,2.797202797202797
503,100,456,315,1.0553832555023097
503,100,456,26.565051177077976,3.2173639964025753
503,100,585,63.434948822922024,3.1717276276592763
503,100,456,315,4.0119533684343125
503,100,795,270,3.4013605442176873
503,100,616,30.963756532073546,3.8110796698335303
503,100,560,33.69006752597977,2.861548631320626
503,100,532,348.69006752597977,3.565747911603346
503,100,494,45,1.8982732380846916
503,100,481,26.565051177077976,1.5746957588026689
503,100,418,0,2.797202797202797
503,100,407,18.434948822922024,2.1512092926315507
503,100,550,290.55604521958344,6.328891663198171
503,100,550,326.30993247402023,2.631789252163496
503,100,550,30.963756532073546,3.7619044482872908
503,100,504,341.565051177078,2.2915055508466518
503,100,440,11.30993247402023,3.6421567954234173
503,100,432,14.036243467926454,2.8832906472850772
503,100,384,248.19859051364818,3.84654629081036
503,100,915,7.125016348901795,4.121281916063156
503,100,480,18.434948822922024,4.244668000226013
503,100,522,33.69006752597977,2.6127183155536153
503,100,532,45,4.9104637582399135
503,100,560,38.65980825409008,4.4777092569460475
503,100,540,330.25511870305775,5.758755534498964
503,100,540,26.565051177077976,3.1493915176053378
503,100,540,45,6.874649261535878
503,100,580,324.4623222080256,6.0156120748549835
503,100,513,63.434948822922024,3.0014335268453554
503,100,756,349.695153531234,7.818419501747517
503,100,780,11.30993247402023,3.777051491550211
503,100,861,11.30993247402023,3.3326924925443038
503,100,375,81.86989764584405,4.944802665640193
503,100,220,30.963756532073546,4.3514566379442545
503,100,300,345.96375653207355,2.9662630400127057
503,100,216,8.130102354155952,5.014941710542891
503,100,198,341.565051177078,2.2427501135945955
503,100,340,341.565051177078,2.1512092926315507
503,100,216,6.3401917459099195,5.918552377867593
503,100,1235,333.434948822922,3.1273678006990067
503,100,1472,0,3.3557046979865772
503,100,1452,20.55604521958344,6.016904045998261
503,100,1400,40.60129464500449,6.447233886218802
503,100,2552,249.4439547804165,5.812247445794238
503,100,2156,0,2.2222222222222223
503,100,2356,0,1.4598540145985401
503,100,2673,60.2551187030578,5.8422157596366295
503,100,2610,0,2.7586206896551726
503,100,2552,315,5.123962182511215
503,100,2552,47.29061004263855,6.410074642374686
503,100,2697,321.3401917459099,4.385701532488253
503,100,252,198.43494882292202,6.410022284125093
503,100,252,246.03751102542182,7.034898429854359
503,100,1000,26.565051177077976,3.042269357142571
503,100,980,35.537677791974374,6.0156120748549835
503,100,1410,10.304846468766016,7.818419501747517
503,100,308,32.005383208083515,6.98813417189378
503,100,286,26.565051177077976,1.6321664069341533
503,100,240,323.13010235415595,3.225806451612903
503,100,230,0,2.1739130434782608
503,100,200,45,2.966881599384115
503,100,294,90,3.597122302158273
503,100,260,116.56505117707798,7.985957062499249
503,100,260,71.56505117707798,8.723524579774839
503,100,260,341.565051177078,2.2915055508466518
503,100,286,18.434948822922024,2.053427052057389
503,100,1025,270,5.594405594405594
503,100,962,198.43494882292202,7.1869946822008615
503,100,850,241.69924423399362,9.909277221633154
503,100,792,288.434948822922,2.0401791355925027
503,100,533,116.56505117707798,1.4808397201985364
503,100,507,210.96375653207352,3.9938026677022607
503,100,312,200.55604521958347,6.23649908417338
503,20,156,326.30993247402023,2.6907099070626788
503,20,168,14.036243467926454,2.767184983636014
503,20,238,206.56505117707798,1.6086819982012877
503,20,143,8.130102354155952,4.714045207910317
503,20,195,296.565051177078,3.2883352610291023
503,20,132,18.434948822922024,2.0014415570685946
503,100,171,180,2.684563758389262
503,100,160,180,2.9850746268656714
503,100,300,225,0.9491366190423458
503,100,190,191.3099324740202,3.565747911603346
503,100,294,180,1.4598540145985401
503,100,171,180,3.4013605442176873
503,100,144,225,1.9241000848613539
503,100,126,191.3099324740202,3.92232270276368
503,100,108,168.69006752597977,3.4221607473777076
503,100,108,180,2.127659574468085
503,100,90,180,4.316546762589928
503,100,90,180,1.4084507042253522
503,100,85,180,2.8169014084507045
503,100,264,180,2.2900763358778624
503,100,17,180,2.8368794326241136
503,100,221,161.56505117707798,2.3424278964210217
503,100,208,206.56505117707798,3.0014335268453554
503,100,187,135,0.9555497043061454
503,100,198,315,1.0475656017578483
503,100,300,63.434948822922024,3.0631068184928627
503,100,320,180,2.142857142857143
503,100,342,180,2.158273381294964
503,100,304,234.46232220802563,5.812381937190964
503,100,270,191.3099324740202,3.6949416765165104
503,100,240,180,1.3888888888888888
503,20,208,180,0.6944444444444444
503,20,225,135,1.8982732380846916
503,20,180,165.9637565320735,2.9662630400127057
503,20,156,206.56505117707798,1.6939908920452953
503,20,132,180,2.027027027027027
503,20,99,170.53767779197437,4.376088151293683
503,20,84,180,0.7092198581560284
503,100,135,153.43494882292202,3.312693299999689
503,100,120,161.56505117707798,2.1223340001130064
503,20,567,153.43494882292202,9.316949906249123
503,20,532,90,3.3557046979865772
503,20,540,345.96375653207355,2.9662630400127057
503,20,396,341.565051177078,2.3956648940669543
503,20,506,270,1.3513513513513513
503,20,387,123.69006752597977,7.781765342728035
503,100,832,37.56859202882748,10.861734746262734
503,20,1372,11.768288932020653,17.264296721311638
503,20,1276,18.434948822922024,13.552618543578768
503,20,96,191.3099324740202,3.777051491550211
503,20,96,180,1.9736842105263157
503,20,88,135,1.0029883421085781
503,20,96,206.56505117707798,1.7200522903844537
503,20,96,180,2.5316455696202533
503,20,96,180,4.444444444444445
503,20,84,194.03624346792648,2.9035955109983522
503,20,112,149.0362434679265,4.225327460032827
503,20,91,225,2.0059766842171562
503,20,91,180,2.1739130434782608
503,20,91,194.03624346792648,2.8240449490531923
503,20,105,153.43494882292202,1.49071198499986
503,20,160,161.56505117707798,2.2750198994017117
503,20,126,194.03624346792648,1.9044367785762868
503,20,98,180,2.2556390977443606
503,20,48,180,3.546099290780142
503,20,42,135,2.175713172881685
503,20,28,225,0.8950718749196805
503,20,28,189.4623222080256,4.2836355847170555
503,20,2610,26.565051177077976,6.343455255318553
503,100,54,225,0.9686394262829419
503,100,297,180,4.195804195804196
503,100,224,206.56505117707798,3.2643328138683065
503,100,279,146.30993247402023,2.521364528296496
503,100,252,206.56505117707798,2.98142396999972
503,100,315,135,3.2888687497048723
503,100,306,225,3.9283710065919313
503,100,300,284.03624346792645,5.975515399445885
503,100,224,329.03624346792645,4.164965639175215
503,100,459,315,7.644397634449163
503,100,342,33.69006752597977,7.671385692476573
503,100,280,0,5.0359712230215825
503,100,256,8.130102354155952,4.561979233461598
503,20,2535,53.13010235415595,7.2992700729927
503,20,756,23.198590513648185,5.949822738956179
503,20,700,15.945395900922847,9.393690179716797
503,20,1064,23.962488974578207,7.349893881937391
503,20,1026,23.198590513648185,5.3632204970872595
503,20,952,15.255118703057747,7.890487370928289
503,20,864,23.198590513648185,5.5186761636694985
503,20,285,30.963756532073546,4.2561692663104385
503,20,280,21.801409486351815,3.9307772314850395
503,20,276,26.565051177077976,4.300130725961134
503,20,200,11.30993247402023,3.777051491550211
503,20,630,351.86989764584405,4.8102502121533846
503,20,817,11.30993247402023,7.0819715466566455
503,20,246,29.475889003245754,17.731335320299202
503,20,592,68.19859051364818,3.959680005245959
503,20,1512,315,2.7912109783679506
503,20,962,10.304846468766016,7.818419501747517
503,20,1870,333.434948822922,6.434727992805151
503,20,1365,26.565051177077976,3.228979028880563
503,20,1330,11.30993247402023,6.890566910260519
503,20,1147,26.565051177077976,7.503583817113389
503,20,1088,3.814074834290352,10.586828435473878
503,20,1209,354.28940686250036,6.979080292445063
503,20,1089,80.53767779197437,4.314015978934908
503,20,1225,0,4.3478260869565215
503,20,1292,5.710593137499643,7.027885049734888
503,20,1280,18.434948822922024,6.63414893741618
503,20,1440,0,4.026845637583892
503,20,1504,23.962488974578207,7.085509209925254
503,20,465,16.699244233993625,7.250212853410104
503,20,480,9.462322208025626,4.314015978934908
503,20,480,18.434948822922024,4.5830111016933035
503,20,390,12.528807709151522,6.447233886218802
503,20,2145,33.69006752597977,7.408667004378061
503,20,1584,26.565051177077976,12.869455985610301
503,20,1110,0,6.521739130434782
503,20,837,23.962488974578207,7.1889473005810975
503,20,2052,355.0302592718897,15.812871754267391
503,20,1938,18.434948822922024,4.485500227189191
503,20,187,24.44395478041656,8.27605888602368
503,20,96,29.744881296942253,12.03322051984858
503,20,510,10.7842978675626,7.717530081744386
503,20,504,10.304846468766016,7.503583817113389
503,20,1519,337.3801350519596,9.701492537313433
503,20,1581,14.036243467926454,5.461067053798225
503,20,525,14.931417178137565,11.760738406257595
503,20,576,6.709836807756915,12.054396315932177
503,20,858,4.3987053549955135,9.247095610216524
503,20,1032,12.528807709151522,6.146362971528592
503,20,609,144.78240703180728,15.764130338397585
503,20,960,161.56505117707798,8.604837170526203
503,20,783,135,4.682826365473825
503,20,806,156.37062226934313,13.131014433513519
503,20,902,153.43494882292202,10.505017343958745
503,20,800,135,6.599663291074444
503,20,770,156.80140948635176,5.858287004510699
503,20,950,156.03751102542185,7.085509209925254
503,20,851,180,3.9473684210526314
503,20,713,143.13010235415595,3.7593984962406015
503,20,690,170.53767779197437,4.0551750201988135
503,20,588,153.43494882292202,4.724087276408007
503,20,588,141.34019174590992,9.62875825177872
503,20,588,153.43494882292202,4.47213595499958
503,20,1518,146.30993247402023,4.905511939406788
503,20,1485,146.30993247402023,5.302281287447043
503,20,1376,135,4.979625219623574
503,20,1271,140.19442890773485,5.578749768504753
503,20,1050,149.0362434679265,3.66726534267
503,20,930,128.65980825409008,4.963662199560348
503,20,868,156.80140948635176,5.111257118029469
503,20,930,153.43494882292202,3.1273678006990067
503,20,899,143.13010235415595,3.90625
503,20,840,153.43494882292202,3.042269357142571
503,20,840,180,2.857142857142857
503,100,920,111.80140948635182,8.037559413633588
503,20,2420,180,5.88235294117647
503,20,2142,171.86989764584405,5.050762722761054
503,20,1968,225,7.0710678118654755
503,20,1794,180,5.797101449275362
503,20,1716,167.47119229084842,6.538684012264459
503,20,1681,111.80140948635182,3.542871583641121
503,20,1482,180,6.7164179104477615
503,20,1480,243.43494882292202,1.5636839003495033
503,20,1400,279.4623222080256,3.825636811508314
503,20,522,135,3.6732819801898575
503,20,522,149.0362434679265,4.021346134376069
503,20,522,129.8055710922652,5.828544534258697
503,20,476,165.9637565320735,5.8901508937395155
503,20,486,147.99461679191648,6.461630912367536
503,20,600,157.38013505195954,9.62962962962963
503,20,600,143.13010235415595,3.4013605442176873
503,20,650,135,2.82842712474619
503,20,576,303.69006752597977,2.6907099070626788
503,20,625,145.00797980144137,8.596165926573029
503,20,600,270,3.6231884057971016
503,20,561,141.34019174590992,12.892196451207077
503,20,341,135,3.955842132512154
503,20,288,143.13010235415595,3.6764705882352944
503,20,588,104.03624346792651,2.92418838696288
503,20,702,90,2.6143790849673203
503,20,675,135,4.159451654038515
503,20,806,180,2.18978102189781
503,20,644,270,0.684931506849315
503,20,750,296.565051177078,1.5746957588026689
503,20,672,270,0.7042253521126761
503,20,2356,161.56505117707798,6.825059698205135
503,20,1938,165.9637565320735,2.9877576997229425
503,20,1242,161.56505117707798,6.54264343483113
503,20,880,135,3.8745577051317674
503,20,2294,159.44395478041656,12.033808091996521
503,20,1650,180,3.4013605442176873
503,20,1400,151.3895403340348,9.01436265190048
503,20,1269,150.2551187030578,6.061847931051541
503,100,2303,51.34019174590992,4.7430549906909985
503,100,2109,161.56505117707798,2.2587697572631282
503,100,76,332.35402463626133,15.69969482268834
503,100,95,0,2.7777777777777777
503,100,72,351.86989764584405,4.979625219623574
503,100,270,333.434948822922,3.0631068184928627
503,100,290,20.55604521958344,6.328891663198171
503,100,320,14.036243467926454,2.9450754468697578
503,100,300,350.5376777919744,4.0551750201988135
503,100,320,14.036243467926454,3.0769444967295976
503,100,272,348.69006752597977,3.6421567954234173
503,20,234,0,2.666666666666667
503,100,280,344.05460409907715,5.4329178278212815
503,100,594,338.1985905136482,3.590109871423002
503,100,459,14.036243467926454,3.0769444967295976
503,100,400,0,2.857142857142857
503,100,368,0,3.4482758620689653
503,100,322,0,1.342281879194631
503,100,1188,336.8014094863518,5.216282949221855
503,100,682,14.036243467926454,6.200158835515279
503,100,667,90,1.3513513513513513
503,100,588,0,1.4285714285714286
503,100,540,18.434948822922024,2.2750198994017117
503,100,560,345.96375653207355,2.7858821794713924
503,100,266,0,2.0689655172413794
503,100,234,21.801409486351815,3.7658495154786737
503,100,252,194.03624346792648,3.031695312954162
503,100,276,146.30993247402023,2.670778722565918
503,100,495,254.05460409907715,10.181971873119606
503,100,374,129.8055710922652,5.172350778746129
503,100,341,140.19442890773485,5.500175828103277
503,100,270,161.56505117707798,2.1659436028550543
503,100,230,206.56505117707798,3.4138442404576947
503,100,351,146.30993247402023,2.6127183155536153
503,100,465,146.30993247402023,2.539120616523936
503,100,594,153.43494882292202,1.4614823382351567
503,100,510,143.13010235415595,3.731343283582089
503,100,464,146.30993247402023,2.521364528296496
503,100,286,180,7.092198581560284
503,100,216,188.13010235415598,4.944802665640193
503,20,88,180,2.112676056338028
503,20,80,198.43494882292202,2.2427501135945955
503,20,90,165.9637565320735,2.8048337589235786
503,20,70,198.43494882292202,2.2915055508466518
503,20,104,225,1.9372788525658837
503,20,84,180,4.580152671755725
503,20,84,153.43494882292202,1.552824984374854
503,20,119,213.69006752597977,2.5571285641588575
503,20,98,161.56505117707798,2.0804458290581445
503,20,98,180,2.1739130434782608
503,20,112,180,2.7027027027027026
503,20,108,180,2.877697841726619
503,20,108,168.69006752597977,3.6949416765165104
503,20,120,180,2.7027027027027026
503,20,108,165.9637565320735,2.8048337589235786
503,20,132,201.80140948635182,4.07967030843523
503,20,90,146.30993247402023,2.403700850309326
503,20,81,116.56505117707798,1.6441676305145512
503,20,81,206.56505117707798,1.6563466499998445
503,20,81,180,2.097902097902098
503,20,120,161.56505117707798,2.413952412342274
503,20,105,180,2.898550724637681
503,20,105,180,3.5211267605633805
503,20,160,213.69006752597977,2.3565694610875747
503,20,105,153.43494882292202,3.3374148917907314
503,20,120,225,4.040610178208843
503,20,102,126.86989764584405,3.546099290780142
503,20,119,194.03624346792648,2.8832906472850772
503,20,128,180,2.083333333333333
503,100,96,180,3.64963503649635
503,100,128,180,1.4084507042253522
503,100,114,180,1.3793103448275863
503,100,85,170.53767779197437,4.40779893499871
503,20,210,198.43494882292202,2.3082318687360432
503,20,195,165.9637565320735,2.9035955109983522
503,20,399,270,2.0689655172413794
503,20,323,161.56505117707798,4.5830111016933035
503,20,272,180,0.6535947712418301
503,20,464,315,1.0713739108887086
503,20,420,180,2.7777777777777777
503,20,480,153.43494882292202,3.2883352610291023
503,20,529,170.53767779197437,4.166275705683712
503,20,462,180,5.185185185185185
503,20,420,180,2.6143790849673203
503,20,616,191.3099324740202,3.6163258961650957
503,20,588,164.0546040990771,5.392673992059643
503,20,600,180,0.7092198581560284
503,20,532,161.56505117707798,2.2269560987101262
503,20,540,194.03624346792648,2.8435211211156277
503,20,456,161.56505117707798,2.094223616005549
503,20,396,180,4.511278195488721
503,20,340,153.43494882292202,1.5636839003495033
503,20,414,303.69006752597977,2.6127183155536153
503,20,324,159.44395478041656,3.0297885621693372
503,20,361,198.43494882292202,2.0668481439009017
503,20,323,180,2.4
503,20,342,180,2.0689655172413794
503,20,357,180,2.083333333333333
503,20,304,180,1.4705882352941175
503,20,340,194.03624346792648,2.7305335268991127
503,20,270,153.43494882292202,1.5315534092464314
503,20,247,278.13010235415595,5.050762722761054
503,100,80,165.9637565320735,2.8832906472850772
503,20,90,153.43494882292202,3.105649968749708
503,20,90,198.43494882292202,2.3082318687360432
503,20,84,180,2.8169014084507045
503,20,112,194.03624346792648,2.8435211211156277
503,20,91,149.0362434679265,4.225327460032827
503,20,77,206.56505117707798,1.4614823382351567
503,20,70,198.43494882292202,2.3956648940669543
503,20,70,180,0.6944444444444444
503,20,70,206.56505117707798,1.6441676305145512
503,20,156,153.43494882292202,1.5315534092464314
503,20,196,161.56505117707798,2.3424278964210217
503,20,156,201.80140948635182,3.5197155602186303
503,20,741,270,8.275862068965518
503,20,945,251.56505117707798,2.2427501135945955
503,20,714,180,3.7037037037037033
503,20,532,153.43494882292202,3.1717276276592763
503,100,80,143.13010235415595,3.571428571428571
503,100,96,213.69006752597977,2.46955566812602
503,100,56,168.69006752597977,3.6421567954234173
503,100,48,153.43494882292202,1.5971914124998499
503,100,40,161.56505117707798,2.053427052057389
503,100,56,225,2.2447834323382465
503,100,44,158.19859051364824,3.7658495154786737
503,20,88,225,2.7196414661021056
503,20,90,191.3099324740202,3.668359362296967
503,20,187,209.7448812969422,5.928130697278345
503,20,132,225,0.9007729696643919
503,20,176,206.56505117707798,5.2820503405506845
503,20,121,206.56505117707798,4.442519160595609
503,20,72,243.43494882292202,10.86977489062398
503,20,77,191.3099324740202,3.7492790541123413
503,100,55,180,2.877697841726619
503,20,50,180,3.6764705882352944
503,20,33,180,3.1847133757961785
503,20,252,186.3401917459099,6.658371425101042
503,20,231,203.19859051364818,4.850810895454718
503,20,35,161.56505117707798,4.3617622898874195
503,20,35,168.69006752597977,3.5908588123892846
503,20,40,189.4623222080256,4.1950086415849785
503,20,35,165.9637565320735,3.1000794177576396
503,20,40,189.4623222080256,4.253680091117635
503,20,35,158.19859051364824,3.5663343093605984
503,20,35,189.4623222080256,4.539375022610612
503,20,35,171.86989764584405,5.050762722761054
503,20,35,194.03624346792648,2.748737083745107
503,20,35,170.53767779197437,4.439972649852715
503,20,35,194.03624346792648,2.9662630400127057
503,20,40,180,3.4965034965034967
503,20,40,189.4623222080256,4.376088151293683
503,20,42,146.30993247402023,2.46955566812602
503,20,35,191.3099324740202,3.4452834551302596
503,20,42,180,2.2058823529411766
503,20,56,191.3099324740202,3.4221607473777076
503,20,40,198.43494882292202,2.3599087016181937
503,20,40,198.43494882292202,2.1808811449437098
503,20,48,153.43494882292202,3.312693299999689
503,20,48,180,2.0689655172413794
503,20,135,180,4.316546762589928
503,20,112,180,2.054794520547945
503,20,120,180,2.027027027027027
503,20,420,25.01689347810003,11.109359300165671
503,20,437,14.036243467926454,6.019132300171767
503,20,437,15.945395900922847,4.986376636493506
503,20,374,12.528807709151522,6.314756477597867
503,20,368,15.945395900922847,5.126837950197547
503,100,1085,26.565051177077976,9.065140449323472
503,100,1190,9.462322208025626,4.137933694080422
503,100,1190,15.945395900922847,5.473766834045502
503,100,1155,15.945395900922847,5.200078492343227
503,100,1120,14.036243467926454,5.497474167490214
503,20,1271,14.036243467926454,5.6480898981063845
503,20,1160,15.945395900922847,5.515234764606453
503,20,1053,26.565051177077976,4.724087276408007
503,20,825,20.55604521958344,5.892416376081055
503,20,828,10.304846468766016,8.281733249999222
503,20,851,33.69006752597977,2.452755969703394
503,20,851,14.036243467926454,5.8901508937395155
503,20,851,12.528807709151522,6.358306522270957
503,20,550,18.434948822922024,4.550039798803423
503,20,552,14.036243467926454,5.461067053798225
503,20,572,7.125016348901795,5.677646301618696
503,20,609,26.565051177077976,3.312693299999689
503,20,616,8.130102354155952,4.745683095211729
503,20,702,45,3.1426968052735442
503,20,702,18.434948822922024,4.422765958277454
503,20,858,18.434948822922024,4.3318872057101085
503,20,884,11.30993247402023,3.4221607473777076
503,20,1092,11.30993247402023,3.565747911603346
503,20,1053,26.565051177077976,3.1273678006990067
503,20,1000,21.801409486351815,3.590109871423002
