304,20,54,129.8055710922652,5.0388707586494546
304,20,35,116.56505117707798,1.7200522903844537
304,20,18,270,0.7299270072992701
304,20,152,6.3401917459099195,7.362101738323104
304,20,168,22.47943439710309,19.37327756354965
304,20,168,0,1.5873015873015872
304,20,270,71.56505117707798,2.1659436028550543
304,20,342,33.69006752597977,2.503855052405548
304,20,255,0,3.2
304,20,286,23.962488974578207,6.839484584580628
304,20,325,26.565051177077976,1.6939908920452953
304,20,312,18.434948822922024,2.2269560987101262
304,20,345,39.80557109226521,5.539184167309684
304,20,375,315,0.9123958466923194
304,20,493,180,1.5384615384615385
304,20,360,11.30993247402023,3.7219120537173613
304,20,345,180,0.5988023952095809
304,20,315,0,0.7936507936507936
304,20,300,270,0.7042253521126761
304,20,294,180,0.7142857142857143
304,20,266,0,0.7352941176470588
304,20,308,180,0.684931506849315
304,20,280,0,0.7246376811594203
304,20,286,180,0.7633587786259541
304,20,240,315,0.9889605331280386
304,20,240,180,0.7042253521126761
304,20,240,0,0.6711409395973155
304,20,240,180,0.7042253521126761
304,20,240,0,0.6535947712418301
304,20,200,270,0.6802721088435374
304,20,180,90,0.7407407407407408
304,20,190,270,0.7462686567164178
304,20,190,45,1.0101525445522108
304,20,190,225,0.9889605331280386
304,20,150,0,0.7246376811594203
304,20,135,90,0.7299270072992701
304,20,126,225,0.9428090415820635
304,20,96,0,0.6711409395973155
304,20,104,180,0.6993006993006993
304,20,96,180,2.054794520547945
304,20,96,0,1.4388489208633095
304,20,96,0,0.684931506849315
304,20,88,180,2.158273381294964
304,20,88,225,0.9820927516479828
304,20,88,270,0.6711409395973155
304,20,90,45,1.0174198290453922
304,20,64,125.53767779197437,5.9326381152018115
304,100,1216,0,0.7246376811594203
304,100,1110,18.434948822922024,2.0804458290581445
304,100,1152,270,0.7352941176470588
304,100,1116,281.30993247402023,3.4924791188991673
304,100,1120,0,1.2903225806451613
304,100,1085,270,0.7936507936507936
304,100,1221,333.434948822922,1.4614823382351567
304,100,198,53.13010235415595,3.3333333333333335
304,100,252,18.434948822922024,4.5830111016933035
304,100,220,341.565051177078,4.6164637374720865
304,100,357,33.69006752597977,4.593058949635655
304,100,468,8.130102354155952,4.777748521530727
304,100,512,33.69006752597977,2.7950009887317746
304,100,510,26.565051177077976,3.2643328138683065
304,100,315,0,3.9473684210526314
304,100,352,315,3.119588740528886
304,100,352,350.5376777919744,4.166275705683712
304,100,429,0,3.870967741935484
304,100,416,333.434948822922,3.549314249999666
304,100,429,11.30993247402023,3.3326924925443038
304,100,1400,59.03624346792651,12.675982380098477
304,100,35,333.434948822922,1.49071198499986
304,20,42,0,2.898550724637681
304,100,60,0,1.4598540145985401
304,100,66,0,2.547770700636943
304,100,55,0,2.027027027027027
304,100,304,90,1.550387596899225
304,100,289,18.434948822922024,2.3082318687360432
304,20,342,333.434948822922,3.042269357142571
304,20,396,333.434948822922,4.502150290268033
304,20,288,33.69006752597977,2.7109408086195406
304,20,224,338.1985905136482,3.5663343093605984
304,20,195,0,2.9629629629629632
304,20,169,0,1.948051948051948
304,100,120,51.34019174590992,4.326435295562735
304,100,128,315,0.9304036594559837
304,100,105,0,2.0689655172413794
304,100,98,225,1.1135539861205472
304,100,180,14.036243467926454,2.483798569649193
304,100,171,0,1.6666666666666667
304,100,253,26.565051177077976,3.240678228260565
304,100,253,0,2.7586206896551726
304,100,230,0,2.8368794326241136
304,100,230,26.565051177077976,1.5971914124998499
304,100,299,270,1.257861635220126
304,100,253,14.036243467926454,2.9662630400127057
304,100,220,0,1.6260162601626018
304,100,242,348.69006752597977,3.3326924925443038
304,100,240,0,1.3793103448275863
304,100,280,0,3.007518796992481
304,100,360,0,2.7777777777777777
304,100,360,0,1.4492753623188406
304,100,352,0,1.9736842105263157
304,100,285,18.434948822922024,2.1659436028550543
304,100,696,302.0053832080835,6.936750832394561
304,100,189,0,3.3112582781456954
304,20,405,225,1.9372788525658837
304,20,338,296.565051177078,1.6687074458953657
304,20,264,14.036243467926454,2.7305335268991127
304,20,180,14.036243467926454,3.0769444967295976
304,20,162,315,1.0398629135096287
304,20,144,0,0.6451612903225806
304,20,154,270,1.4925373134328357
304,20,144,0,0.6802721088435374
304,20,120,0,0.7246376811594203
304,20,99,341.565051177078,2.489982409581401
304,20,96,243.43494882292202,1.510856741553912
304,20,60,0,0.6578947368421052
304,20,32,270,1.3793103448275863
304,20,28,270,0.7874015748031495
304,20,28,270,0.6024096385542169
304,20,120,296.565051177078,5.5901699437494745
304,20,80,180,0.7246376811594203
304,20,225,333.434948822922,3.0842316931031584
304,20,99,180,1.4184397163120568
304,20,95,318.01278750418334,8.793218331420725
304,20,85,180,0.6896551724137931
304,20,80,116.56505117707798,1.5746957588026689
304,20,70,165.9637565320735,2.7858821794713924
304,20,54,135,0.9491366190423458
304,20,108,135,1.0174198290453922
304,20,168,144.46232220802563,6.4679137346185165
304,20,63,213.69006752597977,2.3565694610875747
304,100,390,285.94539590092285,5.126837950197547
304,100,345,315,1.9918500878494296
304,100,264,0,2.941176470588235
304,100,230,0,0.6369426751592357
304,100,260,0,3.125
304,100,504,0,4.968944099378882
304,100,403,284.03624346792645,2.92418838696288
304,100,330,315,2.175713172881685
304,100,290,14.036243467926454,2.7125694905379345
304,100,308,0,2.9850746268656714
304,100,128,341.565051177078,2.014189592463936
304,100,180,326.30993247402023,2.7314782389878705
304,100,136,326.30993247402023,2.861548631320626
304,100,190,345.96375653207355,2.7858821794713924
304,100,189,0,2.013422818791946
304,100,171,0,1.4492753623188406
304,100,152,323.13010235415595,3.546099290780142
304,100,144,315,2.925959094565024
304,100,136,306.86989764584405,3.731343283582089
304,100,190,21.801409486351815,3.9022933385032634
304,100,190,326.30993247402023,2.3261621132025736
304,100,198,0,0.7575757575757576
304,100,180,329.03624346792645,4.0775887376540565
304,100,170,23.198590513648185,5.32571545864609
304,100,216,270,2.797202797202797
304,100,228,14.036243467926454,5.8071910219967044
304,100,210,326.30993247402023,2.503855052405548
304,100,190,0,2.112676056338028
304,20,168,288.434948822922,2.4513780311382787
304,20,368,153.43494882292202,1.5211346785712856
304,20,345,153.43494882292202,3.2173639964025753
304,20,345,161.56505117707798,2.2427501135945955
304,20,345,153.43494882292202,1.5007167634226777
304,20,352,180,0.7575757575757576
304,20,352,161.56505117707798,2.196026152894708
304,20,357,153.43494882292202,2.8852490032255353
304,20,400,206.56505117707798,1.6939908920452953
304,20,418,180,1.4184397163120568
304,20,432,270,0.7042253521126761
304,20,450,153.43494882292202,1.5421158465515792
304,20,378,143.13010235415595,3.4722222222222223
304,20,304,170.53767779197437,4.344830378784442
304,20,255,180,0.7042253521126761
304,20,336,0,1.4388489208633095
304,20,340,288.434948822922,2.3082318687360432
304,20,320,270,2.684563758389262
304,20,399,170.53767779197437,4.539375022610612
304,20,399,180,2.083333333333333
304,20,378,180,2.7586206896551726
304,20,440,135,1.032272673265033
304,20,400,180,2.8169014084507045
304,20,399,165.9637565320735,2.767184983636014
304,20,483,135,2.1107665110046194
304,20,360,194.03624346792648,2.8435211211156277
304,20,360,153.43494882292202,1.4614823382351567
304,20,380,153.43494882292202,3.5213668937004563
304,20,340,180,1.948051948051948
304,20,304,158.19859051364824,3.792369582489087
304,20,285,161.56505117707798,2.3776523760664507
304,20,266,198.43494882292202,2.1366740947083644
304,20,247,146.30993247402023,2.6127183155536153
304,20,260,153.43494882292202,1.5746957588026689
304,20,240,180,2.73972602739726
304,20,200,180,2.112676056338028
304,20,200,161.56505117707798,2.3599087016181937
304,20,171,164.0546040990771,5.020765440883116
304,20,180,270,0.7042253521126761
304,20,180,135,2.0203050891044216
304,20,180,180,1.3888888888888888
304,20,189,194.03624346792648,2.8435211211156277
304,20,200,180,1.4492753623188406
304,20,190,165.9637565320735,2.9450754468697578
304,20,190,206.56505117707798,1.510856741553912
304,20,190,180,2
304,20,240,153.43494882292202,1.8032806270159594
304,20,273,180,1.910828025477707
304,20,252,180,1.5873015873015872
304,100,585,146.30993247402023,2.539120616523936
304,100,507,104.03624346792651,2.86326779556782
304,100,532,213.69006752597977,5.302281287447043
304,100,468,104.03624346792651,2.86326779556782
304,100,442,180,1.5037593984962405
304,100,533,225,1.885618083164127
304,100,480,146.30993247402023,4.905511939406788
304,100,420,180,1.550387596899225
304,100,377,161.56505117707798,2.1223340001130064
304,100,364,161.56505117707798,2.1808811449437098
304,100,378,116.56505117707798,1.6812541184208947
304,100,364,180,2.142857142857143
304,100,364,180,1.9736842105263157
304,100,324,357.1375947738882,15.286247629389916
304,100,198,216.86989764584402,3.3557046979865772
304,100,168,180,2.9197080291970803
304,100,140,191.3099324740202,3.247783129676933
304,100,147,180,0.7462686567164178
304,100,176,198.43494882292202,2.3082318687360432
304,100,160,198.43494882292202,2.2269560987101262
304,100,451,257.4711922908485,6.632765796613588
304,100,297,113.19859051364818,5.252257314388903
304,100,240,225,1.0553832555023097
304,100,280,206.56505117707798,1.5636839003495033
304,100,840,259.2157021324374,15.379538364339531
304,100,876,206.56505117707798,3.0631068184928627
304,100,1218,150.9453959009229,2.405521060978271
304,100,936,146.30993247402023,2.5571285641588575
304,100,748,128.65980825409008,4.7430549906909985
304,100,656,149.0362434679265,4.021346134376069
304,100,540,296.565051177078,3.105649968749708
304,100,570,180,4.3478260869565215
304,100,260,198.43494882292202,2.3599087016181937
304,100,208,180,2.73972602739726
304,100,168,165.9637565320735,3.147408874517298
304,20,72,165.9637565320735,2.6261819271450064
304,20,63,180,2.2388059701492535
304,20,48,198.43494882292202,2.2750198994017117
304,20,48,153.43494882292202,1.5636839003495033
304,20,40,180,1.4598540145985401
304,20,40,168.69006752597977,3.376834114962109
304,20,35,153.43494882292202,1.6441676305145512
304,100,100,153.43494882292202,1.6687074458953657
304,100,429,196.69924423399362,7.6206616853361675
304,100,400,141.34019174590992,4.240479627438972
304,100,350,225,2.0797258270192573
304,100,385,170.53767779197437,4.2836355847170555
304,100,330,101.30993247402023,3.668359362296967
304,100,544,216.86989764584402,3.4482758620689653
304,100,544,161.56505117707798,2.3599087016181937
304,100,600,135,1.977921066256077
304,100,533,146.30993247402023,2.5939217809093447
304,100,253,146.30993247402023,2.5939217809093447
304,100,252,143.13010235415595,3.64963503649635
304,100,299,194.03624346792648,2.767184983636014
304,100,378,206.56505117707798,1.6086819982012877
304,100,252,135,2.8861501272920305
304,100,532,225,1.9918500878494296
304,100,350,153.43494882292202,4.6584749531245615
304,100,312,180,2.941176470588235
304,100,264,161.56505117707798,2.196026152894708
304,100,252,146.30993247402023,2.7109408086195406
304,100,220,180,2.666666666666667
304,100,209,161.56505117707798,2.1512092926315507
304,100,209,180,3.10077519379845
304,100,209,161.56505117707798,2.1223340001130064
304,100,220,153.43494882292202,1.5421158465515792
304,100,209,180,0.7518796992481203
304,100,209,180,2.142857142857143
304,100,209,153.43494882292202,1.4710973536182828
304,100,209,180,2.2222222222222223
304,100,220,180,2.083333333333333
304,100,198,153.43494882292202,1.510856741553912
304,100,187,146.30993247402023,2.6907099070626788
304,100,176,180,1.3888888888888888
304,100,150,146.30993247402023,2.486587086526889
304,100,140,180,1.4598540145985401
304,100,120,153.43494882292202,1.5746957588026689
304,100,110,161.56505117707798,2.1223340001130064
304,100,90,180,1.4925373134328357
304,100,81,146.30993247402023,2.486587086526889
304,100,72,180,1.3071895424836601
304,100,64,153.43494882292202,1.7606834468502282
304,100,64,153.43494882292202,1.4519921931816817
304,20,144,63.434948822922024,1.5746957588026689
304,20,132,180,1.5037593984962405
304,20,132,135,0.9555497043061454
304,20,90,111.80140948635182,3.9022933385032634
304,20,108,180,0.7042253521126761
304,20,117,90,1.36986301369863
304,20,338,233.13010235415598,3.597122302158273
304,20,299,153.43494882292202,1.552824984374854
304,100,102,180,2.2058823529411766
304,100,85,135,1.9641855032959656
304,100,78,135,0.9428090415820635
304,100,60,153.43494882292202,1.5211346785712856
304,100,50,225,1.0962895832349575
304,100,40,135,0.9491366190423458
304,100,44,90,2.0689655172413794
304,100,40,153.43494882292202,1.6812541184208947
304,100,77,163.30075576600643,14.10852230933858
304,100,480,161.56505117707798,2.1808811449437098
304,100,464,135,3.0968180197950983
304,100,527,198.43494882292202,2.2269560987101262
304,100,609,135,1.8982732380846916
304,100,594,135,1.0553832555023097
304,100,528,135,1.950639396376683
304,100,440,90,1.3071895424836601
304,100,414,146.30993247402023,2.83901675233385
304,100,368,135,0.9183204950474644
304,100,360,135,0.9959250439247148
304,100,315,180,1.5037593984962405
304,20,165,135,1.1404948083653994
304,20,304,143.13010235415595,3.3557046979865772
304,20,304,149.0362434679265,4.135426875776809
304,20,270,153.43494882292202,4.594660227739293
304,20,270,146.30993247402023,5.187843561818689
304,20,270,180,2.7777777777777777
304,20,270,126.86989764584405,3.4246575342465753
304,20,238,143.13010235415595,3.7037037037037033
304,20,224,180,2.097902097902098
304,20,180,141.34019174590992,4.639945099589021
304,20,180,158.19859051364824,3.792369582489087
304,20,168,146.30993247402023,2.403700850309326
304,20,154,168.69006752597977,3.777051491550211
304,20,154,146.30993247402023,2.503855052405548
304,20,143,180,2.684563758389262
304,20,400,129.8055710922652,5.659601214425112
304,20,288,45,6.971475307473003
304,20,290,32.47119229084848,9.05444778500368
304,20,216,19.44003482817618,12.26377984851697
304,20,276,21.037511025421793,11.904605365114632
304,20,320,24.44395478041656,8.884592627643068
304,20,624,55.491477012331586,13.868919884962573
304,20,195,264.80557109226515,7.778423251540325
304,20,460,16.113418233089305,10.792662146203105
304,20,504,10.619655276155129,12.239714733909555
304,20,504,12.094757077012105,9.740014328759424
304,20,450,14.931417178137565,11.168471004503616
304,20,513,28.61045966596521,8.582167182288813
304,100,1485,9.462322208025626,8.945239015144441
304,100,1518,354.8055710922652,7.363574011458174
304,100,1666,45,7.387682788516169
304,100,1768,16.699244233993625,6.692504172378558
304,100,1734,18.434948822922024,9.439634806472775
304,100,1568,18.434948822922024,9.369711585684087
304,100,1568,15.255118703057747,7.809420719857109
304,100,1536,33.69006752597977,4.93911133625204
304,20,1836,38.65980825409008,4.21258173515319
304,20,756,143.13010235415595,3.6764705882352944
304,20,986,16.38954033403479,12.391639962705838
304,20,1452,11.30993247402023,7.033130363576255
304,20,1023,21.801409486351815,3.792369582489087
304,20,1326,8.130102354155952,10.101525445522109
304,20,1160,6.3401917459099195,6.491315511209618
304,20,574,17.10272896905235,10.00108125642312
304,20,656,33.69006752597977,5.150787536377127
304,20,660,11.30993247402023,10.477437356697504
304,20,760,18.434948822922024,11.712139482105108
304,20,1029,15.945395900922847,9.972753272987012
304,20,400,14.036243467926454,11.533162589140309
304,20,330,14.036243467926454,6.019132300171767
304,20,315,18.434948822922024,12.820044568250186
304,20,300,21.801409486351815,11.297548546436023
304,20,280,10.007979801441365,13.278981924332362
304,20,252,21.801409486351815,7.277249739370951
304,100,240,351.86989764584405,5.276916277511549
304,100,180,18.434948822922024,2.2750198994017117
304,100,481,302.0053832080835,6.55137578615042
304,100,495,18.434948822922024,2.3252041618885144
304,100,714,26.565051177077976,3.042269357142571
304,100,988,341.565051177078,2.0804458290581445
304,100,975,0,1.4184397163120568
304,100,988,14.036243467926454,2.92418838696288
304,100,1080,338.1985905136482,3.9307772314850395
304,100,1000,0,3.571428571428571
304,100,1050,338.1985905136482,3.4742998755706473
304,100,897,0,3.4965034965034967
304,100,861,351.86989764584405,5.199314567548144
304,100,840,0,4.37956204379562
304,100,703,348.69006752597977,3.2069305116935753
304,100,646,296.565051177078,3.1717276276592763
304,100,1000,303.69006752597977,5.263578504326992
304,100,931,254.05460409907715,5.200078492343227
304,100,756,303.69006752597977,2.3261621132025736
304,100,684,309.8055710922652,5.461713060074583
304,100,595,0,4.411764705882353
304,100,544,45,4.129090693060132
304,100,612,0,2.515723270440252
304,100,528,333.434948822922,3.7899457245759147
304,100,544,37.56859202882748,11.884941642649801
304,100,722,281.30993247402023,3.5409857733283228
304,100,1000,24.775140568831944,9.874359353983692
304,100,1449,60.2551187030578,5.269449508691862
304,100,1120,315,7.499617376220959
304,100,1127,45,2.0951312035156966
304,100,319,9.462322208025626,4.752158226795484
304,100,312,348.69006752597977,3.5165651817881276
304,100,312,18.434948822922024,2.196026152894708
304,100,286,26.565051177077976,3.3879817840905906
304,100,297,0,2.666666666666667
304,100,297,345.96375653207355,2.9035955109983522
304,100,319,341.565051177078,2.3082318687360432
304,100,297,26.565051177077976,4.594660227739293
304,100,297,33.69006752597977,2.539120616523936
304,100,270,9.462322208025626,4.439972649852715
304,100,312,26.565051177077976,8.043409991006438
304,100,300,0,2
304,100,322,0,2.2900763358778624
304,100,330,0,2.0689655172413794
304,100,300,0,3.4482758620689653
304,100,152,0,4.929577464788732
304,20,168,169.0459373566017,21.479800549451625
304,20,40,243.43494882292202,5.006122337686096
304,20,40,153.43494882292202,1.5315534092464314
304,20,156,152.10272896905235,13.838405799763557
304,20,91,194.03624346792648,2.660068145559781
304,20,98,180,2.1739130434782608
304,20,72,194.03624346792648,3.031695312954162
304,20,80,191.3099324740202,3.777051491550211
304,20,45,141.34019174590992,4.573660169594892
304,20,40,194.03624346792648,2.660068145559781
304,20,70,161.56505117707798,2.3956648940669543
304,20,50,168.69006752597977,3.668359362296967
304,20,88,180,1.3888888888888888
304,20,65,135,2.2862574911343336
304,20,64,225,5.316592339748478
304,20,110,153.43494882292202,3.2883352610291023
304,20,121,180,2.2222222222222223
304,20,252,270,2.6490066225165565
304,20,247,126.86989764584405,3.4722222222222223
304,20,144,225,0.9889605331280386
304,20,187,213.69006752597977,2.7314782389878705
304,20,297,260.5376777919744,4.166275705683712
304,20,416,243.43494882292202,1.5858638138296381
304,20,416,180,0.6896551724137931
304,20,468,90,2.18978102189781
304,20,405,180,2.097902097902098
304,20,432,180,1.4184397163120568
304,20,432,165.9637565320735,2.9662630400127057
304,100,448,206.56505117707798,1.5421158465515792
304,100,527,225,1.9110994086122908
304,100,540,158.19859051364824,3.8742192857082762
304,100,589,180,1.2903225806451613
304,100,594,243.43494882292202,1.8032806270159594
304,100,665,206.56505117707798,1.5636839003495033
304,100,700,180,0.6944444444444444
304,100,760,236.3099324740202,2.46955566812602
304,100,858,146.30993247402023,2.5571285641588575
304,100,858,270,4.285714285714286
304,100,902,206.56505117707798,1.5636839003495033
304,20,160,135,3.7216146378239348
304,20,209,180,3.1645569620253164
304,20,171,158.19859051364824,3.792369582489087
304,20,160,180,3.10077519379845
304,20,126,143.13010235415595,3.4482758620689653
304,20,108,191.3099324740202,3.4924791188991673
304,20,153,191.3099324740202,3.92232270276368
304,20,140,168.69006752597977,3.2896900087695387
304,20,147,180,2.877697841726619
304,20,147,143.13010235415595,3.4482758620689653
304,20,176,206.56505117707798,1.4710973536182828
304,20,312,119.05460409907715,8.236504112789602
304,20,312,161.56505117707798,2.2587697572631282
304,20,360,135,2.82842712474619
304,20,297,239.03624346792648,4.3514566379442545
304,20,286,236.3099324740202,2.670778722565918
304,20,242,198.43494882292202,2.1223340001130064
304,20,253,135,1.977921066256077
304,20,360,180,2.112676056338028
304,20,315,180,1.342281879194631
304,20,390,146.30993247402023,2.8168369339562416
304,20,336,180,0.7042253521126761
304,20,315,165.9637565320735,2.7125694905379345
304,20,315,180,1.935483870967742
304,20,330,180,1.5873015873015872
304,100,558,146.30993247402023,2.436183294232425
304,100,570,198.43494882292202,2.3082318687360432
304,100,493,161.56505117707798,2.211382979138727
304,100,225,147.52880770915152,8.577897901582434
304,100,175,161.56505117707798,2.4325212770525995
304,100,186,123.69006752597977,2.3261621132025736
304,20,63,251.56505117707798,6.92469560620813
304,20,98,218.65980825409008,4.3558668281856106
304,20,78,206.56505117707798,1.5971914124998499
304,20,72,168.69006752597977,3.6421567954234173
304,20,66,180,2.083333333333333
304,20,72,206.56505117707798,3.1273678006990067
304,20,55,180,2.9629629629629632
304,20,72,153.43494882292202,1.5315534092464314
304,20,55,198.43494882292202,2.2427501135945955
304,20,48,180,2.027027027027027
304,20,84,180,5.755395683453238
304,20,56,194.03624346792648,2.8048337589235786
304,20,56,116.56505117707798,1.6203391141302825
304,20,56,194.03624346792648,2.7858821794713924
304,20,64,141.34019174590992,4.268749491621899
304,20,156,218.65980825409008,4.4777092569460475
304,100,468,180,2.2222222222222223
304,100,350,45,0.9491366190423458
304,100,325,161.56505117707798,2.211382979138727
304,100,338,225,1.9918500878494296
304,100,312,270,0.6711409395973155
304,100,324,135,5.524271728019903
304,100,330,108.43494882292202,4.4539121974202525
304,100,352,180,1.9736842105263157
304,100,192,310.6012946450045,6.402461428675616
304,100,192,299.7448812969422,5.374838498865699
304,100,672,135,2.0797258270192573
304,100,608,168.69006752597977,3.6163258961650957
304,100,589,153.43494882292202,1.5746957588026689
304,100,589,153.43494882292202,3.312693299999689
304,100,570,180,0.684931506849315
304,100,551,153.43494882292202,3.1943828249996997
304,100,551,153.43494882292202,1.5858638138296381
304,100,551,180,1.3888888888888888
304,100,532,161.56505117707798,2.053427052057389
304,100,532,135,3.030457633656632
304,100,532,180,1.4705882352941175
304,100,532,135,1.950639396376683
304,100,513,180,0.6944444444444444
304,100,494,161.56505117707798,2.2427501135945955
304,100,1107,116.56505117707798,11.94845484160193
304,100,725,71.56505117707798,2.196026152894708
304,100,598,0,1.3986013986013985
304,100,360,296.565051177078,1.5746957588026689
304,100,308,0,0.6896551724137931
304,100,270,18.434948822922024,2.211382979138727
304,100,266,0,0.7042253521126761
304,100,198,180,0.6993006993006993
304,100,126,270,0.7407407407407408
304,100,104,135,1.0029883421085781
304,100,88,90,0.6756756756756757
304,100,77,333.434948822922,1.4333769086537114
304,100,84,288.434948822922,2.3252041618885144
304,100,45,90,2.112676056338028
304,100,35,0,0.6944444444444444
304,100,80,90,1.4814814814814816
304,100,310,270,2.158273381294964
304,100,450,279.4623222080256,4.109974682633933
304,100,468,45,1.0475656017578483
304,100,288,135,0.9620500424306769
304,100,128,296.565051177078,1.6441676305145512
304,100,84,90,0.684931506849315
304,100,66,135,0.9959250439247148
304,100,112,270,0.7194244604316548
304,100,78,90,0.7042253521126761
304,100,98,270,0.6993006993006993
304,100,165,135,1.9241000848613539
304,100,100,33.69006752597977,2.46955566812602
304,20,450,243.43494882292202,1.5746957588026689
304,20,720,11.888658039627956,13.390681268239724
304,20,966,36.86989764584405,3.4013605442176873
304,20,648,18.434948822922024,11.541159343680215
304,20,1125,18.434948822922024,6.497830808565164
304,20,1081,26.565051177077976,7.929319069148192
304,20,1100,18.434948822922024,11.712139482105108
304,20,987,34.992020198558635,8.360654531324453
304,20,920,22.6198649480404,9.219858156028367
304,20,891,19.09349200048564,9.72213179660608
304,20,1464,90,0.6802721088435374
304,20,1782,38.65980825409008,4.887881097276984
304,20,2048,28.61045966596521,8.641354542166667
304,20,1860,26.565051177077976,4.563404035713857
304,20,1740,29.744881296942253,5.884859670290911
304,20,1400,26.565051177077976,7.657767046232157
304,20,1352,39.80557109226521,5.539184167309684
304,20,1152,18.434948822922024,4.684855792842043
304,20,1012,108.43494882292202,2.1659436028550543
304,100,20,270,4.929577464788732
304,20,2040,40.60129464500449,6.402461428675616
304,100,1050,251.56505117707798,4.6164637374720865
304,100,144,28.61045966596521,8.762212647651516
304,100,496,315,1.950639396376683
304,100,900,281.30993247402023,3.376834114962109
304,100,972,63.434948822922024,1.6939908920452953
304,100,999,348.69006752597977,3.6421567954234173
304,100,1800,33.69006752597977,7.023801185968812
304,100,864,285.25511870305775,7.917884896521792
304,100,765,306.86989764584405,3.2467532467532463
304,100,990,290.55604521958344,5.933335934248285
304,100,1140,9.462322208025626,4.1950086415849785
304,100,1400,296.565051177078,1.5858638138296381
304,100,1375,333.434948822922,2.9616794403970728
304,100,1456,338.1985905136482,3.959680005245959
304,100,1450,326.30993247402023,2.6511406437235214
304,100,1652,0,2.5806451612903225
304,100,1680,341.565051177078,2.3776523760664507
304,100,1824,45,3.008965026325734
304,100,1820,326.30993247402023,2.2965294748178273
304,100,112,8.130102354155952,5.237828008789241
304,100,96,0,2.547770700636943
304,100,105,326.30993247402023,2.5939217809093447
304,100,96,339.67686317033707,20.71392812789636
304,100,70,26.565051177077976,1.7469281074217107
304,100,60,0,14.285714285714285
304,100,198,75.96375653207355,8.835226340609271
304,100,104,326.30993247402023,5.114257128317715
304,100,112,0,2.797202797202797
304,100,88,341.565051177078,2.196026152894708
304,100,88,345.96375653207355,2.86326779556782
304,100,88,0,3.4482758620689653
304,100,110,0,2.3622047244094486
304,100,128,9.462322208025626,3.949845798894948
304,100,84,18.434948822922024,2.2750198994017117
304,100,84,315,1.977921066256077
304,100,63,348.69006752597977,3.5165651817881276
304,100,56,345.96375653207355,2.9450754468697578
304,100,100,0,3.5211267605633805
304,100,63,45,1.032272673265033
304,100,336,0,4.316546762589928
304,100,184,45,0.9753196981883415
304,100,126,315,0.9243225897863367
304,100,114,0,1.694915254237288
304,100,276,116.56505117707798,1.5858638138296381
304,100,297,90,3.2467532467532463
304,100,297,90,1.5037593984962405
304,100,264,90,0.6802721088435374
304,100,231,90,2.097902097902098
304,100,220,135,1.0795523376893856
304,100,228,123.69006752597977,2.486587086526889
304,100,220,135,1.9641855032959656
304,100,220,161.56505117707798,2.1808811449437098
304,100,234,146.30993247402023,2.46955566812602
304,100,187,165.9637565320735,3.147408874517298
304,100,98,270,2.097902097902098
304,20,288,198.43494882292202,2.4325212770525995
304,100,336,231.3401917459099,4.3558668281856106
304,100,252,195.25511870305775,2.689092983724382
304,100,261,153.43494882292202,1.6321664069341533
304,100,270,191.3099324740202,3.80523844297969
304,20,54,149.0362434679265,3.7863323992501954
304,100,532,213.69006752597977,2.6127183155536153
304,20,216,135,2.966881599384115
304,20,187,165.9637565320735,2.8832906472850772
304,20,170,165.9637565320735,2.86326779556782
304,20,150,153.43494882292202,3.3625082368417893
304,20,150,153.43494882292202,1.510856741553912
304,100,330,210.96375653207352,4.135426875776809
304,100,330,180,0.6578947368421052
304,100,300,206.56505117707798,1.5421158465515792
304,100,252,180,2.941176470588235
304,100,65,161.56505117707798,2.2587697572631282
304,100,77,146.30993247402023,2.503855052405548
304,100,66,198.43494882292202,2.2427501135945955
304,100,104,180,2.083333333333333
304,100,77,165.9637565320735,2.86326779556782
304,100,45,194.03624346792648,3.123564867892167
304,100,32,180,2.7027027027027026
304,100,72,135,2.064545346530066
304,100,54,180,4.166666666666666
304,100,54,161.56505117707798,2.2915055508466518
304,100,35,180,2.8368794326241136
304,100,40,198.43494882292202,2.2427501135945955
304,100,252,146.30993247402023,4.807401700618652
304,100,242,135,2.77296776935901
304,100,253,90,1.550387596899225
304,100,240,198.43494882292202,2.2915055508466518
304,100,276,189.4623222080256,4.314015978934908
304,100,220,198.43494882292202,2.196026152894708
304,100,210,161.56505117707798,2.211382979138727
304,100,200,206.56505117707798,1.5211346785712856
304,100,180,206.56505117707798,1.5421158465515792
304,100,120,180,1.5384615384615385
304,100,91,180,0.7042253521126761
304,100,84,225,0.9065471553673687
304,100,84,180,3.968253968253968
304,100,60,164.0546040990771,5.055631867555915
304,20,99,153.43494882292202,1.510856741553912
304,20,117,180,2.112676056338028
304,20,104,161.56505117707798,2.1808811449437098
304,20,96,194.03624346792648,3.031695312954162
304,20,120,194.03624346792648,5.932526080025411
304,20,132,180,2.0689655172413794
304,20,144,201.80140948635182,3.9022933385032634
304,20,143,146.30993247402023,2.631789252163496
304,20,140,180,2.027027027027027
304,20,126,165.9637565320735,2.8832906472850772
304,20,120,243.43494882292202,1.5636839003495033
304,20,135,168.69006752597977,3.6421567954234173
304,20,150,191.3099324740202,3.565747911603346
304,20,135,168.69006752597977,3.6163258961650957
304,20,171,143.13010235415595,3.4965034965034967
304,20,168,180,0.6993006993006993
304,100,152,206.56505117707798,3.1273678006990067
304,100,198,180,1.3986013986013985
304,100,204,90,1.3986013986013985
304,100,170,198.43494882292202,2.2587697572631282
304,100,153,194.03624346792648,2.8832906472850772
304,100,162,180,2.127659574468085
304,100,168,180,3.007518796992481
304,100,144,180,1.3513513513513513
304,100,110,143.13010235415595,3.731343283582089
304,100,176,213.69006752597977,2.403700850309326
304,20,24,188.13010235415598,5.356869554443542
304,20,324,236.3099324740202,2.372073207542098
304,20,690,225,5.733298225836871
304,20,440,158.19859051364824,4.018779706816794
304,20,352,90,2.1739130434782608
304,20,256,225,1.0029883421085781
304,20,224,341.565051177078,2.211382979138727
304,100,390,186.3401917459099,3.1662185797683278
304,20,1824,180,9.027777777777777
304,20,1064,14.931417178137565,11.414834335485311
304,20,999,27.89727103094765,13.26578211149748
304,20,936,20.55604521958344,5.812247445794238
304,20,910,36.0273733851036,10.00108125642312
304,20,918,30.256437163529256,9.450642169693744
304,20,1444,16.927513064147035,16.812329063176655
304,20,286,14.931417178137565,11.088696211614304
304,20,63,14.036243467926454,17.54513032177728
304,20,1032,0,6.493506493506493
304,20,1653,14.036243467926454,6.200158835515279
304,20,2010,9.462322208025626,4.376088151293683
304,20,2160,0,0.6993006993006993
304,20,1848,15.255118703057747,8.144110179279556
304,20,1628,14.036243467926454,4.340111184860695
304,20,20,0,0.7194244604316548
304,20,24,45,1.0174198290453922
304,20,12,0,0.6756756756756757
304,100,901,350.5376777919744,4.6790481002294
304,100,1180,63.434948822922024,3.0842316931031584
304,100,232,345.96375653207355,3.2211762700137974
304,100,216,0,1.8867924528301887
304,100,182,315,2.0797258270192573
304,100,196,338.1985905136482,4.018779706816794
304,100,203,26.565051177077976,3.1273678006990067
304,100,217,18.434948822922024,2.2427501135945955
304,100,174,59.03624346792651,4.049272149198126
304,100,210,308.6598082540901,4.326435295562735
304,100,240,14.036243467926454,2.7125694905379345
304,100,248,26.565051177077976,3.4938562148434213
304,100,210,82.8749836510982,5.522094348149691
304,100,308,29.744881296942253,5.677646301618696
304,100,182,0,3.4965034965034967
304,100,175,0,2.7777777777777777
304,100,224,324.24611274556327,21.392946945485225
304,100,165,45,1.9241000848613539
304,100,126,320.1944289077348,5.74283064404901
304,100,384,293.1985905136482,4.913402003783167
304,100,640,326.30993247402023,2.5571285641588575
304,100,660,26.565051177077976,1.6203391141302825
304,100,646,326.30993247402023,2.539120616523936
304,100,608,345.96375653207355,2.8832906472850772
304,100,544,14.036243467926454,2.8048337589235786
304,100,527,348.69006752597977,3.8338492583404395
304,100,496,0,2.127659574468085
304,100,480,0,2.097902097902098
304,100,464,0,4.081632653061225
304,100,405,315,2.064545346530066
304,100,336,26.565051177077976,1.6203391141302825
304,20,1024,255.9637565320735,2.8435211211156277
304,20,950,198.43494882292202,2.094223616005549
304,100,924,132.7093899573615,13.821723447620416
304,100,1012,119.74488129694225,10.749676997731399
304,100,861,90,13.10344827586207
304,100,136,63.434948822922024,1.5315534092464314
304,100,136,120.96375653207349,4.135426875776809
304,100,136,63.434948822922024,1.5746957588026689
304,100,128,0,0.7633587786259541
304,100,112,0,1.342281879194631
304,100,315,14.036243467926454,2.8435211211156277
304,100,252,296.565051177078,3.3374148917907314
304,100,238,168.69006752597977,3.376834114962109
304,100,238,180,2.7586206896551726
304,100,224,198.43494882292202,2.3599087016181937
304,100,224,180,2.0689655172413794
304,100,221,168.69006752597977,3.7492790541123413
304,100,208,206.56505117707798,1.49071198499986
304,100,192,161.56505117707798,2.2587697572631282
304,100,192,180,2.027027027027027
304,100,180,165.9637565320735,3.1716197120135847
304,100,192,168.69006752597977,3.5908588123892846
304,100,234,141.34019174590992,4.4777092569460475
304,100,204,270,0.7092198581560284
304,100,360,150.2551187030578,5.522094348149691
304,100,380,180,2.898550724637681
304,100,315,71.56505117707798,4.3318872057101085
304,100,308,206.56505117707798,1.5971914124998499
304,100,336,180,2.1739130434782608
304,100,264,233.13010235415598,3.2467532467532463
304,100,242,153.43494882292202,1.6321664069341533
304,100,572,225,4.944802665640193
304,100,364,110.5560452195835,6.328891663198171
304,20,180,180,3.4246575342465753
304,20,160,168.69006752597977,3.6163258961650957
304,20,48,180,2.097902097902098
304,20,104,225,1.950639396376683
304,20,63,135,2.987775131774144
304,20,48,180,1.3888888888888888
304,20,704,174.80557109226515,7.833589373891675
304,20,306,281.30993247402023,3.7492790541123413
304,20,210,123.69006752597977,2.452755969703394
304,20,256,180,2.142857142857143
304,20,374,104.03624346792651,2.8832906472850772
304,20,260,251.56505117707798,4.273348189416729
304,20,150,104.03624346792651,2.8832906472850772
304,20,319,254.05460409907715,5.4329178278212815
304,20,135,110.5560452195835,6.328891663198171
304,20,150,153.43494882292202,1.510856741553912
304,100,42,126.86989764584405,6.622516556291391
304,100,36,135,1.1223917161691233
304,100,24,180,1.3513513513513513
304,20,16,143.13010235415595,3.7593984962406015
304,20,15,96.34019174590992,20.123078084749814
304,20,49,180,2.0408163265306123
304,20,42,180,1.9867549668874174
304,20,49,180,1.5873015873015872
304,20,104,213.69006752597977,2.5753937681885635
304,20,70,153.43494882292202,3.0631068184928627
304,20,54,180,2.2556390977443606
304,20,1444,273.81407483429035,10.439789151647853
304,100,1840,275.71059313749964,6.883476452822528
304,100,1638,273.3664606634298,12.90105027721697
304,100,1827,170.53767779197437,4.166275705683712
304,100,816,115.01689347810003,12.733034890189884
304,100,667,143.13010235415595,3.4013605442176873
304,100,621,180,4.761904761904762
304,100,609,158.19859051364824,3.98901096824778
304,100,551,180,2.684563758389262
304,100,648,161.56505117707798,2.2269560987101262
304,100,576,180,2.2556390977443606
304,100,160,180,2.0408163265306123
304,100,140,161.56505117707798,2.4325212770525995
304,100,120,180,2.0408163265306123
304,100,120,180,3.4013605442176873
304,100,95,153.43494882292202,3.312693299999689
304,100,57,180,2.013422818791946
304,100,234,36.86989764584405,3.7593984962406015
304,100,336,331.92751306414704,11.564625850340136
304,100,264,221.18592516570965,7.874182083507149
304,100,380,26.565051177077976,6.625386599999378
304,100,420,33.69006752597977,2.539120616523936
304,100,299,341.565051177078,1.9641476150114159
304,100,120,225,1.8982732380846916
304,100,168,146.30993247402023,2.7735009811261455
304,100,144,225,1.950639396376683
304,100,100,206.56505117707798,3.042269357142571
304,100,217,233.13010235415598,3.64963503649635
304,100,132,111.80140948635182,3.792369582489087
304,100,126,180,1.8633540372670807
304,100,120,180,2.272727272727273
304,100,147,180,2.857142857142857
304,100,210,180,2.857142857142857
304,100,168,180,1.4285714285714286
304,100,160,153.43494882292202,1.6321664069341533
304,100,220,194.03624346792648,2.8240449490531923
304,100,152,153.43494882292202,1.6563466499998445
304,100,190,180,1.8998272884283247
304,100,180,198.43494882292202,2.3424278964210217
304,100,171,153.43494882292202,1.5315534092464314
304,100,200,180,1.4925373134328357
304,100,306,161.56505117707798,2.1659436028550543
304,100,198,225,2.9462782549439477
304,100,306,146.30993247402023,2.631789252163496
304,100,315,180,1.3986013986013985
304,100,252,213.69006752597977,2.403700850309326
304,100,234,153.43494882292202,1.6203391141302825
304,100,234,206.56505117707798,1.6086819982012877
304,100,225,206.56505117707798,1.5746957588026689
304,100,192,206.56505117707798,1.5421158465515792
304,100,184,108.43494882292202,2.3082318687360432
304,100,200,198.43494882292202,2.1808811449437098
304,100,168,206.56505117707798,1.6441676305145512
304,100,144,206.56505117707798,1.4333769086537114
304,100,410,90,7.042253521126761
304,100,360,99.46232220802563,3.7781133728560365
304,100,396,116.56505117707798,1.6939908920452953
304,100,322,135,2.0203050891044216
304,20,210,194.03624346792648,3.123564867892167
304,20,165,225,3.030457633656632
304,20,360,123.69006752597977,2.5753937681885635
304,20,200,75.96375653207355,2.9450754468697578
304,100,152,201.80140948635182,3.9307772314850395
304,100,168,161.56505117707798,2.1659436028550543
304,100,147,161.56505117707798,2.3424278964210217
304,100,198,225,1.8247916933846389
304,100,168,135,1.950639396376683
304,100,160,153.43494882292202,1.6939908920452953
304,100,176,236.3099324740202,2.452755969703394
304,100,102,194.03624346792648,3.0541523152723413
304,100,180,180,1.36986301369863
304,100,90,198.43494882292202,2.3599087016181937
304,100,310,225,1.8247916933846389
304,100,310,168.69006752597977,3.5165651817881276
304,100,341,180,2.272727272727273
304,100,310,180,2.0408163265306123
304,100,279,180,3.7037037037037033
304,100,248,180,2.054794520547945
304,100,248,153.43494882292202,1.6687074458953657
304,100,405,120.96375653207349,3.9938026677022607
304,100,360,243.43494882292202,3.105649968749708
304,100,350,135,2.064545346530066
304,100,396,213.69006752597977,2.521364528296496
304,100,352,180,1.3333333333333335
304,100,320,198.43494882292202,2.2915055508466518
304,100,352,180,2.158273381294964
304,100,310,108.43494882292202,2.2269560987101262
304,100,340,180,2.0689655172413794
304,100,330,180,1.4598540145985401
304,100,363,180,2.0689655172413794
304,100,363,180,0.7352941176470588
304,100,363,135,1.8130943107347375
304,100,363,206.56505117707798,3.549314249999666
304,100,320,315,0.9620500424306769
304,100,288,161.56505117707798,2.094223616005549
304,100,300,225,2.064545346530066
304,100,300,180,2.1739130434782608
304,100,300,180,1.4285714285714286
304,100,340,135,1.9641855032959656
304,100,279,135,1.9110994086122908
304,100,270,225,3.0743773095067284
304,100,300,180,0.7407407407407408
304,100,300,180,1.282051282051282
304,100,636,285.94539590092285,10.47497825795758
304,100,660,305.5376777919744,11.099774538119519
304,100,504,7.125016348901795,6.01661025992429
304,100,364,26.565051177077976,4.140866624999611
304,20,216,23.962488974578207,6.792315725376623
304,20,240,21.801409486351815,11.297548546436023
304,20,156,18.434948822922024,12.734004000678038
304,20,224,26.565051177077976,14.9071198499986
304,20,208,195.94539590092288,4.550068680800324
304,20,300,333.434948822922,3.042269357142571
304,20,494,281.30993247402023,3.777051491550211
304,100,240,56.30993247402023,2.7735009811261455
304,100,380,23.198590513648185,5.252257314388903
304,100,330,50.19442890773479,5.423784497157399
304,100,154,341.565051177078,2.3956648940669543
304,100,176,26.565051177077976,1.4333769086537114
304,100,189,345.96375653207355,3.325085181949726
304,100,189,326.30993247402023,4.744146415084196
304,100,192,78.69006752597977,3.4924791188991673
304,100,189,288.434948822922,2.2427501135945955
304,100,546,180,5.555555555555555
304,100,480,198.43494882292202,2.1659436028550543
304,100,456,189.4623222080256,4.439972649852715
304,100,468,168.69006752597977,3.3110516322031067
304,100,374,191.3099324740202,3.7492790541123413
304,100,320,191.3099324740202,3.8338492583404395
304,100,300,191.3099324740202,3.565747911603346
304,100,243,201.80140948635182,3.7139067635410368
304,100,192,161.56505117707798,2.2587697572631282
304,100,176,180,4.3478260869565215
304,100,152,201.80140948635182,3.688469045982537
304,100,224,135,5.161363366325165
304,100,133,135,3.901278792753366
304,100,207,210.96375653207352,3.8615575462551663
304,100,198,189.4623222080256,4.314015978934908
304,100,198,180,3.816793893129771
304,100,198,165.9637565320735,2.576941016011038
304,100,220,153.43494882292202,1.7333860290696046
304,100,396,108.43494882292202,6.497830808565164
304,100,372,180,4.285714285714286
304,100,297,243.43494882292202,3.240678228260565
304,100,230,180,2.142857142857143
304,20,121,0,3.0534351145038165
304,20,110,348.69006752597977,3.18688719599549
304,20,130,315,4.38515833293983
304,20,98,11.30993247402023,7.284313590846835
304,20,72,141.34019174590992,4.573660169594892
304,100,1540,172.4053566314086,3.486807822677778
304,100,1352,243.43494882292202,3.1273678006990067
304,100,1152,120.96375653207349,3.8615575462551663
304,100,1032,165.9637565320735,3.1000794177576396
304,100,936,233.13010235415598,3.6764705882352944
304,100,816,243.43494882292202,3.0842316931031584
304,100,736,180,3.64963503649635
304,100,690,135,1.8608073189119674
304,100,667,168.69006752597977,3.7219120537173613
304,100,667,198.43494882292202,2.2915055508466518
304,100,638,149.0362434679265,3.966633942071633
304,100,638,225,1.032272673265033
304,100,616,194.03624346792648,2.767184983636014
304,100,567,123.69006752597977,2.6907099070626788
304,100,567,225,1.9110994086122908
304,100,567,146.30993247402023,2.7523292179114422
304,100,567,180,2.112676056338028
304,100,500,180,1.3605442176870748
304,100,500,135,1.9241000848613539
304,100,450,146.30993247402023,2.6511406437235214
304,100,450,153.43494882292202,1.552824984374854
304,100,425,206.56505117707798,3.1943828249996997
304,100,425,165.9637565320735,2.86326779556782
304,100,400,126.86989764584405,3.64963503649635
304,100,375,146.30993247402023,2.436183294232425
304,100,350,198.43494882292202,2.3082318687360432
304,100,364,135,0.9959250439247148
304,100,364,153.43494882292202,1.5971914124998499
304,100,390,165.9637565320735,2.86326779556782
304,100,390,180,2.0689655172413794
304,100,390,135,1.0174198290453922
304,100,375,161.56505117707798,2.2269560987101262
304,100,360,180,1.4285714285714286
304,100,322,135,0.9491366190423458
304,100,308,108.43494882292202,2.3424278964210217
304,100,35,315,19.372788525658837
304,100,72,216.86989764584402,3.64963503649635
304,20,437,221.63353933657018,8.420695509644963
304,20,184,170.53767779197437,4.028319556488888
304,100,529,153.43494882292202,4.6584749531245615
304,100,506,161.56505117707798,2.2427501135945955
304,100,440,90,1.3986013986013985
304,100,1197,104.74356283647074,13.45676897560856
304,100,720,259.695153531234,8.469954460226477
304,100,437,225,3.8221988172245815
304,100,380,180,2.857142857142857
304,20,342,168.69006752597977,3.6949416765165104
304,20,323,135,2.9462782549439477
304,20,285,135,0.9959250439247148
304,20,425,164.0546040990771,5.643496038201952
304,20,299,153.43494882292202,2.8852490032255353
304,20,200,153.43494882292202,3.3879817840905906
304,20,210,180,1.4184397163120568
304,20,144,158.19859051364824,3.66337741981939
304,100,304,26.565051177077976,3.4138442404576947
304,100,216,303.69006752597977,2.403700850309326
304,100,192,45,3.6030918786575676
304,100,165,63.434948822922024,3.6065612540319187
304,100,126,45,1.9641855032959656
304,100,104,75.96375653207355,2.767184983636014
304,100,77,18.434948822922024,2.3424278964210217
304,100,60,315,1.9372788525658837
304,100,70,135,1.0101525445522108
304,100,85,333.434948822922,1.6203391141302825
304,100,299,33.69006752597977,2.387782301631781
304,100,322,0,0.7751937984496124
304,100,336,180,0.6451612903225806
304,100,299,90,1.5151515151515151
304,100,264,0,0.7092198581560284
304,100,231,90,2.0408163265306123
304,100,180,45,0.9889605331280386
304,100,136,75.96375653207355,2.9662630400127057
304,100,90,71.56505117707798,2.2915055508466518
304,100,56,270,0.7352941176470588
304,100,154,180,2.34375
304,100,133,135,1.977921066256077
304,100,108,180,1.4084507042253522
304,100,64,135,0.9428090415820635
304,100,65,135,3.2386570130681567
304,100,36,135,0.9753196981883415
304,100,45,153.43494882292202,1.5211346785712856
304,100,40,180,2.2222222222222223
304,100,104,146.30993247402023,2.486587086526889
304,100,98,198.43494882292202,2.0804458290581445
304,100,209,180,2.2388059701492535
304,100,558,234.46232220802563,5.973836991001824
304,100,620,180,1.3333333333333335
304,100,460,123.69006752597977,2.6907099070626788
304,100,420,161.56505117707798,2.2750198994017117
304,100,304,180,2.9629629629629632
304,100,270,135,1.024792436502243
304,100,221,161.56505117707798,2.094223616005549
304,100,144,0,1.4084507042253522
304,100,90,135,1.0553832555023097
304,100,152,270,3.597122302158273
304,100,84,206.56505117707798,1.552824984374854
304,100,72,180,1.3888888888888888
304,100,45,206.56505117707798,1.5636839003495033
304,20,182,155.55604521958344,4.3000163607098125
304,20,196,161.56505117707798,2.1808811449437098
304,20,192,201.80140948635182,7.32675483963878
304,20,270,291.8014094863518,3.98901096824778
304,20,325,113.19859051364818,5.47897345745605
304,20,220,180,0.6711409395973155
304,100,175,168.69006752597977,3.7492790541123413
304,100,161,165.9637565320735,2.86326779556782
304,100,133,180,1.3513513513513513
304,100,126,180,2.2900763358778624
304,20,196,270,0.7142857142857143
304,20,60,49.39870535499551,6.447233886218802
304,20,44,63.434948822922024,1.6939908920452953
304,20,44,45,0.9889605331280386
304,20,55,270,0.6802721088435374
304,100,30,45,0.48598404205261
304,20,56,165.37912601136827,15.846485765339619
304,20,140,90,1.5267175572519083
304,20,56,168.69006752597977,3.5165651817881276
304,20,36,151.1134182330893,22.080660215572262
304,20,132,161.56505117707798,7.027283689263066
304,20,192,206.56505117707798,1.6203391141302825
304,20,187,180,1.9867549668874174
304,20,176,180,1.4084507042253522
304,20,25,153.43494882292202,4.47213595499958
304,20,20,153.43494882292202,3.2643328138683065
304,20,20,165.9637565320735,5.6480898981063845
304,20,15,153.43494882292202,4.9325028915436535
304,20,16,158.19859051364824,3.959680005245959
304,20,18,108.43494882292202,16.040538855926563
304,20,12,164.0546040990771,4.986376636493506
304,20,161,341.565051177078,4.422765958277454
304,100,92,180,0.7092198581560284
304,100,84,90,0.6756756756756757
304,20,377,243.43494882292202,14.803237481705924
304,20,351,180,3.571428571428571
304,20,1225,66.80140948635182,5.32571545864609
304,20,1260,0,2.73972602739726
304,20,1484,0,2.898550724637681
304,20,2028,2.3859440303888277,16.23028668846529
304,20,1300,156.80140948635176,5.47897345745605
304,20,560,187.1250163489018,5.758755534498964
304,20,1482,352.8749836510982,5.637942481327657
304,20,1760,11.30993247402023,3.565747911603346
304,20,1924,56.30993247402023,2.5939217809093447
304,20,1470,341.565051177078,4.422765958277454
304,20,1242,180,0.684931506849315
304,20,1767,18.434948822922024,4.5830111016933035
304,20,2030,18.434948822922024,2.1366740947083644
304,20,1450,6.3401917459099195,6.514665567005336
304,20,570,32.005383208083515,6.643648684546903
304,20,390,352.8749836510982,5.410911240468825
304,20,299,302.0053832080835,6.738557951469002
304,100,1071,21.801409486351815,3.8192658206627685
304,100,969,14.036243467926454,5.8071910219967044
304,100,1450,30.963756532073546,7.8267810669064435
304,100,900,349.695153531234,7.710579232757896
304,100,884,14.036243467926454,2.9450754468697578
304,100,864,15.945395900922847,5.313948824292349
304,100,273,15.945395900922847,5.23748912897879
304,20,228,18.434948822922024,4.188447232011098
304,20,228,14.036243467926454,6.153888993459195
304,20,228,15.945395900922847,5.1631985030358285
304,20,228,14.036243467926454,5.8071910219967044
304,100,396,12.33908727832619,5.686923386860833
304,100,396,6.3401917459099195,6.609770173822932
304,100,396,14.036243467926454,5.687042242231255
304,20,128,40.60129464500449,6.632765796613588
304,100,300,262.5685920288275,16.93053066385869
304,100,418,24.775140568831944,9.358052982533565
304,20,247,3.814074834290352,10.157632688089803
304,20,234,15.524110996754246,14.152683100204094
304,20,238,17.10272896905235,9.78523058182406
304,20,204,20.55604521958344,11.096108760152637
304,20,187,26.565051177077976,10.087524710525368
304,20,176,20.55604521958344,12.382614123648594
304,20,165,23.198590513648185,11.199666332152807
304,20,135,23.198590513648185,10.9579469149121
304,20,120,26.565051177077976,8.76889402941094
304,20,882,16.699244233993625,7.30091364259479
304,20,1056,12.994616791916485,9.598319470594486
304,20,1104,12.528807709151522,6.146362971528592
304,20,1680,12.994616791916485,9.73844092271995
304,20,414,17.65012421993015,17.35849079791759
304,100,760,326.30993247402023,2.372073207542098
304,100,1100,345.96375653207355,2.86326779556782
304,100,672,7.5946433685914485,1.7824200177174978
304,100,600,270,2.027027027027027
304,100,660,323.13010235415595,3.7037037037037033
304,100,589,26.565051177077976,3.1273678006990067
304,100,504,309.8055710922652,5.24177830597762
304,100,459,45,1.024792436502243
304,100,224,0,2.013422818791946
304,100,154,33.69006752597977,2.6127183155536153
304,100,200,333.434948822922,3.105649968749708
304,100,216,18.434948822922024,2.211382979138727
304,100,261,0,2.142857142857143
304,100,308,333.434948822922,1.5746957588026689
304,100,420,0,2.083333333333333
304,100,352,21.801409486351815,3.7658495154786737
304,100,350,0,2.684563758389262
304,100,279,341.565051177078,2.211382979138727
304,100,270,0,1.4814814814814816
304,100,240,0,1.9607843137254901
304,100,360,18.434948822922024,2.5097441747368094
304,100,351,350.5376777919744,4.253680091117635
304,100,312,26.565051177077976,3.0014335268453554
304,100,504,341.565051177078,2.2269560987101262
304,100,429,341.565051177078,2.211382979138727
304,100,384,333.434948822922,1.5211346785712856
304,100,504,0,2.9629629629629632
304,100,375,213.69006752597977,2.9077026415032172
304,100,720,21.801409486351815,3.688469045982537
304,100,861,333.434948822922,1.4710973536182828
304,100,902,0,1.3888888888888888
304,100,510,284.03624346792645,2.86326779556782
304,100,405,45,2.0059766842171562
304,100,527,306.86989764584405,3.5211267605633805
304,100,684,284.03624346792645,2.9662630400127057
304,100,504,63.434948822922024,4.563404035713857
304,100,420,68.19859051364818,7.919360010491918
304,100,420,26.565051177077976,1.5421158465515792
304,100,390,344.05460409907715,15.272957809679408
304,100,260,282.5288077091515,6.585388898066348
304,100,462,0,0.7042253521126761
304,100,464,36.86989764584405,3.4722222222222223
304,100,406,348.69006752597977,3.565747911603346
304,100,540,288.434948822922,4.244668000226013
304,100,480,45,0.9889605331280386
304,100,480,0,2.2222222222222223
304,100,627,350.5376777919744,3.97566178450864
304,100,630,338.1985905136482,3.7658495154786737
304,100,726,26.565051177077976,3.3374148917907314
304,100,646,0,1.4388489208633095
304,100,578,333.434948822922,1.5858638138296381
304,100,247,333.434948822922,1.5315534092464314
304,100,360,336.8014094863518,5.010377043331519
304,100,160,61.38954033403479,8.762212647651516
304,100,195,326.30993247402023,2.4198330707812006
304,100,504,158.19859051364824,3.590109871423002
304,100,408,198.43494882292202,2.3252041618885144
304,100,400,180,2.2222222222222223
304,100,352,180,2.684563758389262
304,100,330,180,2.127659574468085
304,100,330,161.56505117707798,2.211382979138727
304,100,294,146.30993247402023,2.5571285641588575
304,100,294,153.43494882292202,3.312693299999689
304,100,280,225,2.8474098571270368
304,100,260,180,2.027027027027027
304,100,260,135,2.0951312035156966
304,100,247,168.69006752597977,3.4924791188991673
304,100,234,135,2.0203050891044216
304,100,221,153.43494882292202,1.6086819982012877
304,100,208,165.9637565320735,2.7858821794713924
304,100,180,146.30993247402023,2.6127183155536153
304,100,154,165.9637565320735,2.86326779556782
304,100,130,153.43494882292202,1.552824984374854
304,100,108,165.9637565320735,2.767184983636014
304,100,570,90,2.684563758389262
304,100,480,123.69006752597977,5.187843561818689
304,100,464,180,1.4084507042253522
304,100,448,270,0.7042253521126761
304,100,684,48.012787504183336,9.40812870424735
304,100,504,341.565051177078,2.3082318687360432
304,100,442,315,2.0348396580907844
304,20,72,71.56505117707798,2.2587697572631282
304,20,56,345.96375653207355,2.8435211211156277
304,20,90,0,15.2317880794702
304,20,100,315,1.9372788525658837
304,20,900,198.43494882292202,7.079726104854581
304,20,180,0,3.787878787878788
304,20,224,315,2.8474098571270368
304,20,195,14.036243467926454,2.660068145559781
304,20,224,338.1985905136482,4.563698989097037
304,20,252,351.86989764584405,4.745683095211729
304,20,238,14.036243467926454,2.6773413153361436
304,20,208,0,2.272727272727273
304,20,110,191.3099324740202,3.5409857733283228
304,20,132,194.03624346792648,3.0769444967295976
304,20,80,168.69006752597977,3.4221607473777076
304,20,76,180,3.597122302158273
304,20,224,251.56505117707798,2.3424278964210217
304,20,399,213.69006752597977,2.5571285641588575
304,20,380,225,3.008965026325734
304,20,336,180,2.9629629629629632
304,20,378,198.43494882292202,2.1223340001130064
304,20,414,225,0.9555497043061454
304,20,300,135,2.0951312035156966
304,20,280,191.3099324740202,3.4924791188991673
304,20,285,180,2.142857142857143
304,20,252,194.03624346792648,2.9662630400127057
304,20,238,180,2.027027027027027
304,20,252,206.56505117707798,3.0014335268453554
304,20,224,165.9637565320735,2.9662630400127057
304,20,240,180,2.272727272727273
304,20,221,180,1.3513513513513513
304,20,208,161.56505117707798,2.2750198994017117
304,20,195,180,2.127659574468085
304,20,208,198.43494882292202,2.211382979138727
304,20,195,146.30993247402023,2.503855052405548
304,20,195,180,1.4388489208633095
304,20,228,225,1.9110994086122908
304,20,264,213.69006752597977,2.5571285641588575
304,20,220,135,2.0951312035156966
304,20,187,135,1.8608073189119674
304,20,154,191.3099324740202,3.6163258961650957
304,20,81,165.9637565320735,14.416453236425387
304,20,64,270,1.3888888888888888
304,20,56,206.56505117707798,1.6086819982012877
304,20,117,333.434948822922,1.510856741553912
304,20,150,270,1.4814814814814816
304,20,253,225,0.9304036594559837
304,20,165,315,2.0059766842171562
304,20,325,180,1.5384615384615385
304,20,252,315,2.685215624759041
304,20,221,345.96375653207355,3.0541523152723413
304,100,400,116.56505117707798,1.510856741553912
304,100,400,180,2.127659574468085
304,100,400,153.43494882292202,1.6086819982012877
304,100,375,161.56505117707798,2.0401791355925027
304,100,360,135,2.2627416997969525
304,100,360,90,1.3605442176870748
304,100,360,90,2.684563758389262
304,100,368,170.53767779197437,4.6790481002294
304,100,345,63.434948822922024,1.5421158465515792
304,100,308,90,1.3605442176870748
304,100,308,116.56505117707798,1.6321664069341533
304,100,308,90,0.6993006993006993
304,100,484,165.9637565320735,2.7125694905379345
304,100,572,180,0.7246376811594203
304,100,418,90,0.7092198581560284
304,100,550,158.19859051364824,3.959680005245959
304,100,396,45,1.9641855032959656
304,100,609,180,2.013422818791946
304,100,2106,14.931417178137565,10.418909192120822
304,100,2028,14.036243467926454,11.95103079889177
304,100,350,189.4623222080256,4.314015978934908
304,100,350,161.56505117707798,2.2750198994017117
304,100,322,180,3.225806451612903
304,100,308,180,2.4
304,100,294,168.69006752597977,3.4687207575461123
304,100,280,180,2.684563758389262
304,100,266,151.3895403340348,9.638433912416668
304,100,266,161.56505117707798,2.1808811449437098
304,100,252,198.43494882292202,2.1512092926315507
304,100,234,191.3099324740202,3.7219120537173613
304,100,221,180,2.097902097902098
304,100,208,161.56505117707798,2.0804458290581445
304,100,208,135,3.119588740528886
304,100,180,243.43494882292202,1.6203391141302825
304,100,165,153.43494882292202,3.1717276276592763
304,100,130,180,3.6764705882352944
304,100,120,206.56505117707798,1.552824984374854
304,100,110,146.30993247402023,2.4198330707812006
304,100,99,126.86989764584405,3.7037037037037033
304,100,160,135,1.8982732380846916
304,100,198,146.30993247402023,2.5571285641588575
304,100,198,123.69006752597977,2.539120616523936
304,100,198,153.43494882292202,1.6086819982012877
304,100,264,225,2.966881599384115
304,100,264,146.30993247402023,2.503855052405548
304,100,286,153.43494882292202,1.6086819982012877
304,100,336,146.30993247402023,2.372073207542098
304,100,280,180,1.5037593984962405
304,100,392,90,1.4184397163120568
304,20,252,18.434948822922024,6.975612485665543
304,20,252,20.55604521958344,6.016904045998261
304,100,90,292.6198649480404,9.219858156028367
304,20,135,11.30993247402023,7.181717624778569
304,20,72,5.710593137499643,20.79284611266391
304,20,1876,11.888658039627956,13.868919884962573
304,20,2146,15.255118703057747,8.029404402106605
304,20,84,18.434948822922024,10.61167000056503
304,20,63,38.65980825409008,4.573660169594892
304,20,189,23.962488974578207,6.887313148109163
304,20,208,345.96375653207355,5.687042242231255
304,20,220,355.9143832200251,9.483560032174458
304,20,133,22.6198649480404,9.352517985611511
304,100,168,333.434948822922,1.5007167634226777
304,100,168,0,0.7352941176470588
304,100,192,341.565051177078,2.1808811449437098
304,100,225,0,2.027027027027027
304,100,248,14.036243467926454,3.0095661500858837
304,100,272,26.565051177077976,1.5211346785712856
304,100,333,0,2.083333333333333
304,100,370,0,2.857142857142857
304,100,672,33.69006752597977,2.486587086526889
304,100,690,345.96375653207355,2.7858821794713924
304,100,920,0,2.127659574468085
304,100,799,45,2.8096958192842947
304,100,799,326.30993247402023,2.436183294232425
304,100,833,0,2.941176470588235
304,100,1856,45,3.9283710065919313
304,100,312,0,1.3513513513513513
304,100,264,326.30993247402023,2.631789252163496
304,100,308,270,2.0408163265306123
304,100,765,14.036243467926454,2.86326779556782
304,100,630,63.434948822922024,4.79157423749955
304,100,836,0,2.0689655172413794
304,100,874,74.05460409907715,4.918993168432782
304,100,924,326.30993247402023,2.5571285641588575
304,100,903,0,1.3245033112582782
304,100,924,341.565051177078,2.1366740947083644
304,100,989,341.565051177078,2.3252041618885144
304,100,989,0,2.083333333333333
304,100,860,45,0.9243225897863367
304,100,1012,315,2.0348396580907844
304,100,903,143.13010235415595,3.597122302158273
304,100,1056,344.05460409907715,5.090985936559803
304,100,1440,350.5376777919744,4.22414064604043
304,100,1320,0,0.7194244604316548
304,100,1276,26.565051177077976,1.5007167634226777
304,100,1645,0,3.64963503649635
304,100,1564,341.565051177078,2.211382979138727
304,100,2009,14.036243467926454,2.767184983636014
304,100,1887,348.69006752597977,3.3110516322031067
304,100,1855,8.130102354155952,5.524271728019903
304,100,2016,14.036243467926454,2.7125694905379345
304,100,744,153.43494882292202,5.409841881047878
304,100,684,140.19442890773485,5.277195726963956
304,100,760,180,2.1739130434782608
304,100,760,180,2.857142857142857
304,100,168,11.30993247402023,19.866309793218644
304,100,144,63.434948822922024,3.3374148917907314
304,100,84,270,0.6802721088435374
304,100,182,323.9726266148964,9.511517838276534
304,100,144,90,0.7407407407407408
304,100,570,20.55604521958344,5.852057359806528
304,100,399,225,2.685215624759041
304,20,616,350.5376777919744,4.945335390486357
304,100,406,237.99461679191648,6.506193884176968
304,100,325,284.03624346792645,2.9662630400127057
304,100,325,260.5376777919744,8.164781919863382
304,100,45,0,1.4285714285714286
304,100,78,11.30993247402023,3.5165651817881276
304,100,261,56.30993247402023,7.895367756490488
304,100,434,146.30993247402023,2.539120616523936
304,100,360,161.56505117707798,4.5830111016933035
304,100,341,180,2.73972602739726
304,100,290,149.0362434679265,4.164965639175215
304,100,290,194.03624346792648,2.8048337589235786
304,100,290,161.56505117707798,2.2750198994017117
304,100,280,170.53767779197437,4.472619507572221
304,100,280,161.56505117707798,2.211382979138727
304,100,280,180,3.4013605442176873
304,100,270,135,3.0968180197950983
304,100,243,201.80140948635182,3.6386248696854757
304,100,243,170.53767779197437,4.905453653466306
304,100,243,161.56505117707798,2.094223616005549
304,100,243,180,1.4184397163120568
304,100,234,165.9637565320735,3.0769444967295976
304,20,88,0,0.6993006993006993
304,20,63,270,0.6896551724137931
304,100,476,45,2.1107665110046194
304,100,442,0,2.0408163265306123
304,100,372,45,2.192579166469915
304,100,351,18.434948822922024,2.211382979138727
304,100,276,33.69006752597977,2.2965294748178273
304,100,247,45,2.0797258270192573
304,20,75,171.86989764584405,5.050762722761054
304,20,48,180,3.597122302158273
304,20,78,236.3099324740202,2.46955566812602
304,20,90,201.80140948635182,4.110812829873667
304,20,105,206.56505117707798,1.552824984374854
304,20,64,146.30993247402023,2.5571285641588575
304,20,64,180,1.9736842105263157
304,100,115,213.69006752597977,2.6127183155536153
304,100,88,180,3.3783783783783785
304,100,110,180,2.158273381294964
304,100,90,45,3.0743773095067284
304,100,160,319.3987053549955,6.229421930603302
304,100,220,45,1.0174198290453922
304,100,200,333.434948822922,3.240678228260565
304,100,220,341.565051177078,4.5830111016933035
304,100,140,123.69006752597977,2.670778722565918
304,100,132,161.56505117707798,2.211382979138727
304,100,117,180,3.9735099337748347
304,100,108,180,3.5211267605633805
304,20,24,161.56505117707798,2.3599087016181937
304,20,30,180,2.797202797202797
304,20,20,161.56505117707798,2.2427501135945955
304,20,35,165.2564371635292,13.643668544714235
304,20,30,161.56505117707798,2.3082318687360432
304,20,30,180,2.112676056338028
304,20,24,180,0.6896551724137931
304,20,30,180,3.6231884057971016
304,20,18,161.56505117707798,2.0668481439009017
304,20,42,180,4.861111111111112
304,20,30,161.56505117707798,2.3252041618885144
304,20,55,143.13010235415595,3.4246575342465753
304,20,60,180,2.2222222222222223
304,20,48,165.9637565320735,2.6948402781814775
304,20,90,146.30993247402023,2.486587086526889
304,20,70,198.43494882292202,2.2427501135945955
304,20,56,161.56505117707798,2.3424278964210217
304,20,56,180,1.4184397163120568
304,20,156,45,0.9959250439247148
304,20,98,189.4623222080256,4.1950086415849785
304,20,78,161.56505117707798,2.094223616005549
304,20,91,161.56505117707798,2.3776523760664507
304,20,168,0,1.3986013986013985
304,20,168,180,2.1739130434782608
304,20,96,170.53767779197437,4.109974682633933
304,20,45,158.19859051364824,3.688469045982537
304,20,28,191.3099324740202,3.6421567954234173
304,20,48,220.6012946450045,5.835154719805625
304,20,81,164.0546040990771,14.959129909480517
304,20,35,183.36646066342982,12.163847404233145
304,20,30,177.51044707800088,16.56239486794437
304,20,24,161.56505117707798,2.2269560987101262
304,20,35,180,5.555555555555555
304,20,25,180,5
304,100,352,116.56505117707798,4.79157423749955
304,100,112,168.69006752597977,3.4924791188991673
304,100,91,180,2.083333333333333
304,100,72,123.69006752597977,2.4198330707812006
304,100,55,180,2.0408163265306123
304,100,228,180,1.5151515151515151
304,100,190,180,2.0689655172413794
304,100,200,216.86989764584402,3.546099290780142
304,100,190,213.69006752597977,2.539120616523936
304,100,200,146.30993247402023,2.631789252163496
304,100,180,180,2.684563758389262
304,100,160,153.43494882292202,1.6563466499998445
304,100,168,180,0.6493506493506493
304,20,56,173.65980825409008,3.2111294816090132
304,20,56,146.30993247402023,2.3565694610875747
304,20,56,191.3099324740202,3.80523844297969
304,20,63,161.56505117707798,2.3252041618885144
304,20,56,146.30993247402023,2.5939217809093447
304,20,48,198.43494882292202,2.0271010642104996
304,20,48,168.69006752597977,3.668359362296967
304,20,48,161.56505117707798,2.3252041618885144
304,20,56,180,2.547770700636943
304,20,54,165.9637565320735,3.246539862691071
304,20,42,180,2.6490066225165565
304,20,36,161.56505117707798,2.2427501135945955
304,20,36,180,3.0534351145038165
304,20,42,165.9637565320735,2.8832906472850772
304,20,30,194.03624346792648,2.9450754468697578
304,20,48,180,0.6944444444444444
304,20,49,153.43494882292202,3.2883352610291023
304,20,42,194.03624346792648,2.8240449490531923
304,20,42,161.56505117707798,2.196026152894708
304,20,80,180,1.342281879194631
304,20,216,251.56505117707798,6.453627877894652
304,20,184,143.13010235415595,4.132231404958678
304,20,216,198.43494882292202,2.1223340001130064
304,20,160,153.43494882292202,1.49071198499986
304,20,144,126.86989764584405,3.787878787878788
304,20,136,161.56505117707798,2.1808811449437098
304,20,144,180,3.546099290780142
304,20,850,11.30993247402023,7.232651792330191
304,20,1032,270,2.158273381294964
304,20,1118,17.35402463626133,12.147141024811747
304,100,285,50.19442890773479,5.74283064404901
304,20,140,19.98310652189997,7.962380891646004
304,100,490,26.565051177077976,6.528665627736613
304,100,429,26.565051177077976,4.594660227739293
304,100,348,20.55604521958344,5.852057359806528
304,100,288,0,4.225352112676056
304,20,351,32.005383208083515,6.886117614639857
304,20,264,18.434948822922024,4.392052305789416
304,20,414,37.874983651098205,7.917884896521792
304,20,962,17.525568373722876,13.283239230114182
304,20,1120,23.962488974578207,6.7457930149288385
304,20,1000,10.304846468766016,8.469954460226477
304,20,792,10.304846468766016,7.873478794013344
304,20,640,12.528807709151522,6.358306522270957
304,20,580,18.434948822922024,9.369711585684087
304,20,588,12.528807709151522,6.271798950539378
304,20,594,15.255118703057747,8.144110179279556
304,20,403,16.699244233993625,7.006917120074195
304,20,640,26.565051177077976,3.2883352610291023
304,20,520,9.462322208025626,4.166275705683712
304,20,513,14.036243467926454,6.247129735784334
304,20,288,343.3007557660064,7.352328527401797
