403,100,666,33.69006752597977,6.635983942571761
403,100,620,355.9143832200251,10.965366287201718
403,100,570,7.125016348901795,5.677646301618696
403,100,96,338.9624889745782,9.948848769417227
403,100,76,53.13010235415595,3.7593984962406015
403,100,430,284.03624346792645,11.780301787479031
403,100,378,0,1.4285714285714286
403,100,588,0,2.0689655172413794
403,100,120,26.565051177077976,1.7333860290696046
403,100,95,36.86989764584405,3.64963503649635
403,100,672,45,2.8861501272920305
403,100,546,36.86989764584405,3.3557046979865772
403,100,550,0,2.2556390977443606
403,100,625,18.434948822922024,2.094223616005549
403,100,825,350.5376777919744,4.5057500224431255
403,100,750,333.434948822922,1.4519921931816817
403,100,624,26.565051177077976,3.2173639964025753
403,100,529,36.86989764584405,3.6764705882352944
403,100,462,315,5.439282932204211
403,100,420,33.69006752597977,5.341557445131836
403,20,357,9.462322208025626,4.344830378784442
403,20,440,18.434948822922024,2.211382979138727
403,20,475,0,8.695652173913043
403,100,216,26.565051177077976,6.674829783581463
403,100,189,341.565051177078,4.719817403236387
403,100,133,11.30993247402023,3.7492790541123413
403,100,1508,30.963756532073546,3.93983236138196
403,100,1400,33.69006752597977,2.372073207542098
403,100,1375,36.86989764584405,3.4482758620689653
403,100,1296,0,3.937007874015748
403,100,512,37.56859202882748,11.311185839211536
403,100,480,90,6.7669172932330826
403,100,480,36.86989764584405,6.944444444444445
403,100,480,26.565051177077976,6.48135645652113
403,100,464,351.25383773744477,8.653254235503885
403,20,192,0,2
403,20,155,0,4.651162790697675
403,20,145,350.5376777919744,4.344830378784442
403,100,207,347.4711922908485,13.658584381174649
403,100,72,9.462322208025626,3.924362922773045
403,100,182,350.5376777919744,4.314015978934908
403,100,378,18.434948822922024,4.3617622898874195
403,100,338,45,5.276916277511549
403,100,276,315,1.024792436502243
403,20,231,165.9637565320735,2.660068145559781
403,20,180,135,2.142747821777417
403,20,187,180,0.6993006993006993
403,20,192,90,0.6993006993006993
403,20,180,161.56505117707798,2.211382979138727
403,20,150,333.434948822922,4.724087276408007
403,20,315,11.30993247402023,3.5409857733283228
403,20,150,71.56505117707798,2.2269560987101262
403,20,208,220.6012946450045,6.779076806833005
403,20,168,194.03624346792648,2.6261819271450064
403,20,190,180,5.46875
403,20,140,161.56505117707798,1.9641476150114159
403,20,72,180,3.3333333333333335
403,20,63,153.43494882292202,3.1273678006990067
403,20,28,180,2.127659574468085
403,20,33,180,4.761904761904762
403,20,1225,146.30993247402023,4.839666141562401
403,20,1152,225,1.0553832555023097
403,20,779,116.56505117707798,4.38444701470547
403,20,560,206.56505117707798,5.2820503405506845
403,20,40,180,2.013422818791946
403,20,48,180,1.5151515151515151
403,20,48,180,2.083333333333333
403,20,48,180,2.5806451612903225
403,20,72,149.0362434679265,4.194929420752016
403,20,60,180,2.18978102189781
403,20,45,206.56505117707798,3.0014335268453554
403,20,36,146.30993247402023,2.5939217809093447
403,20,36,180,1.4388489208633095
403,100,96,123.69006752597977,2.83901675233385
403,100,189,233.13010235415598,3.2467532467532463
403,100,161,180,1.4084507042253522
403,100,408,240.25511870305775,6.061847931051541
403,100,147,105.94539590092285,4.918993168432782
403,100,126,161.56505117707798,2.2915055508466518
403,100,96,116.56505117707798,1.5746957588026689
403,100,105,180,3.4246575342465753
403,100,136,153.43494882292202,1.5746957588026689
403,100,91,161.56505117707798,2.3599087016181937
403,100,84,180,2.0689655172413794
403,100,66,180,0.7042253521126761
403,100,66,180,3.571428571428571
403,100,45,180,0.6944444444444444
403,100,63,194.03624346792648,2.8435211211156277
403,100,40,180,0.7246376811594203
403,100,66,135,2.0203050891044216
403,100,66,198.43494882292202,2.1366740947083644
403,100,108,146.30993247402023,2.403700850309326
403,100,75,153.43494882292202,1.8032806270159594
403,100,260,108.43494882292202,2.014189592463936
403,100,128,239.03624346792648,4.627739599083572
403,100,84,198.43494882292202,2.1808811449437098
403,100,288,90,3.3333333333333335
403,100,627,146.30993247402023,8.256987653734328
403,100,216,300.9637565320735,3.9133905334532217
403,100,184,191.3099324740202,3.6163258961650957
403,100,462,135,5.81183655769765
403,100,216,299.7448812969422,5.800185430430611
403,20,32,206.56505117707798,1.6687074458953657
403,20,161,119.05460409907715,7.1004345799910356
403,20,96,258.69006752597977,3.3326924925443038
403,20,70,194.03624346792648,3.246539862691071
403,100,319,135,3.6732819801898575
403,20,432,168.69006752597977,3.5908588123892846
403,100,315,206.56505117707798,1.6812541184208947
403,100,675,153.43494882292202,2.0897831565418596
403,100,525,333.434948822922,1.5315534092464314
403,20,525,165.9637565320735,2.9035955109983522
403,20,504,180,2.2388059701492535
403,20,418,180,4.827586206896552
403,20,540,135,0.9959250439247148
403,20,440,26.565051177077976,1.5971914124998499
403,20,480,149.0362434679265,4.049272149198126
403,20,408,153.43494882292202,3.240678228260565
403,20,323,180,4.225352112676056
403,20,255,180,2
403,20,204,206.56505117707798,1.6563466499998445
403,20,180,225,0.9820927516479828
403,20,170,153.43494882292202,1.5007167634226777
403,100,196,165.9637565320735,2.92418838696288
403,20,77,225,1.9372788525658837
403,20,54,165.9637565320735,2.8832906472850772
403,20,81,206.56505117707798,1.6203391141302825
403,20,56,153.43494882292202,1.4808397201985364
403,20,91,36.86989764584405,3.3333333333333335
403,20,66,108.43494882292202,2.3599087016181937
403,20,400,135,1.0101525445522108
403,20,338,180,2.083333333333333
403,20,336,323.13010235415595,3.4246575342465753
403,20,288,168.69006752597977,3.376834114962109
403,20,242,333.434948822922,1.788854381999832
403,20,1480,56.30993247402023,2.46955566812602
403,20,1332,63.434948822922024,3.1943828249996997
403,20,1184,75.96375653207355,2.9450754468697578
403,20,1140,63.434948822922024,1.5315534092464314
403,100,1472,167.47119229084842,6.314756477597867
403,100,1380,180,0.6711409395973155
403,100,1334,167.47119229084842,7.202769107260068
403,100,1311,171.86989764584405,4.979625219623574
403,100,1288,161.56505117707798,4.3318872057101085
403,100,1265,161.56505117707798,4.3617622898874195
403,100,1188,180,2.18978102189781
403,100,1276,167.47119229084842,5.872321310377635
403,100,1254,165.9637565320735,3.1000794177576396
403,100,1060,164.0546040990771,5.126837950197547
403,20,190,54.462322208025626,6.516913081092899
403,20,221,194.03624346792648,2.86326779556782
403,100,1350,18.434948822922024,6.54264343483113
403,100,1305,29.054604099077153,7.1004345799910356
403,100,1305,20.55604521958344,6.146765284401101
403,100,1204,23.198590513648185,5.32571545864609
403,100,1092,18.434948822922024,6.776309271789384
403,100,1025,15.945395900922847,5.313948824292349
403,100,936,39.80557109226521,5.138322155201746
403,100,975,21.801409486351815,3.8192658206627685
403,100,1014,21.801409486351815,3.959680005245959
403,100,1240,45,0.9686394262829419
403,100,1080,270,4.761904761904762
403,100,1015,90,4.477611940298507
403,100,891,354.28940686250036,7.282518566029631
403,100,837,0,2.0689655172413794
403,100,783,225,0.9959250439247148
403,100,750,67.3801350519596,9.027777777777777
403,100,792,111.80140948635182,3.66337741981939
403,100,840,315,1.0795523376893856
403,100,816,45,0.9428090415820635
403,100,782,63.434948822922024,1.5211346785712856
403,100,814,45,2.0951312035156966
403,100,1080,135,0.9753196981883415
403,100,858,56.30993247402023,2.6127183155536153
403,20,416,32.005383208083515,6.417674239494288
403,20,330,28.300755766006375,5.282584279153274
403,20,319,30.963756532073546,4.049272149198126
403,20,286,30.963756532073546,3.966633942071633
403,20,297,33.69006752597977,2.7523292179114422
403,20,352,30.963756532073546,3.8873012632302006
403,20,372,26.565051177077976,1.5211346785712856
403,20,372,45,3.1426968052735442
403,20,330,45,1.950639396376683
403,20,360,18.434948822922024,2.2915055508466518
403,20,330,180,0.6711409395973155
403,20,290,90,2.127659574468085
403,20,252,45,3.9283710065919313
403,20,234,63.434948822922024,1.6563466499998445
403,20,200,116.56505117707798,1.5636839003495033
403,20,200,71.56505117707798,2.2587697572631282
403,20,192,45,1.0029883421085781
403,20,154,90,1.3986013986013985
403,20,260,108.43494882292202,2.1808811449437098
403,20,210,21.801409486351815,7.5316990309573475
403,20,208,0,5.517241379310345
403,20,1326,155.55604521958344,8.27605888602368
403,20,1360,165.9637565320735,5.534369967272028
403,20,1260,156.80140948635176,5.949822738956179
403,20,1122,172.8749836510982,5.677646301618696
403,20,1015,161.56505117707798,6.497830808565164
403,20,962,161.56505117707798,4.3617622898874195
403,20,900,161.56505117707798,4.6164637374720865
403,20,875,149.0362434679265,3.71398209862758
403,20,875,153.43494882292202,3.3625082368417893
403,20,840,153.43494882292202,3.1493915176053378
403,20,770,161.56505117707798,2.1512092926315507
403,20,726,146.30993247402023,2.486587086526889
403,20,693,153.43494882292202,3.1273678006990067
403,20,620,146.30993247402023,2.486587086526889
403,20,693,90,4.316546762589928
403,20,714,180,2.1739130434782608
403,20,612,146.30993247402023,2.503855052405548
403,20,544,161.56505117707798,2.1081851067789197
403,20,476,153.43494882292202,1.5007167634226777
403,20,408,53.13010235415595,3.8461538461538463
403,20,240,123.69006752597977,2.5571285641588575
403,20,252,159.44395478041656,6.1028598180839495
403,20,276,149.0362434679265,3.9938026677022607
403,20,300,149.0362434679265,3.9133905334532217
403,20,320,153.43494882292202,5.2407843222651325
403,20,816,97.1250163489018,5.677646301618696
403,20,782,159.44395478041656,5.852057359806528
403,20,672,198.43494882292202,2.1808811449437098
403,20,651,135,4.129090693060132
403,20,620,146.30993247402023,2.2965294748178273
403,20,570,161.56505117707798,2.3776523760664507
403,20,570,153.43494882292202,3.1493915176053378
403,20,540,135,1.9241000848613539
403,20,540,135,2.142747821777417
403,20,540,146.30993247402023,2.486587086526889
403,20,510,161.56505117707798,2.211382979138727
403,20,450,135,1.950639396376683
403,20,450,116.56505117707798,1.6086819982012877
403,100,420,135,1.024792436502243
403,100,406,135,1.9641855032959656
403,100,406,153.43494882292202,1.49071198499986
403,100,392,135,0.9491366190423458
403,20,55,149.0362434679265,8.32993127835043
403,20,260,161.56505117707798,4.3617622898874195
403,20,260,161.56505117707798,4.6164637374720865
403,20,260,153.43494882292202,5.696988477706471
403,20,260,153.43494882292202,3.3625082368417893
403,20,260,164.0546040990771,5.126837950197547
403,20,240,165.9637565320735,2.8048337589235786
403,20,240,158.19859051364824,4.07967030843523
403,20,240,153.43494882292202,3.0842316931031584
403,20,240,153.43494882292202,3.1273678006990067
403,20,228,158.19859051364824,3.7139067635410368
403,20,228,146.30993247402023,2.5939217809093447
403,20,216,153.43494882292202,1.6203391141302825
403,20,216,99.46232220802563,4.22414064604043
403,20,204,180,2
403,20,204,153.43494882292202,1.5007167634226777
403,20,176,153.43494882292202,1.7200522903844537
403,20,150,161.56505117707798,2.211382979138727
403,20,900,146.30993247402023,5.150787536377127
403,20,945,153.43494882292202,3.3625082368417893
403,20,990,146.30993247402023,7.358267909110183
403,20,924,135,3.955842132512154
403,20,945,150.2551187030578,5.484529080475204
403,20,860,149.0362434679265,3.836152562398224
403,20,780,126.86989764584405,3.937007874015748
403,20,104,144.46232220802563,6.1445180478875905
403,20,104,143.13010235415595,3.7593984962406015
403,20,104,143.13010235415595,6.802721088435375
403,20,96,149.0362434679265,4.0775887376540565
403,20,88,146.30993247402023,4.905511939406788
403,20,728,147.72435568542238,6.494856952093708
403,20,480,180,3.0534351145038165
403,20,306,131.18592516570965,7.231391709343299
403,20,700,170.53767779197437,4.376088151293683
403,20,725,139.3987053549955,6.632765796613588
403,20,675,135,3.955842132512154
403,20,648,143.13010235415595,3.546099290780142
403,20,1462,147.99461679191648,6.690766760323832
403,20,1376,143.13010235415595,3.4482758620689653
403,20,1290,143.13010235415595,3.3333333333333335
403,20,1218,146.30993247402023,2.7735009811261455
403,20,1120,138.0127875041834,8.909684799386563
403,20,1092,141.34019174590992,4.446614053772811
403,20,1092,143.13010235415595,3.7037037037037033
403,20,1036,135,3.9283710065919313
403,20,506,164.0546040990771,9.837986336865564
403,20,816,104.03624346792651,2.7858821794713924
403,20,594,165.9637565320735,3.0095661500858837
403,20,500,149.0362434679265,4.049272149198126
403,20,504,258.69006752597977,3.5409857733283228
403,20,378,135,3.74626109237906
403,20,255,161.56505117707798,4.5830111016933035
403,20,195,158.19859051364824,3.98901096824778
403,20,165,143.13010235415595,3.3112582781456954
403,20,1029,144.46232220802563,5.8519219503691335
403,20,1080,180,3.007518796992481
403,20,1197,149.0362434679265,3.966633942071633
403,20,1197,161.56505117707798,2.196026152894708
403,20,1155,141.34019174590992,4.7430549906909985
403,20,1040,158.19859051364824,3.7396977827322946
403,20,912,180,2.8169014084507045
403,20,756,231.3401917459099,4.4159477499536886
403,20,756,188.13010235415598,4.8102502121533846
403,20,675,153.43494882292202,3.1493915176053378
403,20,675,146.30993247402023,5.302281287447043
403,20,672,153.43494882292202,3.021713483107824
403,20,667,153.43494882292202,3.2643328138683065
403,20,198,75.96375653207355,5.687042242231255
403,20,1110,26.565051177077976,3.105649968749708
403,20,1470,8.130102354155952,4.876598490941707
403,20,1353,56.30993247402023,2.3565694610875747
403,20,1178,72.89727103094765,10.304144324799578
403,20,1080,90,6.666666666666667
403,20,1085,0,1.3986013986013985
403,20,960,170.53767779197437,4.314015978934908
403,100,120,26.565051177077976,3.1717276276592763
403,100,110,0,3.64963503649635
403,100,130,296.565051177078,1.5971914124998499
403,100,99,33.69006752597977,2.3261621132025736
403,100,90,0,3.4965034965034967
403,100,150,333.434948822922,4.9325028915436535
403,100,798,35.537677791974374,5.734883511361751
403,100,777,36.86989764584405,3.546099290780142
403,20,168,45,1.977921066256077
403,100,100,0,2.666666666666667
403,20,340,251.56505117707798,2.2427501135945955
403,20,323,45,2.064545346530066
403,20,323,338.1985905136482,3.792369582489087
403,20,462,326.30993247402023,2.5939217809093447
403,20,552,0,1.2658227848101267
403,20,945,125.53767779197437,6.720566614877052
403,20,1520,333.434948822922,1.6441676305145512
403,20,1428,198.43494882292202,4.3617622898874195
403,20,1485,0,0.6944444444444444
403,20,1364,270,0.7575757575757576
403,20,1230,30.963756532073546,3.8873012632302006
403,20,1350,36.86989764584405,3.5211267605633805
403,20,1148,255.9637565320735,6.019132300171767
403,20,1053,0,4.794520547945205
403,20,40,135,1.9241000848613539
403,20,24,161.56505117707798,2.3599087016181937
403,20,32,188.13010235415598,5.050762722761054
403,20,40,174.2894068625003,7.230126346130136
403,20,36,180,2.097902097902098
403,20,24,213.69006752597977,2.7314782389878705
403,20,32,184.76364169072616,8.304547985373997
403,20,32,180,1.4598540145985401
403,20,32,180,4.964539007092199
403,20,28,180,4.827586206896552
403,20,24,180,5.0359712230215825
403,20,28,161.56505117707798,2.0401791355925027
403,20,21,180,3.225806451612903
403,20,344,168.69006752597977,3.227227540248598
403,20,264,198.43494882292202,2.2269560987101262
403,20,294,191.3099324740202,3.9527283051106856
403,20,216,198.43494882292202,2.0804458290581445
403,20,340,210.96375653207352,4.664761515876241
403,20,207,123.69006752597977,2.5753937681885635
403,20,322,143.13010235415595,3.8461538461538463
403,20,391,180,1.2903225806451613
403,20,322,180,1.4388489208633095
403,20,286,161.56505117707798,2.1808811449437098
403,20,299,206.56505117707798,1.4710973536182828
403,20,312,225,2.2627416997969525
403,20,264,153.43494882292202,1.5971914124998499
403,20,264,198.43494882292202,2.1081851067789197
403,20,24,180,6.293706293706294
403,20,32,175.23635830927378,8.027729719194863
403,100,308,161.56505117707798,4.5175395145262565
403,100,252,161.56505117707798,2.2427501135945955
403,100,308,90,1.3888888888888888
403,100,405,143.9726266148964,4.739188330569841
403,100,435,198.43494882292202,2.2915055508466518
403,100,435,165.9637565320735,2.8048337589235786
403,100,405,146.30993247402023,2.5753937681885635
403,100,405,180,2.142857142857143
403,100,432,153.43494882292202,1.552824984374854
403,100,442,168.69006752597977,3.565747911603346
403,100,156,220.6012946450045,6.829292190587324
403,100,100,194.03624346792648,2.8240449490531923
403,100,72,168.69006752597977,3.6163258961650957
403,100,360,213.69006752597977,2.503855052405548
403,100,416,180,2.666666666666667
403,100,348,18.434948822922024,2.3776523760664507
403,100,510,165.9637565320735,2.8832906472850772
403,100,396,108.43494882292202,2.196026152894708
403,100,403,95.71059313749964,7.282518566029631
403,100,464,63.434948822922024,6.084538714285142
403,100,546,270,1.4285714285714286
403,100,70,270,3.64963503649635
403,20,42,153.43494882292202,13.69021210714157
403,100,140,180,2.9197080291970803
403,100,140,180,1.4388489208633095
403,100,119,251.56505117707798,2.1512092926315507
403,100,112,153.43494882292202,1.6203391141302825
403,100,126,153.43494882292202,3.021713483107824
403,100,128,180,1.3333333333333335
403,100,120,180,2.097902097902098
403,100,120,206.56505117707798,1.7333860290696046
403,100,261,126.86989764584405,3.3557046979865772
403,100,232,135,0.9620500424306769
403,100,220,225,3.340661958361642
403,100,280,135,2.8096958192842947
403,100,510,180,0.6944444444444444
403,100,600,180,5.185185185185185
403,100,624,120.96375653207349,4.194929420752016
403,100,546,90,0.6802721088435374
403,100,703,243.43494882292202,3.1273678006990067
403,100,666,90,1.4388489208633095
403,100,741,201.80140948635182,3.6386248696854757
403,100,648,206.56505117707798,1.5421158465515792
403,100,544,0,0.7575757575757576
403,100,495,216.86989764584402,3.4722222222222223
403,100,416,180,2
403,100,372,161.56505117707798,2.3082318687360432
403,100,360,198.43494882292202,2.211382979138727
403,100,372,56.30993247402023,4.87236658846485
403,100,341,135,0.9889605331280386
403,20,200,172.8749836510982,5.598790102985104
403,20,152,189.4623222080256,4.314015978934908
403,20,160,180,4.411764705882353
403,20,133,200.55604521958347,6.23649908417338
403,20,114,180,4.964539007092199
403,20,90,171.86989764584405,4.777748521530727
403,20,85,180,4.964539007092199
403,20,144,206.56505117707798,3.2643328138683065
403,20,336,45,1.0029883421085781
403,20,48,153.43494882292202,1.49071198499986
403,20,48,153.43494882292202,1.6321664069341533
403,20,44,180,2.797202797202797
403,20,40,180,2.9850746268656714
403,20,27,161.56505117707798,2.1366740947083644
403,20,20,165.9637565320735,3.031695312954162
403,20,25,170.53767779197437,4.2836355847170555
403,20,16,194.03624346792648,3.0541523152723413
403,20,20,180,3.571428571428571
403,20,216,180,2.8368794326241136
403,20,225,161.56505117707798,4.550039798803423
403,20,200,206.56505117707798,1.4063320613206225
403,20,200,191.3099324740202,3.9836089949943627
403,20,200,161.56505117707798,2.211382979138727
403,20,192,194.03624346792648,2.86326779556782
403,20,161,180,3.731343283582089
403,20,161,180,3.3112582781456954
403,100,161,180,2.9629629629629632
403,100,203,135,4.0119533684343125
403,100,210,194.03624346792648,2.8240449490531923
403,100,224,180,2.684563758389262
403,100,224,194.03624346792648,3.147408874517298
403,100,189,180,2.7777777777777777
403,100,224,213.69006752597977,2.521364528296496
403,100,203,153.43494882292202,3.1493915176053378
403,100,203,180,2.0689655172413794
403,100,252,236.3099324740202,5.042729056592992
403,100,360,243.43494882292202,1.6203391141302825
403,100,224,135,3.9837001756988593
403,100,175,201.80140948635182,3.43004127842962
403,100,234,180,2.4390243902439024
403,100,240,194.03624346792648,2.767184983636014
403,100,250,161.56505117707798,2.211382979138727
403,100,230,225,3.008965026325734
403,100,98,206.56505117707798,3.5213668937004563
403,100,66,206.56505117707798,1.4808397201985364
403,100,72,198.43494882292202,2.196026152894708
403,100,160,135,4.190262407031393
403,20,72,161.56505117707798,2.1512092926315507
403,20,63,180,2.797202797202797
403,20,63,180,2.158273381294964
403,20,48,161.56505117707798,2.1366740947083644
403,20,40,165.9637565320735,2.8435211211156277
403,20,126,135,3.2141217326661247
403,20,42,216.86989764584402,1.7006802721088436
403,20,32,161.56505117707798,2.3082318687360432
403,20,64,201.80140948635182,4.018779706816794
403,20,56,153.43494882292202,3.021713483107824
403,20,42,180,2.797202797202797
403,20,80,270,1.4705882352941175
403,20,60,135,1.0029883421085781
403,20,216,210.96375653207352,4.106304151299508
403,20,189,191.3099324740202,3.777051491550211
403,20,180,180,3.4246575342465753
403,20,168,180,2.142857142857143
403,20,112,180,4.25531914893617
403,20,84,180,2.083333333333333
403,20,84,236.3099324740202,4.682534123979207
403,20,84,116.56505117707798,3.1943828249996997
403,20,90,206.56505117707798,3.2883352610291023
403,20,75,126.86989764584405,3.4482758620689653
403,20,252,172.8749836510982,5.598790102985104
403,20,252,90,0.7092198581560284
403,20,195,195.94539590092288,5.353021977412146
403,20,154,225,1.032272673265033
403,20,130,206.56505117707798,1.5858638138296381
403,20,117,180,3.3783783783783785
403,20,160,191.3099324740202,3.6163258961650957
403,20,414,126.86989764584405,3.64963503649635
403,20,252,210.96375653207352,3.966633942071633
403,20,240,45,2.064545346530066
403,20,136,206.56505117707798,1.4242471194266177
403,20,128,180,4.724409448818897
403,20,176,153.43494882292202,3.1493915176053378
403,20,264,180,2.9197080291970803
403,20,32,161.56505117707798,2.2427501135945955
403,20,28,191.3099324740202,3.6163258961650957
403,20,40,180,13.47517730496454
403,20,45,180,3.571428571428571
403,20,72,180,2.564102564102564
403,20,48,206.56505117707798,1.6441676305145512
403,20,56,180,2.8169014084507045
403,20,56,188.13010235415598,5.237828008789241
403,20,56,153.43494882292202,1.5007167634226777
403,20,56,198.43494882292202,2.211382979138727
403,20,100,194.03624346792648,3.031695312954162
403,20,63,135,1.0174198290453922
403,20,48,225,0.9686394262829419
403,20,48,180,2.127659574468085
403,20,49,180,2.137767220902613
403,20,240,186.3401917459099,6.160125944311169
403,20,72,0,2.7210884353741496
403,20,63,153.43494882292202,3.2883352610291023
403,20,150,201.80140948635182,3.688469045982537
403,20,120,243.43494882292202,1.6086819982012877
403,20,84,135,1.9918500878494296
403,20,48,180,1.4184397163120568
403,20,32,180,1.4184397163120568
403,20,32,198.43494882292202,2.1808811449437098
403,20,42,165.9637565320735,1.4938788498614712
403,20,32,198.43494882292202,2.1366740947083644
403,20,52,198.43494882292202,2.2427501135945955
403,20,81,168.69006752597977,3.6421567954234173
403,20,104,194.03624346792648,2.6430164266779874
403,20,120,225,1.0398629135096287
403,20,210,191.3099324740202,3.5908588123892846
403,20,120,90,0.6944444444444444
403,20,117,153.43494882292202,1.6563466499998445
403,20,96,165.9637565320735,2.767184983636014
403,20,88,0,0.6993006993006993
403,20,169,194.03624346792648,3.031695312954162
403,20,100,225,2.0348396580907844
403,20,72,161.56505117707798,2.1659436028550543
403,20,72,165.9637565320735,2.92418838696288
403,20,156,251.56505117707798,2.2915055508466518
403,20,72,123.69006752597977,2.436183294232425
403,20,210,338.9624889745782,9.475094066111646
403,20,798,32.005383208083515,6.55137578615042
403,20,798,32.005383208083515,6.643648684546903
403,20,798,29.744881296942253,5.484529080475204
403,20,1034,30.963756532073546,8.450654920065654
403,20,798,33.69006752597977,4.713138922175149
403,20,663,33.69006752597977,5.462956477975741
403,20,576,26.565051177077976,3.2883352610291023
403,20,495,45,4.9104637582399135
403,20,984,18.434948822922024,6.680868296130379
403,20,792,33.69006752597977,4.905511939406788
403,20,736,32.005383208083515,6.83621821163522
403,20,660,30.963756532073546,3.8110796698335303
403,20,567,35.537677791974374,6.516913081092899
403,20,594,26.565051177077976,3.2883352610291023
403,20,441,32.005383208083515,6.55137578615042
403,20,1440,33.69006752597977,5.187843561818689
403,20,1364,45,2.77296776935901
403,20,1260,51.34019174590992,4.81437912588936
403,20,1131,90,1.3986013986013985
403,20,1073,56.30993247402023,2.521364528296496
403,20,980,68.19859051364818,3.8742192857082762
403,20,918,90,1.36986301369863
403,20,832,90,3.546099290780142
403,20,780,135,3.0968180197950983
403,20,460,45,3.955842132512154
403,20,462,315,2.142747821777417
403,20,400,78.69006752597977,3.565747911603346
403,20,342,63.434948822922024,1.5421158465515792
403,20,306,90,1.4084507042253522
403,20,225,90,1.4285714285714286
403,20,196,90,1.3605442176870748
403,20,195,108.43494882292202,2.3252041618885144
403,20,180,90,2.097902097902098
403,20,165,135,1.8247916933846389
403,20,154,90,0.7633587786259541
403,20,279,130.6012946450045,6.829292190587324
403,20,279,206.56505117707798,3.2883352610291023
403,20,261,108.43494882292202,6.004324671205784
403,20,232,153.43494882292202,3.549314249999666
403,20,196,180,2.097902097902098
403,20,182,135,3.7216146378239348
403,20,200,135,3.1426968052735442
403,20,1020,128.65980825409008,4.131047895117967
403,20,992,135,4.489566864676493
403,20,930,126.86989764584405,3.5211267605633805
403,20,899,126.86989764584405,3.2467532467532463
403,20,810,135,3.166149766506929
403,20,840,146.30993247402023,2.5571285641588575
403,20,754,296.565051177078,1.510856741553912
403,20,700,116.56505117707798,1.6086819982012877
403,20,750,146.30993247402023,7.781765342728035
403,20,725,149.0362434679265,4.106304151299508
403,20,672,135,2.0797258270192573
403,20,648,0,2.027027027027027
403,20,624,153.43494882292202,6.434727992805151
403,20,405,153.43494882292202,3.2643328138683065
403,100,475,135,7.1735470555157
403,100,500,135,5.892556509887895
403,100,456,141.34019174590992,4.131047895117967
403,100,437,126.86989764584405,3.968253968253968
403,100,500,146.30993247402023,2.539120616523936
403,100,437,135,3.6732819801898575
403,100,399,143.13010235415595,3.731343283582089
403,100,380,143.13010235415595,1.7301038062283738
403,20,150,130.6012946450045,6.880257057681259
403,20,140,153.43494882292202,3.105649968749708
403,20,135,121.60750224624894,9.847959691918547
403,20,112,210.96375653207352,4.4511083166758025
403,20,104,149.0362434679265,4.049272149198126
403,20,98,116.56505117707798,7.076164485758829
403,20,1440,90,0.7462686567164178
403,20,1292,101.30993247402023,3.354618101047885
403,20,1188,116.56505117707798,3.3625082368417893
403,20,1054,146.30993247402023,2.3565694610875747
403,20,1023,153.43494882292202,1.552824984374854
403,20,900,126.86989764584405,3.7593984962406015
403,20,840,135,1.9918500878494296
403,20,750,135,4.652018297279918
403,20,638,0,0.7518796992481203
403,20,532,135,3.0743773095067284
403,20,1440,146.30993247402023,2.7735009811261455
403,20,1376,135,2.8861501272920305
403,20,1230,146.30993247402023,2.5753937681885635
403,20,1160,144.46232220802563,6.0156120748549835
403,20,1102,153.43494882292202,3.1717276276592763
403,20,1110,153.43494882292202,3.0842316931031584
403,20,1015,75.96375653207355,2.8240449490531923
403,20,1015,180,3.7593984962406015
403,20,650,161.56505117707798,2.1081851067789197
403,20,702,135,2.0797258270192573
403,20,625,146.30993247402023,2.5571285641588575
403,20,624,153.43494882292202,1.5746957588026689
403,20,598,153.43494882292202,3.1717276276592763
403,20,504,153.43494882292202,1.5858638138296381
403,20,480,135,0.9753196981883415
403,20,432,153.43494882292202,3.1493915176053378
403,20,408,75.96375653207355,3.0095661500858837
403,20,384,189.4623222080256,4.166275705683712
403,20,368,90,1.36986301369863
403,100,234,0,0.7194244604316548
403,100,243,0,2.054794520547945
403,100,243,333.434948822922,3.1493915176053378
403,100,200,30.963756532073546,4.0775887376540565
403,100,192,315,2.8096958192842947
403,100,184,0,1.4598540145985401
403,100,176,0,2.097902097902098
403,100,168,345.96375653207355,2.8435211211156277
403,100,147,315,0.936565273094765
403,100,133,0,3.787878787878788
403,100,108,323.13010235415595,3.571428571428571
403,100,90,0,0.6493506493506493
403,100,85,323.13010235415595,3.816793893129771
403,100,80,30.963756532073546,3.9133905334532217
403,100,85,0,2.112676056338028
403,100,80,315,2.0348396580907844
403,100,207,15.255118703057747,7.355970484510567
403,100,840,273.1798301198642,13.657391194939352
403,100,867,45,7.49252218475812
403,100,1520,345.96375653207355,2.9662630400127057
403,100,1116,344.05460409907715,4.986376636493506
403,100,924,333.434948822922,3.2883352610291023
403,100,750,0,2.127659574468085
403,100,434,59.03624346792651,1.9833169710358165
403,100,648,326.30993247402023,2.7523292179114422
403,100,595,0,1.342281879194631
403,100,578,341.565051177078,2.2269560987101262
403,100,576,26.565051177077976,1.6086819982012877
403,100,540,18.434948822922024,2.196026152894708
403,100,936,116.56505117707798,1.4426245016127677
403,100,667,333.434948822922,3.3879817840905906
403,100,588,0,1.3986013986013985
403,100,560,0,3.3112582781456954
403,100,540,0,2.2556390977443606
403,100,444,333.434948822922,1.6441676305145512
403,100,816,153.43494882292202,1.4426245016127677
403,100,693,0,3.007518796992481
403,100,400,333.434948822922,1.5858638138296381
403,100,1120,49.76364169072616,11.352924243950934
403,100,817,270,2.4
403,100,392,0,2.18978102189781
403,100,364,26.565051177077976,1.5007167634226777
403,100,435,0,2.9850746268656714
403,100,420,333.434948822922,1.5858638138296381
403,100,645,300.9637565320735,3.7863323992501954
403,100,377,63.434948822922024,3.3625082368417893
403,100,462,21.801409486351815,3.66337741981939
403,100,510,0,1.3986013986013985
403,100,490,11.30993247402023,3.892381308086095
403,100,442,0,2.7586206896551726
403,100,352,0,2.083333333333333
403,100,352,29.054604099077153,7.1004345799910356
403,100,348,45,6.780475983980592
403,100,832,59.03624346792651,7.987605335404521
403,100,1026,0,2.127659574468085
403,100,714,0,2.797202797202797
403,100,78,329.03624346792645,4.384174357026542
403,100,96,285.94539590092285,4.63701266833154
403,100,55,323.13010235415595,3.4965034965034967
403,20,42,0,2.083333333333333
403,20,30,333.434948822922,1.5421158465515792
403,20,20,14.036243467926454,2.8240449490531923
403,20,55,49.39870535499551,6.358306522270957
403,20,40,26.565051177077976,1.6441676305145512
403,100,36,33.69006752597977,2.6127183155536153
403,20,32,345.96375653207355,2.9662630400127057
403,20,72,7.125016348901795,11.85626139455669
403,20,56,26.565051177077976,1.5211346785712856
403,20,374,353.6598082540901,5.957490222458827
403,20,224,326.30993247402023,2.631789252163496
403,20,195,180,0.7042253521126761
403,100,374,108.43494882292202,2.1659436028550543
403,100,180,206.56505117707798,1.7069221202288474
403,100,360,143.74616226255523,13.382068516358473
403,100,42,165.9637565320735,2.8048337589235786
403,20,50,180,2.158273381294964
403,20,27,225,2.925959094565024
403,20,96,163.30075576600643,7.30091364259479
403,20,96,165.9637565320735,2.8832906472850772
403,100,1519,180,1.3986013986013985
403,100,957,135,12.856486930664499
403,100,464,198.43494882292202,6.728250340783785
403,20,88,0,2.9197080291970803
403,20,77,225,2.8666491129184357
403,20,210,206.56505117707798,6.725016473683579
403,20,224,101.30993247402023,3.4452834551302596
403,20,156,270,1.3333333333333335
403,20,120,188.13010235415598,5.050762722761054
403,20,99,180,4.166666666666666
403,20,88,170.53767779197437,4.314015978934908
403,20,108,206.56505117707798,3.105649968749708
403,20,144,170.53767779197437,4.22414064604043
403,20,288,146.30993247402023,2.7314782389878705
403,20,276,161.56505117707798,2.1366740947083644
403,20,264,189.4623222080256,4.439972649852715
403,20,231,168.69006752597977,3.5409857733283228
403,20,312,213.69006752597977,2.6127183155536153
403,20,276,161.56505117707798,2.2427501135945955
403,20,308,180,2.8368794326241136
403,20,418,180,4
403,20,525,206.56505117707798,2.9229646764703134
403,20,775,255.9637565320735,3.19620591133152
403,20,575,153.43494882292202,4.861017342390848
403,20,576,198.43494882292202,2.2427501135945955
403,20,700,180,1.3888888888888888
403,20,598,180,2.097902097902098
403,20,40,180,0.6756756756756757
403,20,32,198.43494882292202,2.3599087016181937
403,20,60,164.0546040990771,4.853406592853679
403,20,135,236.3099324740202,2.5753937681885635
403,20,176,206.56505117707798,1.552824984374854
403,20,98,143.13010235415595,3.546099290780142
403,20,98,206.56505117707798,1.552824984374854
403,20,96,180,2.083333333333333
403,20,72,180,0.7575757575757576
403,20,66,168.69006752597977,3.4452834551302596
403,20,90,225,2.064545346530066
403,20,72,168.69006752597977,3.5409857733283228
403,20,63,153.43494882292202,1.6203391141302825
403,20,48,180,1.4184397163120568
403,20,42,165.9637565320735,2.92418838696288
403,20,24,191.3099324740202,1.6828447239580147
403,20,24,180,2.3255813953488373
403,20,24,165.9637565320735,2.9877576997229425
403,20,42,198.43494882292202,2.2427501135945955
403,20,30,135,0.9820927516479828
403,20,35,180,3.4965034965034967
403,20,70,225,2.8861501272920305
403,20,60,206.56505117707798,1.5421158465515792
403,20,54,146.30993247402023,2.7735009811261455
403,20,48,180,1.4084507042253522
403,20,36,206.56505117707798,1.4333769086537114
403,20,36,165.9637565320735,3.272306052077508
403,20,30,161.56505117707798,2.196026152894708
403,20,18,206.56505117707798,1.5007167634226777
403,20,45,180,3.3557046979865772
403,20,36,180,2.2058823529411766
403,100,728,128.65980825409008,4.509242420727358
403,100,910,225,0.9065471553673687
403,100,725,206.56505117707798,3.549314249999666
403,100,322,296.565051177078,1.552824984374854
403,100,330,180,3.3557046979865772
403,100,336,146.30993247402023,2.6907099070626788
403,100,273,206.56505117707798,3.0014335268453554
403,100,621,161.56505117707798,4.650408323777029
403,100,350,315,0.9304036594559837
403,100,252,239.03624346792648,3.93983236138196
403,100,640,95.71059313749964,7.499907179940962
403,100,640,161.56505117707798,2.2915055508466518
403,100,704,135,3.008965026325734
403,100,1012,180,1.3245033112582782
403,100,874,231.3401917459099,5.1638098688974585
403,100,817,306.86989764584405,3.3783783783783785
403,100,833,66.03751102542185,6.354101807610389
403,100,640,225,1.0878565864408425
403,100,663,135,2.987775131774144
403,100,435,113.96248897457815,7.034898429854359
403,100,228,225,7.22590871285523
403,100,570,36.86989764584405,3.4722222222222223
403,100,216,180,6.428571428571428
403,100,90,270,4.026845637583892
403,100,301,210.96375653207352,4.3514566379442545
403,100,369,189.4623222080256,2.0975043207924893
403,100,492,180,2.7777777777777777
403,100,520,189.4623222080256,4.314015978934908
403,100,684,90,0.6944444444444444
403,100,984,120.96375653207349,4.049272149198126
403,100,693,201.80140948635182,4.07967030843523
403,100,540,90,3.3783783783783785
403,100,616,194.03624346792648,3.0095661500858837
403,100,800,243.43494882292202,4.6584749531245615
403,100,520,111.80140948635182,3.9022933385032634
403,100,546,198.43494882292202,2.2427501135945955
403,100,546,180,1.4184397163120568
403,100,627,108.43494882292202,2.1081851067789197
403,100,486,206.56505117707798,2.9229646764703134
403,100,450,206.56505117707798,1.7333860290696046
403,100,240,251.56505117707798,4.392052305789416
403,100,280,209.05460409907712,13.913013704036487
403,100,184,146.30993247402023,2.631789252163496
403,20,35,194.03624346792648,2.86326779556782
403,20,35,180,2.1739130434782608
403,20,35,180,2.127659574468085
403,20,35,180,1.4184397163120568
403,20,30,213.69006752597977,2.403700850309326
403,20,42,135,1.8486451795726735
403,20,36,180,1.550387596899225
403,20,30,194.03624346792648,2.9877576997229425
403,20,84,146.30993247402023,2.5571285641588575
403,20,36,225,1.9641855032959656
403,20,36,198.43494882292202,2.211382979138727
403,20,36,180,2.0408163265306123
403,20,85,135,0.9065471553673687
403,20,140,0,2.380952380952381
403,20,299,270,5.369127516778524
403,20,234,135,2.049584873004486
403,20,152,198.43494882292202,2.2427501135945955
403,20,119,161.56505117707798,2.094223616005549
403,20,96,225,5.702474041826997
403,20,377,14.036243467926454,2.7858821794713924
403,20,384,194.03624346792648,2.660068145559781
403,20,325,161.56505117707798,2.4325212770525995
403,20,348,210.96375653207352,4.0775887376540565
403,20,264,153.43494882292202,1.5746957588026689
403,20,264,180,3.571428571428571
403,20,234,180,4.37956204379562
403,20,168,180,2.083333333333333
403,20,276,153.43494882292202,1.5971914124998499
403,20,96,156.80140948635176,5.5186761636694985
403,20,96,225,2.0059766842171562
403,20,84,198.43494882292202,2.196026152894708
403,20,60,143.13010235415595,3.4965034965034967
403,20,45,180,2.7210884353741496
403,20,32,198.43494882292202,2.1808811449437098
403,20,32,165.9637565320735,3.1716197120135847
403,20,72,135,2.987775131774144
403,20,51,237.99461679191648,7.487286612743335
403,20,30,161.56505117707798,9.439634806472775
403,20,25,180,2.013422818791946
403,20,133,195.94539590092288,5.353021977412146
403,20,289,175.91438322002512,9.23399266290671
403,20,96,329.03624346792645,3.93983236138196
403,20,84,180,2.2388059701492535
403,20,77,198.43494882292202,2.2915055508466518
403,20,182,90,3.546099290780142
403,20,100,225,1.87313054618953
403,20,286,166.75948008481282,13.434037843517677
403,20,208,206.56505117707798,1.5636839003495033
403,20,338,180,2.8169014084507045
403,20,405,180,2.142857142857143
403,20,154,194.03624346792648,1.488485785421538
403,20,252,231.3401917459099,4.297398817069026
403,20,198,90,1.4492753623188406
403,20,170,338.1985905136482,3.792369582489087
403,20,50,149.0362434679265,4.106304151299508
403,20,36,165.9637565320735,2.9877576997229425
403,20,36,184.76364169072616,8.540137999143473
403,20,252,170.53767779197437,4.22414064604043
403,20,108,341.565051177078,4.719817403236387
403,20,168,201.80140948635182,3.7139067635410368
403,20,275,180,3.4965034965034967
403,20,364,180,2.1739130434782608
403,20,189,180,0.6756756756756757
403,20,187,206.56505117707798,1.6086819982012877
403,20,253,90,2.0408163265306123
403,100,104,225,1.0475656017578483
403,100,126,165.9637565320735,2.7125694905379345
403,100,120,243.43494882292202,1.6441676305145512
403,100,84,135,2.1107665110046194
403,100,78,198.43494882292202,2.1223340001130064
403,100,72,180,0.7299270072992701
403,20,48,180,1.342281879194631
403,20,231,225,2.987775131774144
403,20,360,225,1.024792436502243
403,20,364,198.43494882292202,4.160891658116289
403,20,276,63.434948822922024,1.5971914124998499
403,20,230,153.43494882292202,3.3879817840905906
403,20,350,243.43494882292202,3.1273678006990067
403,20,630,26.565051177077976,1.552824984374854
403,20,540,172.8749836510982,5.717913296665637
403,20,570,213.69006752597977,4.905511939406788
403,20,513,45,1.0029883421085781
403,20,520,180,1.5151515151515151
403,20,459,185.19442890773482,7.266684879728462
403,100,210,194.03624346792648,2.8240449490531923
403,20,182,180,3.4246575342465753
403,20,180,165.9637565320735,3.1000794177576396
403,20,150,180,1.9867549668874174
403,20,160,206.56505117707798,3.1493915176053378
403,20,180,165.9637565320735,3.0769444967295976
403,20,150,180,2.631578947368421
403,20,150,194.03624346792648,2.8832906472850772
403,20,144,153.43494882292202,1.7069221202288474
403,20,105,180,2.013422818791946
403,20,144,153.43494882292202,1.5746957588026689
403,20,105,206.56505117707798,3.240678228260565
403,20,98,239.03624346792648,3.966633942071633
403,20,126,116.56505117707798,4.969039949999533
403,20,98,213.69006752597977,2.486587086526889
403,20,98,198.43494882292202,2.2269560987101262
403,20,348,119.05460409907715,7.301865348217731
403,20,420,116.56505117707798,3.042269357142571
403,20,540,225,0.9753196981883415
403,20,420,180,3.0303030303030303
403,20,680,195.94539590092288,5.090985936559803
403,20,825,168.69006752597977,3.3993463423951895
403,20,660,0,0.6993006993006993
403,20,544,135,1.032272673265033
403,100,476,333.434948822922,1.5421158465515792
403,100,420,153.43494882292202,1.6441676305145512
403,100,374,180,2
403,100,374,225,1.032272673265033
403,100,363,180,2.127659574468085
403,100,384,180,2.054794520547945
403,100,416,180,0.6944444444444444
403,100,341,225,0.9820927516479828
403,100,352,180,2.857142857142857
403,20,56,153.43494882292202,4.6584749531245615
403,20,56,153.43494882292202,3.1717276276592763
403,20,42,194.03624346792648,5.609667517847157
403,20,66,284.03624346792645,2.92418838696288
403,100,96,230.1944289077348,5.423784497157399
403,20,48,156.80140948635176,2.6081414746109277
403,20,40,161.56505117707798,2.3424278964210217
403,20,45,206.56505117707798,1.4808397201985364
403,20,56,180,1.4492753623188406
403,20,100,135,1.0553832555023097
403,20,81,165.9637565320735,2.8240449490531923
403,20,90,225,1.950639396376683
403,20,110,161.56505117707798,2.2587697572631282
403,20,560,170.53767779197437,4.344830378784442
403,20,532,161.56505117707798,2.2269560987101262
403,20,558,153.43494882292202,1.6441676305145512
403,20,620,161.56505117707798,2.1808811449437098
403,20,540,180,1.3605442176870748
403,20,448,308.6598082540901,4.708179586347683
403,20,390,192.52880770915152,6.271798950539378
403,20,319,153.43494882292202,3.1493915176053378
403,20,672,5.710593137499643,7.389614427294772
403,20,462,10.304846468766016,7.4535599249993
403,20,352,21.801409486351815,7.7484385714165525
403,20,270,0,2.898550724637681
403,20,238,39.80557109226521,5.700912172194638
403,20,176,21.801409486351815,3.542871583641121
403,20,117,220.6012946450045,6.18761372972677
403,20,117,198.43494882292202,9.100079597606847
403,20,108,135,0.9686394262829419
403,20,168,67.3801350519596,9.352517985611511
403,20,105,147.99461679191648,6.643648684546903
403,20,900,161.56505117707798,4.188447232011098
403,20,841,146.30993247402023,5.3814198141253575
403,20,812,161.56505117707798,2.2269560987101262
403,20,784,135,5.892556509887895
403,20,812,150.2551187030578,5.8422157596366295
403,20,756,135,0.9491366190423458
403,20,756,146.30993247402023,5.187843561818689
403,20,756,153.43494882292202,3.2173639964025753
403,20,754,233.13010235415598,3.6231884057971016
403,20,648,135,2.8861501272920305
403,20,648,126.86989764584405,3.597122302158273
403,20,624,135,2.966881599384115
403,20,624,180,0.7142857142857143
403,20,624,135,3.955842132512154
403,20,624,153.43494882292202,3.0842316931031584
403,20,648,135,3.955842132512154
403,20,672,146.30993247402023,2.539120616523936
403,20,162,300.9637565320735,4.555431167847892
403,20,162,60.2551187030578,5.522094348149691
403,20,153,14.036243467926454,2.9035955109983522
403,20,171,338.1985905136482,3.7658495154786737
403,20,152,306.86989764584405,3.597122302158273
403,20,200,120.96375653207349,4.0775887376540565
403,20,210,126.86989764584405,3.546099290780142
403,20,180,143.13010235415595,3.64963503649635
403,20,198,111.80140948635182,3.5663343093605984
403,20,198,135,4.221533022009239
403,20,160,108.43494882292202,2.2269560987101262
403,20,152,116.56505117707798,3.105649968749708
403,20,144,126.86989764584405,3.6231884057971016
403,20,119,126.86989764584405,3.3557046979865772
403,20,119,135,3.052259487136176
403,20,133,111.80140948635182,3.6386248696854757
403,20,96,116.56505117707798,3.021713483107824
403,20,90,135,3.2386570130681567
403,20,84,135,1.950639396376683
403,20,672,143.13010235415595,3.4965034965034967
403,20,648,161.56505117707798,4.550039798803423
403,20,600,128.65980825409008,4.67381331199478
403,20,576,243.43494882292202,1.5211346785712856
403,20,552,144.46232220802563,5.9326381152018115
403,20,483,116.56505117707798,4.6584749531245615
403,100,231,14.036243467926454,2.660068145559781
403,100,231,0,4.411764705882353
403,100,231,9.462322208025626,4.344830378784442
403,100,231,333.434948822922,1.552824984374854
403,100,231,7.125016348901795,5.598790102985104
403,100,231,0,2.112676056338028
403,20,238,345.96375653207355,2.8832906472850772
403,20,182,56.30993247402023,2.539120616523936
403,20,450,296.565051177078,3.0842316931031584
403,20,532,329.03624346792645,4.2561692663104385
403,20,364,45,3.052259487136176
403,100,336,26.565051177077976,1.6086819982012877
403,100,672,308.6598082540901,4.268749491621899
403,100,722,303.69006752597977,2.670778722565918
403,100,646,14.036243467926454,2.9662630400127057
403,100,540,18.434948822922024,2.094223616005549
403,100,540,0,2.941176470588235
403,100,684,0,0.6756756756756757
403,100,570,30.963756532073546,3.7863323992501954
403,100,561,345.96375653207355,3.407525310427819
403,100,512,33.69006752597977,2.486587086526889
403,100,1326,0,1.4184397163120568
403,100,999,108.43494882292202,2.1223340001130064
403,100,759,21.801409486351815,1.9871456852894847
403,100,945,303.69006752597977,4.87236658846485
403,20,253,180,5.960264900662252
403,20,300,180,2.0689655172413794
403,20,207,180,2.9850746268656714
403,20,442,233.13010235415598,3.4482758620689653
403,20,230,126.86989764584405,3.6764705882352944
403,20,260,243.43494882292202,1.49071198499986
403,20,170,180,0.7142857142857143
403,20,144,161.56505117707798,2.1366740947083644
403,20,135,161.56505117707798,2.4325212770525995
403,20,220,201.80140948635182,3.792369582489087
403,20,120,90,1.3986013986013985
403,20,120,180,4.25531914893617
403,20,112,206.56505117707798,1.5315534092464314
403,20,112,180,2.898550724637681
403,20,104,153.43494882292202,1.5315534092464314
403,20,108,165.9637565320735,2.9450754468697578
403,20,143,180,2.1739130434782608
403,20,153,225,0.9183204950474644
403,20,156,180,2.9197080291970803
403,20,108,180,2.797202797202797
403,20,132,161.56505117707798,2.3424278964210217
403,20,121,180,2.054794520547945
403,20,100,225,2.0059766842171562
403,20,99,165.9637565320735,2.8832906472850772
403,20,80,206.56505117707798,1.5421158465515792
403,20,180,191.3099324740202,3.5908588123892846
403,20,99,206.56505117707798,3.105649968749708
403,20,72,194.03624346792648,2.92418838696288
403,20,56,180,2.2058823529411766
403,20,56,255.9637565320735,5.609667517847157
403,100,72,236.3099324740202,2.5753937681885635
403,20,48,344.05460409907715,5.23748912897879
403,20,108,203.19859051364818,5.683412765570081
403,20,176,180,2.631578947368421
403,20,336,194.03624346792648,2.8240449490531923
403,20,140,225,2.82842712474619
403,20,105,180,2.941176470588235
403,20,90,90,0.6802721088435374
403,100,328,206.56505117707798,3.4401045807689075
403,100,480,255.9637565320735,5.609667517847157
403,100,287,108.43494882292202,6.453627877894652
403,100,352,180,1.4814814814814816
403,100,450,135,0.9491366190423458
403,100,342,225,1.9918500878494296
403,100,272,225,3.189955403849086
403,100,210,213.69006752597977,2.5753937681885635
403,100,168,146.30993247402023,2.486587086526889
403,100,243,225,0.9959250439247148
403,100,310,90,0.6622516556291391
403,100,234,210.96375653207352,3.836152562398224
403,100,119,200.55604521958347,2.0538470541628677
403,100,84,206.56505117707798,3.2643328138683065
403,100,60,198.43494882292202,2.1808811449437098
403,100,154,90,4.511278195488721
403,100,65,233.13010235415598,3.7037037037037033
403,100,60,198.43494882292202,2.0804458290581445
403,100,138,108.43494882292202,4.302418585263101
403,100,234,198.43494882292202,2.3424278964210217
403,100,200,180,1.3793103448275863
403,100,161,135,2.0203050891044216
403,100,150,225,2.0797258270192573
403,100,240,191.3099324740202,3.6163258961650957
403,100,207,90,2.0689655172413794
403,100,175,201.80140948635182,3.5663343093605984
403,100,189,161.56505117707798,2.3082318687360432
403,100,200,180,0.6711409395973155
403,100,765,87.13759477388828,13.62243836360598
403,20,72,266.98721249581666,14.093553770696627
403,20,36,116.56505117707798,1.5315534092464314
403,20,210,51.34019174590992,4.778450923457349
403,20,72,243.43494882292202,1.5315534092464314
403,20,50,116.56505117707798,1.552824984374854
403,20,544,108.43494882292202,9.232927474944173
403,20,364,293.1985905136482,5.5186761636694985
403,20,99,289.98310652189997,8.420647417783904
403,20,286,90,4.225352112676056
403,20,156,258.69006752597977,3.5165651817881276
403,20,225,75.96375653207355,3.0095661500858837
403,20,182,7.125016348901795,5.928130697278345
403,20,440,38.65980825409008,4.104566818867211
403,20,195,194.03624346792648,3.272306052077508
403,20,272,18.434948822922024,2.1512092926315507
403,20,156,90,0.6622516556291391
403,20,132,63.434948822922024,1.6321664069341533
403,20,110,90,0.7246376811594203
403,20,160,225,1.0101525445522108
403,20,270,225,1.9641855032959656
403,20,342,45,0.9555497043061454
403,20,182,90,2.1739130434782608
403,20,120,63.434948822922024,1.6563466499998445
403,20,99,153.43494882292202,1.4333769086537114
403,20,90,135,1.0795523376893856
403,20,72,180,0.6993006993006993
403,20,49,116.56505117707798,1.510856741553912
403,20,88,198.43494882292202,2.3252041618885144
403,20,99,180,1.4184397163120568
403,20,132,201.80140948635182,7.5316990309573475
403,20,135,146.30993247402023,2.503855052405548
403,20,60,180,1.5267175572519083
403,20,42,206.56505117707798,3.1273678006990067
403,20,55,180,4.054054054054054
403,20,55,176.42366562500263,10.83190509586581
403,100,45,116.56505117707798,4.626347539654738
403,20,32,90,0.6711409395973155
403,20,1456,26.565051177077976,2.9421947072365655
403,20,1350,45,1.950639396376683
403,20,1222,90,7.936507936507936
403,20,1100,53.13010235415595,6.7114093959731544
403,20,1025,0,2.797202797202797
403,20,975,45,5.014941710542891
403,20,925,153.43494882292202,1.5858638138296381
403,20,840,135,0.9753196981883415
403,20,782,153.43494882292202,4.9325028915436535
403,20,726,116.56505117707798,3.1273678006990067
403,20,100,45,7.6964003394454155
403,20,176,32.905242922987895,14.360607610862827
403,20,84,14.036243467926454,6.294817749034596
403,20,276,147.99461679191648,6.597189602836785
403,20,231,151.3895403340348,8.823918370522302
403,20,1353,130.6012946450045,6.585388898066348
403,20,1271,140.19442890773485,5.539184167309684
403,20,1080,139.3987053549955,6.18761372972677
403,20,925,128.65980825409008,4.708179586347683
403,20,900,146.30993247402023,7.069708383262725
403,20,840,146.30993247402023,5.078241233047872
403,20,672,158.19859051364824,7.277249739370951
403,20,648,150.9453959009229,7.515058497070804
403,20,621,135,4.652018297279918
403,20,616,159.44395478041656,6.376122197998157
403,20,1044,150.9453959009229,7.460601551439856
403,20,980,126.86989764584405,3.2467532467532463
403,20,952,149.0362434679265,4.3514566379442545
403,20,896,144.46232220802563,6.1445180478875905
403,100,750,155.55604521958344,8.75583041564824
403,100,650,168.69006752597977,7.232651792330191
403,100,576,153.43494882292202,6.168463386206317
403,20,552,159.44395478041656,6.016904045998261
403,20,528,165.9637565320735,3.031695312954162
403,20,483,159.44395478041656,5.5843161734101505
403,20,462,153.43494882292202,4.896499220802459
403,20,440,161.56505117707798,2.1808811449437098
403,20,480,149.0362434679265,3.8110796698335303
403,20,560,149.0362434679265,4.555431167847892
403,20,540,161.56505117707798,4.3318872057101085
403,20,540,153.43494882292202,3.1273678006990067
403,20,513,116.56505117707798,1.6441676305145512
403,20,1200,144.46232220802563,6.1445180478875905
403,20,1008,158.19859051364824,3.84654629081036
403,20,945,135,6.104518974272352
403,20,945,135,3.955842132512154
403,20,825,128.65980825409008,4.4159477499536886
403,20,768,135,4.190262407031393
403,20,840,153.43494882292202,4.69105170104851
403,20,784,135,3.7965464761693832
403,20,784,153.43494882292202,1.6687074458953657
403,20,702,122.00538320808352,6.55137578615042
403,20,702,165.9637565320735,2.8240449490531923
403,20,1025,149.0362434679265,3.9938026677022607
403,20,1000,135,2.0797258270192573
403,20,936,128.65980825409008,4.3558668281856106
403,20,912,168.69006752597977,3.4924791188991673
403,20,864,143.13010235415595,3.816793893129771
403,20,775,126.86989764584405,3.4965034965034967
403,20,750,180,2.2388059701492535
403,20,700,141.34019174590992,4.3558668281856106
403,20,672,146.30993247402023,2.539120616523936
403,20,621,153.43494882292202,2.8852490032255353
403,20,240,120.96375653207349,8.702913275888509
403,100,312,0,1.3245033112582782
403,100,275,0,2.127659574468085
403,100,512,45,1.0475656017578483
403,100,448,326.30993247402023,2.4198330707812006
403,100,420,0,1.4814814814814816
403,100,646,78.69006752597977,3.3110516322031067
403,100,504,329.03624346792645,4.225327460032827
403,100,780,26.565051177077976,1.6203391141302825
403,100,1188,258.69006752597977,3.4687207575461123
403,100,517,0,3.3557046979865772
403,100,495,333.434948822922,4.626347539654738
403,100,540,51.34019174590992,4.3558668281856106
403,20,120,0,1.3888888888888888
403,20,140,326.30993247402023,2.46955566812602
403,20,108,33.69006752597977,2.631789252163496
403,20,143,26.565051177077976,1.4519921931816817
403,20,234,308.6598082540901,4.708179586347683
403,20,242,218.65980825409008,4.81437912588936
403,100,88,100.00797980144137,12.509185870747874
403,100,88,225,4.714045207910317
403,20,195,153.43494882292202,1.5421158465515792
403,20,196,188.13010235415598,4.652018297279918
403,20,196,198.43494882292202,2.3082318687360432
403,20,182,180,1.4492753623188406
403,20,16,206.56505117707798,1.4333769086537114
403,20,15,180,7.751937984496124
403,20,18,194.03624346792648,2.8048337589235786
403,20,28,180,4.054054054054054
403,20,24,180,2.0408163265306123
403,20,18,165.9637565320735,2.8832906472850772
403,20,35,194.03624346792648,3.031695312954162
403,20,30,165.9637565320735,2.86326779556782
403,20,15,180,2.027027027027027
403,20,32,194.03624346792648,5.252363854290013
403,20,20,191.3099324740202,3.5409857733283228
403,20,15,180,2.9629629629629632
403,20,30,180,2.097902097902098
403,20,16,180,1.4814814814814816
403,20,45,189.4623222080256,4.22414064604043
403,20,32,180,0.6756756756756757
403,20,14,172.8749836510982,5.135196018024554
403,20,160,243.43494882292202,4.563404035713857
403,20,162,153.43494882292202,1.6203391141302825
403,20,102,165.9637565320735,2.6948402781814775
403,20,72,199.98310652189997,9.073410783503585
403,20,55,161.56505117707798,2.0401791355925027
403,20,105,194.03624346792648,3.123564867892167
403,20,88,135,1.0029883421085781
403,20,80,180,2.7210884353741496
403,20,144,270,0.6993006993006993
403,20,88,153.43494882292202,3.2173639964025753
403,20,88,180,1.4492753623188406
403,20,88,198.43494882292202,2.0804458290581445
403,20,96,180,1.4705882352941175
403,20,88,153.43494882292202,1.5007167634226777
403,20,144,236.3099324740202,2.521364528296496
403,20,96,135,4.285495643554834
403,20,88,225,0.9889605331280386
403,20,99,198.43494882292202,2.1512092926315507
403,20,104,153.43494882292202,1.6203391141302825
403,20,121,194.03624346792648,2.6948402781814775
403,20,90,194.03624346792648,3.2211762700137974
403,20,36,180,1.3605442176870748
403,20,36,180,1.4492753623188406
403,20,28,194.03624346792648,2.6948402781814775
403,20,49,188.97262661489637,13.085295280048534
403,20,136,165.9637565320735,2.6948402781814775
403,20,136,180,2.34375
403,20,136,180,2.097902097902098
403,20,136,206.56505117707798,1.5746957588026689
403,20,126,213.69006752597977,2.403700850309326
403,20,126,198.43494882292202,2.413952412342274
403,20,119,146.30993247402023,2.486587086526889
403,20,102,108.43494882292202,4.302418585263101
403,100,112,219.80557109226518,5.785370130301225
403,100,119,165.9637565320735,2.8435211211156277
403,100,119,236.3099324740202,2.372073207542098
403,100,108,206.56505117707798,1.6687074458953657
403,100,108,143.13010235415595,3.4722222222222223
403,100,96,180,2
403,100,105,165.9637565320735,3.0769444967295976
403,100,98,198.43494882292202,2.2750198994017117
403,100,98,180,2.013422818791946
403,100,84,198.43494882292202,2.3424278964210217
403,100,78,161.56505117707798,2.2915055508466518
403,100,65,180,2.6490066225165565
403,100,56,180,0.7042253521126761
403,100,91,168.69006752597977,3.80523844297969
403,100,98,180,2.027027027027027
403,100,60,206.56505117707798,1.6086819982012877
403,100,44,180,0.7042253521126761
403,100,40,191.3099324740202,3.4687207575461123
403,20,135,180,1.3605442176870748
403,20,140,180,0.35714285714285715
403,20,144,260.5376777919744,4.166275705683712
403,20,190,168.69006752597977,3.668359362296967
403,20,162,153.43494882292202,1.6203391141302825
403,20,112,189.4623222080256,4.137933694080422
403,20,98,194.03624346792648,3.0541523152723413
403,20,135,108.43494882292202,2.1659436028550543
403,20,221,206.56505117707798,3.0014335268453554
403,20,168,168.69006752597977,3.5908588123892846
403,20,90,230.71059313749961,10.079908087625459
403,20,170,180,0.7042253521126761
403,20,96,180,4.25531914893617
403,20,66,180,0.6666666666666667
403,20,60,172.8749836510982,6.01661025992429
403,20,40,296.565051177078,1.6321664069341533
403,20,70,90,1.4184397163120568
403,20,180,172.8749836510982,5.637942481327657
403,20,150,156.80140948635176,5.401257521889296
403,20,143,213.69006752597977,2.521364528296496
403,20,20,262.8749836510982,5.447471451553073
403,20,320,180,2.5974025974025974
403,20,247,170.53767779197437,4.866210024238575
403,20,216,161.56505117707798,4.4539121974202525
403,20,176,201.80140948635182,3.6386248696854757
403,20,176,165.9637565320735,2.9450754468697578
403,20,187,153.43494882292202,1.510856741553912
403,20,98,212.00538320808352,3.3572886590948765
403,20,800,16.699244233993625,7.352328527401797
403,20,800,10.304846468766016,8.101695570651412
403,20,800,11.30993247402023,6.844321494755415
403,20,768,12.094757077012105,9.806726755668734
403,20,720,11.30993247402023,7.232651792330191
403,20,735,12.094757077012105,10.30059069300457
403,20,720,11.30993247402023,6.937441515092225
403,20,705,5.710593137499643,7.335675635854664
403,100,396,26.565051177077976,11.680952121267559
403,100,437,23.198590513648185,5.145792639097236
403,100,414,20.55604521958344,5.852057359806528
403,100,414,23.198590513648185,5.641313411751043
403,100,432,21.801409486351815,3.959680005245959
403,100,460,45,2.668327476175651
403,20,437,26.565051177077976,3.466772058139209
403,20,437,33.69006752597977,5.007710104811096
403,20,506,26.565051177077976,3.0014335268453554
403,20,462,33.69006752597977,2.631789252163496
403,20,340,50.19442890773479,2.2125353189537265
403,20,110,22.3801350519596,6.734350297014738
403,20,90,35.537677791974374,5.812381937190964
403,20,100,30.963756532073546,3.9938026677022607
403,20,100,33.69006752597977,5.341557445131836
403,20,90,45,4.159451654038515
403,20,100,45,1.7788849841171006
403,20,100,45,2.192579166469915
403,20,140,63.434948822922024,3.105649968749708
403,20,120,36.86989764584405,3.3557046979865772
403,20,90,56.30993247402023,2.631789252163496
403,20,72,23.962488974578207,7.349893881937391
403,20,40,32.005383208083515,6.206566534247765
403,20,144,45,6.239177481057772
403,20,50,21.801409486351815,3.792369582489087
403,20,80,45,3.74626109237906
403,20,112,58.240519915187235,2.9056680082890516
403,20,105,315,1.0101525445522108
403,20,340,26.565051177077976,5.884389414473131
403,20,380,14.036243467926454,6.063390625908324
403,20,304,39.80557109226521,5.500175828103277
403,20,368,53.13010235415595,3.3112582781456954
403,20,384,26.565051177077976,4.724087276408007
403,20,560,9.462322208025626,4.439972649852715
403,20,660,23.198590513648185,4.672253439180312
403,20,494,66.03751102542185,7.816553810949289
403,20,408,16.699244233993625,7.30091364259479
403,20,1400,90,1.3986013986013985
403,20,1260,123.69006752597977,2.5939217809093447
403,20,1134,90,2.7777777777777777
403,20,1080,116.56505117707798,1.49071198499986
403,20,1026,123.69006752597977,2.7109408086195406
403,20,962,116.56505117707798,1.5007167634226777
403,20,168,0,2.097902097902098
403,20,105,75.96375653207355,2.8832906472850772
403,20,70,63.434948822922024,3.105649968749708
403,20,475,7.125016348901795,5.374838498865699
403,20,616,0,1.5037593984962405
403,20,675,53.13010235415595,3.4722222222222223
403,20,676,33.69006752597977,2.521364528296496
403,20,624,14.036243467926454,3.0095661500858837
403,20,600,45,0.9753196981883415
403,20,624,26.565051177077976,2.8484942388532355
403,20,650,80.53767779197437,4.905453653466306
403,20,576,135,0.9820927516479828
403,20,552,26.565051177077976,1.5858638138296381
403,20,529,123.69006752597977,2.6127183155536153
403,20,483,45,1.0101525445522108
403,20,483,123.69006752597977,2.486587086526889
403,20,484,63.434948822922024,1.5007167634226777
403,20,528,71.56505117707798,2.2750198994017117
403,20,525,116.56505117707798,1.5211346785712856
403,20,456,38.65980825409008,4.708179586347683
403,20,456,53.13010235415595,3.597122302158273
403,20,456,45,3.901278792753366
403,20,437,71.56505117707798,2.2750198994017117
403,20,414,63.434948822922024,1.5421158465515792
403,20,396,45,2.987775131774144
403,20,357,153.43494882292202,1.5746957588026689
403,20,336,75.96375653207355,2.8832906472850772
403,20,352,71.56505117707798,2.2587697572631282
403,20,352,108.43494882292202,2.2587697572631282
403,20,336,135,1.9918500878494296
403,20,1320,155.22485943116806,9.358052982533565
403,20,930,104.03624346792651,2.8435211211156277
403,20,780,150.2551187030578,6.2986388658582415
403,20,754,147.99461679191648,6.206566534247765
403,20,728,149.0362434679265,4.0775887376540565
403,20,700,144.46232220802563,6.419645721673602
403,20,650,129.8055710922652,5.24177830597762
403,20,625,168.69006752597977,3.5165651817881276
403,100,184,153.43494882292202,1.4333769086537114
403,100,154,108.43494882292202,4.684855792842043
403,100,154,123.69006752597977,2.7314782389878705
403,20,1271,167.47119229084842,6.538684012264459
403,20,1131,149.0362434679265,4.164965639175215
403,20,1036,141.34019174590992,4.606564199591977
403,20,1036,135,1.950639396376683
403,20,910,146.30993247402023,5.007710104811096
403,20,825,143.13010235415595,3.7037037037037033
403,20,775,149.0362434679265,4.164965639175215
403,20,918,165.9637565320735,2.8832906472850772
403,20,884,146.30993247402023,2.5753937681885635
403,20,858,146.30993247402023,2.5753937681885635
403,20,744,116.56505117707798,1.5746957588026689
403,20,744,143.13010235415595,3.597122302158273
403,20,690,135,4.745683095211729
403,20,616,180,2.18978102189781
403,20,567,141.34019174590992,4.385701532488253
403,20,525,153.43494882292202,1.5636839003495033
403,20,504,135,1.9641855032959656
403,20,1472,135,2.9462782549439477
403,20,1395,120.96375653207349,3.93983236138196
403,20,1290,146.30993247402023,2.670778722565918
403,20,1218,120.96375653207349,4.021346134376069
403,20,1148,164.0546040990771,4.986376636493506
403,20,1092,135,3.2386570130681567
403,20,1026,126.86989764584405,3.4246575342465753
403,20,999,146.30993247402023,2.6127183155536153
403,20,936,135,2.82842712474619
403,100,1350,63.434948822922024,1.6086819982012877
403,100,1496,0,1.4925373134328357
403,100,1240,0,2.158273381294964
403,100,1170,315,1.0029883421085781
403,100,792,36.0273733851036,9.715336077668175
403,100,175,26.565051177077976,4.757591441488914
403,100,174,345.96375653207355,2.92418838696288
403,100,252,0,1.2987012987012987
403,100,592,341.565051177078,2.3424278964210217
403,100,496,339.44395478041656,5.974827793928343
403,100,980,18.434948822922024,2.196026152894708
403,100,819,36.86989764584405,3.4965034965034967
403,100,1044,0,2.013422818791946
403,100,1102,33.69006752597977,2.521364528296496
403,100,880,18.434948822922024,2.3424278964210217
403,100,825,0,3.2679738562091507
403,100,770,0,4.195804195804196
403,100,784,0,2.2388059701492535
403,100,770,0,2.877697841726619
403,100,756,0,2.8368794326241136
403,100,986,0,2.8368794326241136
403,100,1102,0,2.7210884353741496
403,100,1003,18.434948822922024,2.0668481439009017
403,100,944,0,4.761904761904762
403,100,820,33.69006752597977,5.042729056592992
403,100,945,0,1.4814814814814816
403,100,855,30.963756532073546,4.0775887376540565
403,100,980,0,3.731343283582089
403,100,252,45,2.0203050891044216
403,100,180,318.3664606634298,8.304547985373997
403,100,1449,294.77514056883194,10.605793380204705
403,100,703,251.56505117707798,2.2587697572631282
403,100,690,303.69006752597977,5.225436631107231
403,100,609,26.565051177077976,1.4519921931816817
403,20,170,194.03624346792648,3.298484500494128
403,20,144,180,3.64963503649635
403,20,144,153.43494882292202,2.8852490032255353
403,100,238,180,4.929577464788732
403,100,96,270,0.7142857142857143
403,100,75,180,3.5211267605633805
403,100,252,45,0.9243225897863367
403,100,306,135,1.0795523376893856
403,100,196,191.3099324740202,3.5409857733283228
403,100,154,188.13010235415598,4.714045207910317
403,100,105,165.9637565320735,3.031695312954162
403,100,84,198.43494882292202,2.3424278964210217
403,100,70,180,3.3557046979865772
403,20,78,161.56505117707798,2.211382979138727
403,20,78,180,1.3888888888888888
403,20,84,180,2.5316455696202533
403,20,105,127.8749836510982,7.809420719857109
403,20,176,90,0.6666666666666667
403,100,192,161.56505117707798,2.2750198994017117
403,100,154,180,2.1739130434782608
403,100,132,180,2.2222222222222223
403,20,84,161.56505117707798,2.2915055508466518
403,20,84,198.43494882292202,2.3599087016181937
403,20,84,225,0.8950718749196805
403,20,84,180,1.4285714285714286
403,20,84,180,2.1739130434782608
403,20,98,161.56505117707798,2.0804458290581445
403,100,84,194.03624346792648,2.92418838696288
403,100,104,153.43494882292202,1.7069221202288474
403,100,72,198.43494882292202,2.1808811449437098
403,100,96,180,2.158273381294964
403,100,96,180,2.158273381294964
403,100,80,180,1.3888888888888888
403,20,35,187.1250163489018,6.061847931051541
403,20,90,180,2.1739130434782608
403,20,72,143.13010235415595,3.731343283582089
403,20,64,213.69006752597977,2.281994478141765
403,20,56,180,0.7142857142857143
403,20,42,180,1.4492753623188406
403,20,30,198.43494882292202,2.0804458290581445
403,20,20,168.69006752597977,3.6163258961650957
403,20,48,216.86989764584402,3.816793893129771
403,20,32,153.43494882292202,1.5421158465515792
403,20,28,161.56505117707798,2.2750198994017117
403,20,24,180,7.38255033557047
403,20,108,180,5.839416058394161
403,20,345,165.9637565320735,2.8832906472850772
403,20,306,180,1.4598540145985401
403,20,255,168.69006752597977,3.565747911603346
403,20,280,201.80140948635182,3.590109871423002
403,20,115,165.9637565320735,2.86326779556782
403,20,144,153.43494882292202,3.1273678006990067
403,20,363,261.869897645844,5.050762722761054
403,20,90,135,6.971475307473003
403,20,75,161.56505117707798,2.2750198994017117
403,20,114,225,1.9110994086122908
403,100,56,203.19859051364818,5.5186761636694985
403,100,16,111.80140948635182,3.84654629081036
403,100,60,225,3.9283710065919313
403,20,24,158.19859051364824,3.792369582489087
403,20,20,180,2.272727272727273
403,20,20,198.43494882292202,2.1081851067789197
403,20,28,187.1250163489018,5.447471451553073
403,20,24,180,2.684563758389262
403,20,20,180,2.2388059701492535
403,20,56,180,2.898550724637681
403,20,36,270,0.6993006993006993
403,20,77,194.03624346792648,2.8240449490531923
403,20,300,198.43494882292202,4.7553047521329015
403,20,414,213.69006752597977,2.436183294232425
403,20,342,194.03624346792648,2.92418838696288
403,20,289,108.43494882292202,2.2750198994017117
403,20,300,180,0.6451612903225806
403,20,324,206.56505117707798,1.788854381999832
403,20,272,135,0.9620500424306769
403,100,66,161.56505117707798,2.196026152894708
403,100,198,180,6.666666666666667
403,100,162,153.43494882292202,1.5007167634226777
403,100,162,180,1.4184397163120568
403,100,162,0,3.5211267605633805
403,100,162,39.80557109226521,5.6188846589256505
403,20,32,180,2.158273381294964
403,20,54,180,1.2903225806451613
403,20,36,161.56505117707798,2.5298221281347035
403,20,66,225,2.8474098571270368
403,20,56,180,2.898550724637681
403,20,42,141.34019174590992,4.541222863427552
403,20,56,191.3099324740202,10.622957319984968
403,20,154,180,2.054794520547945
403,20,143,180,1.3793103448275863
403,20,143,206.56505117707798,1.6687074458953657
403,20,266,41.18592516570965,6.72794038780674
403,20,289,29.744881296942253,6.398617260554404
403,20,306,29.744881296942253,5.447471451553073
403,20,288,45,1.9918500878494296
403,20,450,15.945395900922847,5.313948824292349
403,20,272,30.963756532073546,3.8615575462551663
403,20,414,26.565051177077976,3.2883352610291023
403,20,340,0,0.7042253521126761
403,20,306,90,1.4084507042253522
403,20,304,53.13010235415595,3.3557046979865772
403,20,304,18.434948822922024,2.3252041618885144
403,20,256,0,2.158273381294964
403,20,255,63.434948822922024,3.0631068184928627
403,20,252,14.036243467926454,2.9877576997229425
403,20,238,45,1.885618083164127
403,20,224,45,2.0348396580907844
403,20,224,45,1.9641855032959656
403,20,195,63.434948822922024,1.6203391141302825
403,20,195,249.4439547804165,6.2823556950864194
403,20,195,63.434948822922024,1.6321664069341533
403,20,180,90,0.641025641025641
403,20,176,90,1.4184397163120568
403,20,986,138.36646066342985,8.919699687994294
403,20,775,180,2.8368794326241136
403,20,980,157.38013505195954,8.843537414965986
403,20,1155,161.56505117707798,2.3776523760664507
403,20,1155,158.19859051364824,3.6142045685466466
403,20,1156,165.9637565320735,2.748737083745107
403,20,1024,180,0.7692307692307693
403,20,1054,156.03751102542185,7.085509209925254
403,20,864,146.30993247402023,2.403700850309326
403,20,837,135,1.9918500878494296
403,20,783,198.43494882292202,2.3776523760664507
403,20,780,153.43494882292202,4.47213595499958
403,20,754,153.43494882292202,3.105649968749708
403,20,754,153.43494882292202,1.5746957588026689
403,20,750,123.69006752597977,2.5571285641588575
403,20,725,153.43494882292202,1.510856741553912
403,20,725,153.43494882292202,1.6321664069341533
403,20,696,153.43494882292202,3.3374148917907314
403,20,720,180,1.3245033112582782
403,20,744,161.56505117707798,2.3252041618885144
403,20,744,180,1.4492753623188406
403,20,744,180,1.8867924528301887
403,20,768,153.43494882292202,1.774657124999833
403,20,810,135,3.052259487136176
403,20,725,161.56505117707798,2.1366740947083644
403,20,696,251.56505117707798,2.3252041618885144
403,100,1152,98.13010235415601,4.682826365473825
403,20,1120,123.69006752597977,5.302281287447043
403,20,1044,101.30993247402023,3.6949416765165104
403,20,988,206.56505117707798,1.4063320613206225
403,20,850,135,7.856742013183861
403,20,884,161.56505117707798,4.485500227189191
403,20,806,146.30993247402023,5.042729056592992
403,20,728,135,1.977921066256077
403,20,625,141.34019174590992,4.446614053772811
403,20,550,135,2.8474098571270368
403,20,272,146.30993247402023,2.521364528296496
403,20,272,135,2.209708691207961
403,20,240,153.43494882292202,3.042269357142571
403,20,225,135,2.0203050891044216
403,20,225,146.30993247402023,2.5939217809093447
403,20,624,135,7.9674003513977185
403,20,621,143.13010235415595,3.4482758620689653
403,20,550,296.565051177078,1.6203391141302825
403,20,483,123.69006752597977,2.5571285641588575
403,20,506,291.8014094863518,3.792369582489087
403,20,783,140.19442890773485,5.578749768504753
403,20,648,161.56505117707798,2.2750198994017117
403,20,644,116.56505117707798,4.38444701470547
403,20,648,180,2.127659574468085
403,20,624,135,2.0059766842171562
403,20,575,146.30993247402023,2.521364528296496
403,20,528,270,0.7246376811594203
403,20,504,161.56505117707798,2.1512092926315507
403,20,480,90,0.6802721088435374
403,20,414,135,1.0553832555023097
403,20,391,135,0.9686394262829419
403,20,384,180,0.6535947712418301
403,20,360,153.43494882292202,1.8179414451217804
403,20,336,90,0.684931506849315
403,20,300,153.43494882292202,1.5421158465515792
403,20,230,153.43494882292202,1.6203391141302825
403,20,161,161.56505117707798,2.1659436028550543
403,20,88,108.43494882292202,2.0668481439009017
403,20,96,243.43494882292202,1.5315534092464314
403,20,154,135,2.0059766842171562
403,20,110,135,1.0174198290453922
403,100,644,123.69006752597977,2.5571285641588575
403,100,598,198.43494882292202,2.3424278964210217
403,100,504,180,1.4184397163120568
403,100,462,153.43494882292202,1.5746957588026689
403,100,380,180,3.4482758620689653
403,100,340,180,1.3245033112582782
403,100,304,135,2.1266369358993913
403,100,221,180,2.097902097902098
403,100,176,153.43494882292202,1.6203391141302825
403,100,126,180,2.7027027027027026
403,100,374,300.9637565320735,8.042692268752138
403,100,260,135,0.9555497043061454
403,100,240,0,2.127659574468085
403,100,252,0,1.9867549668874174
403,100,200,321.3401917459099,4.326435295562735
403,100,180,270,0.7352941176470588
403,100,228,18.434948822922024,4.392052305789416
403,100,171,315,0.9243225897863367
403,100,171,348.69006752597977,3.668359362296967
403,100,140,333.434948822922,1.6086819982012877
403,100,108,0,2.797202797202797
403,100,108,0,2.7777777777777777
403,100,126,0,0.7194244604316548
403,100,108,341.565051177078,4.244668000226013
403,100,180,26.565051177077976,6.528665627736613
403,100,108,49.39870535499551,6.447233886218802
403,20,81,168.69006752597977,3.376834114962109
403,20,100,198.43494882292202,2.2269560987101262
403,20,135,213.69006752597977,2.46955566812602
403,20,96,161.56505117707798,2.413952412342274
403,20,63,165.9637565320735,2.9877576997229425
403,20,405,233.13010235415598,7.042253521126761
403,20,324,198.43494882292202,2.0668481439009017
403,20,270,180,2.2388059701492535
403,20,319,198.43494882292202,2.211382979138727
403,20,372,225,2.0059766842171562
403,20,260,156.80140948635176,2.6816102485436297
403,20,260,180,2.142857142857143
403,20,225,153.43494882292202,3.1717276276592763
403,20,252,144.46232220802563,6.516913081092899
403,20,324,198.43494882292202,2.0014415570685946
403,20,306,153.43494882292202,5.120766360686542
403,20,572,180,1.4084507042253522
403,20,414,180,2.0408163265306123
403,20,414,198.43494882292202,2.2750198994017117
403,20,361,165.9637565320735,2.7858821794713924
403,20,480,251.56505117707798,2.1659436028550543
403,20,374,141.34019174590992,4.925480182640653
403,20,306,191.3099324740202,3.6421567954234173
403,20,272,180,1.36986301369863
403,20,224,225,1.0101525445522108
403,20,224,168.69006752597977,3.6421567954234173
403,20,240,180,2.5974025974025974
403,20,238,180,1.5873015873015872
403,20,224,194.03624346792648,2.8832906472850772
403,20,224,180,0.6578947368421052
403,20,224,146.30993247402023,2.5753937681885635
403,20,255,161.56505117707798,2.2750198994017117
403,20,540,173.65980825409008,6.377031787420716
403,20,336,243.43494882292202,1.6203391141302825
403,20,285,270,0.6944444444444444
403,20,285,225,0.9959250439247148
403,20,300,8.130102354155952,5.050762722761054
403,20,720,206.56505117707798,3.1493915176053378
403,20,480,153.43494882292202,3.0842316931031584
403,20,528,126.86989764584405,3.3112582781456954
403,20,1326,213.69006752597977,5.421881617239081
403,20,920,270,1.3986013986013985
403,20,840,236.3099324740202,2.6127183155536153
403,20,1107,164.0546040990771,4.918993168432782
403,100,738,270,0.7462686567164178
403,100,640,225,0.9243225897863367
403,100,600,180,2.4
403,100,494,161.56505117707798,2.1808811449437098
403,100,429,171.86989764584405,2.525381361380527
403,100,532,180,2.6490066225165565
403,100,740,0,0.684931506849315
403,100,520,172.8749836510982,5.758755534498964
403,100,429,90,2.272727272727273
403,100,1152,150.2551187030578,5.677646301618696
403,100,940,168.69006752597977,3.4687207575461123
403,100,817,180,2.158273381294964
403,100,1474,180,1.4285714285714286
403,100,1197,210.96375653207352,3.9938026677022607
403,100,1003,180,4.285714285714286
403,100,795,153.43494882292202,1.5971914124998499
403,100,658,225,3.6732819801898575
403,100,40,198.43494882292202,2.1808811449437098
403,100,60,180,3.7037037037037033
403,100,36,165.9637565320735,2.7125694905379345
403,100,28,135,2.0203050891044216
403,100,45,198.43494882292202,2.2750198994017117
403,100,50,206.56505117707798,1.5746957588026689
403,100,32,153.43494882292202,1.6203391141302825
403,100,128,164.0546040990771,5.055631867555915
403,20,130,153.43494882292202,1.5746957588026689
403,20,234,135,3.030457633656632
403,20,144,251.56505117707798,2.0668481439009017
403,20,121,165.9637565320735,3.0769444967295976
403,20,96,270,0.7352941176470588
403,20,56,213.69006752597977,2.5939217809093447
403,20,42,135,0.9065471553673687
403,20,140,135,4.069679316181569
403,20,48,233.13010235415598,3.6764705882352944
403,20,35,180,0.6369426751592357
403,20,36,165.9637565320735,3.246539862691071
403,20,25,180,1.3245033112582782
403,20,25,153.43494882292202,1.5858638138296381
403,20,70,233.13010235415598,3.816793893129771
403,20,30,156.80140948635176,1.352712807435863
403,20,96,225,5.81183655769765
403,20,42,111.80140948635182,3.7396977827322946
403,20,25,180,0.6711409395973155
403,20,24,206.56505117707798,1.5211346785712856
403,100,90,225,2.2447834323382465
403,100,90,153.43494882292202,1.5636839003495033
403,100,96,194.03624346792648,2.9877576997229425
403,20,176,153.43494882292202,3.1943828249996997
403,20,64,180,1.4084507042253522
403,20,99,180,0.7246376811594203
403,100,50,180,1.3888888888888888
403,100,132,116.56505117707798,4.9325028915436535
403,100,100,201.80140948635182,3.688469045982537
403,100,66,231.3401917459099,4.446614053772811
403,100,117,180,2.013422818791946
403,100,72,180,1.3605442176870748
403,100,192,245.55604521958344,9.985988407929398
403,100,60,99.46232220802563,8.164781919863382
403,100,45,180,2
403,100,45,206.56505117707798,3.3879817840905906
403,100,45,161.56505117707798,2.1808811449437098
403,100,32,213.69006752597977,2.5571285641588575
403,20,72,213.69006752597977,2.83901675233385
403,20,117,149.0362434679265,4.591300704602599
403,20,132,180,1.3245033112582782
403,20,121,135,2.0059766842171562
403,20,110,191.3099324740202,3.892381308086095
403,20,121,0,2.097902097902098
403,20,104,198.43494882292202,2.2587697572631282
403,20,66,180,2.127659574468085
403,20,60,236.3099324740202,2.4198330707812006
403,20,70,170.53767779197437,4.22414064604043
403,20,56,153.43494882292202,1.6939908920452953
403,20,54,161.56505117707798,2.1659436028550543
403,20,40,255.9637565320735,2.8832906472850772
403,20,40,135,5.199314567548144
403,20,88,187.52382043863864,7.550884974363649
403,20,195,129.2894068625004,9.801841657621997
403,20,98,191.3099324740202,3.7219120537173613
403,20,60,146.30993247402023,2.539120616523936
403,20,98,194.03624346792648,3.031695312954162
403,100,96,180,2.684563758389262
403,100,84,213.69006752597977,2.6907099070626788
403,100,84,180,2.7586206896551726
403,20,60,165.9637565320735,3.0541523152723413
403,20,55,194.03624346792648,2.8435211211156277
403,20,32,239.03624346792648,4.164965639175215
403,20,32,291.8014094863518,3.8192658206627685
403,20,182,198.43494882292202,2.1366740947083644
403,20,156,161.56505117707798,2.3252041618885144
403,20,169,161.56505117707798,2.1223340001130064
403,20,182,213.69006752597977,2.6907099070626788
403,20,144,90,2.0689655172413794
403,20,130,14.036243467926454,6.019132300171767
403,20,342,333.434948822922,1.552824984374854
403,20,234,40.60129464500449,6.72959449437437
403,20,209,63.434948822922024,1.5421158465515792
403,20,176,15.945395900922847,4.885979791463435
403,20,494,279.4623222080256,4.539375022610612
403,20,925,288.434948822922,2.2427501135945955
403,20,950,326.30993247402023,4.905511939406788
403,20,494,85.60129464500449,8.93041425370226
403,20,437,35.537677791974374,6.617173282340483
403,20,418,26.565051177077976,1.5007167634226777
403,20,357,56.30993247402023,2.631789252163496
403,20,330,315,1.9641855032959656
403,20,408,90,2.097902097902098
403,20,350,11.30993247402023,3.668359362296967
403,20,325,243.43494882292202,1.5007167634226777
403,20,350,0,0.7352941176470588
403,20,312,90,5.405405405405405
403,20,325,90,0.6802721088435374
403,20,416,135,1.0633184679496956
403,20,384,180,0.7142857142857143
403,20,520,146.30993247402023,2.403700850309326
403,20,594,116.56505117707798,1.5315534092464314
403,20,513,135,2.142747821777417
403,20,442,180,1.4084507042253522
403,20,300,153.43494882292202,3.0842316931031584
403,20,225,180,1.4814814814814816
403,20,182,45,5.619391638568589
