505,100,312,16.699244233993625,7.30091364259479
505,100,276,33.69006752597977,2.521364528296496
505,100,242,26.565051177077976,3.1493915176053378
505,20,220,53.13010235415595,3.4722222222222223
505,100,220,0,2.8169014084507045
505,100,220,30.963756532073546,4.287464628562721
505,100,264,45,4.5038648483219585
505,100,242,9.462322208025626,4.752158226795484
505,100,1428,26.565051177077976,12.499758880433607
505,20,280,210.25643716352926,10.445446608608876
505,20,204,270,0.6993006993006993
505,100,660,319.3987053549955,6.632765796613588
505,100,645,39.80557109226521,5.74283064404901
505,100,846,340.01689347810003,7.503012763281812
505,100,1566,315,5.237828008789241
505,100,2088,4.3987053549955135,8.93041425370226
505,100,1856,30.963756532073546,4.2561692663104385
505,100,2100,324.4623222080256,5.892003607563443
505,100,3075,10.304846468766016,8.343537229476826
505,100,2695,345.96375653207355,2.7305335268991127
505,100,2511,63.434948822922024,5.006122337686096
505,100,2769,81.86989764584405,5.199314567548144
505,100,2860,78.69006752597977,3.2896900087695387
505,100,442,209.05460409907712,7.051801466429453
505,100,416,173.65980825409008,6.757750103087624
505,100,400,141.34019174590992,4.240479627438972
505,20,384,108.43494882292202,2.3599087016181937
505,100,308,48.81407483429035,7.039831664062682
505,100,270,345.96375653207355,3.0769444967295976
505,100,243,18.434948822922024,2.3252041618885144
505,100,216,279.4623222080256,3.924362922773045
505,100,189,45,7.387682788516169
505,100,182,63.434948822922024,3.042269357142571
505,100,182,255.9637565320735,2.9877576997229425
505,20,525,63.434948822922024,2.694057804216614
505,20,600,78.69006752597977,4.249182927993987
505,20,585,26.565051177077976,1.6203391141302825
505,20,546,14.036243467926454,2.8435211211156277
505,20,518,68.19859051364818,3.8192658206627685
505,100,504,56.30993247402023,2.5753937681885635
505,100,504,45,0.8894424920585503
505,100,504,26.565051177077976,1.6086819982012877
505,100,476,0,0.8130081300813009
505,100,448,333.434948822922,4.38444701470547
505,100,434,0,1.3793103448275863
505,100,390,56.30993247402023,2.7109408086195406
505,100,377,315,1.9641855032959656
505,100,377,90,5.797101449275362
505,100,364,68.19859051364818,3.542871583641121
505,100,351,68.19859051364818,3.688469045982537
505,100,351,90,2.4193548387096775
505,100,522,0,3.4013605442176873
505,100,378,82.8749836510982,5.800185430430611
505,100,561,108.43494882292202,4.4539121974202525
505,100,1500,18.434948822922024,4.550039798803423
505,100,1392,18.434948822922024,2.2269560987101262
505,100,1242,21.801409486351815,3.7658495154786737
505,100,1144,0,3.3557046979865772
505,100,1032,90,2.8169014084507045
505,20,525,350.5376777919744,4.376088151293683
505,100,442,0,3.2520325203252036
505,100,420,354.28940686250036,6.568546157595353
505,100,385,315,0.9753196981883415
505,100,385,315,3.189955403849086
505,100,705,333.434948822922,1.552824984374854
505,100,576,21.801409486351815,3.9022933385032634
505,100,423,130.6012946450045,6.358306522270957
505,20,88,170.53767779197437,4.001817454143565
505,20,72,170.53767779197437,4.539375022610612
505,20,110,173.65980825409008,6.24509319871546
505,20,90,194.03624346792648,3.0769444967295976
505,20,99,206.56505117707798,3.0014335268453554
505,20,220,225,7.0710678118654755
505,20,110,138.81407483429035,7.703004212126557
505,20,108,180,4.081632653061225
505,100,966,172.8749836510982,5.800185430430611
505,100,855,165.9637565320735,6.200158835515279
505,100,1056,180,4.57516339869281
505,100,855,156.03751102542185,6.27315783553892
505,100,810,189.4623222080256,4.608153432044106
505,100,810,143.13010235415595,3.968253968253968
505,100,1075,174.80557109226515,7.463081768369771
505,100,1104,173.65980825409008,6.077439690025113
505,100,990,194.03624346792648,2.9877576997229425
505,20,264,18.434948822922024,4.719817403236387
505,20,256,74.74488129694225,7.262263854134636
505,100,2072,15.945395900922847,4.853406592853679
505,100,1700,33.69006752597977,2.7950009887317746
505,100,1472,9.462322208025626,4.344830378784442
505,100,1475,51.34019174590992,4.268749491621899
505,100,1680,23.198590513648185,5.641313411751043
505,100,1824,45,1.8247916933846389
505,100,1944,0,3.8461538461538463
505,100,1911,11.30993247402023,3.5908588123892846
505,100,2160,0,0.6896551724137931
505,100,2025,0,3.787878787878788
505,100,1218,0,9.090909090909092
505,100,936,6.3401917459099195,6.468132241526726
505,100,720,0,4.10958904109589
505,100,612,341.565051177078,4.719817403236387
505,100,512,0,6.164383561643835
505,100,434,0,3.0534351145038165
505,100,468,302.0053832080835,6.643648684546903
505,100,580,225,4.069679316181569
505,100,377,0,2.7586206896551726
505,20,323,161.56505117707798,4.5175395145262565
505,20,340,168.69006752597977,3.4924791188991673
505,20,352,158.19859051364824,4.018779706816794
505,20,374,164.0546040990771,4.986376636493506
505,20,540,225,2.1591046753787713
505,20,352,146.30993247402023,4.93911133625204
505,20,425,180,3.3557046979865772
505,20,320,153.43494882292202,4.896499220802459
505,20,304,158.19859051364824,3.43004127842962
505,20,288,180,2.2388059701492535
505,20,288,156.80140948635176,5.47897345745605
505,20,180,210.96375653207352,4.164965639175215
505,20,192,202.93210043758978,19.469785122059456
505,20,133,216.86989764584402,3.3333333333333335
505,20,90,236.3099324740202,2.7950009887317746
505,20,72,233.13010235415598,3.571428571428571
505,20,72,255.9637565320735,2.748737083745107
505,20,66,198.43494882292202,2.3424278964210217
505,20,60,206.56505117707798,1.4426245016127677
505,20,60,213.69006752597977,2.7735009811261455
505,20,54,213.69006752597977,2.539120616523936
505,20,48,180,2.0689655172413794
505,20,273,189.4623222080256,4.608153432044106
505,20,247,206.56505117707798,1.4519921931816817
505,20,380,243.43494882292202,4.79157423749955
505,20,408,243.43494882292202,3.0631068184928627
505,20,210,135,1.0553832555023097
505,20,210,173.65980825409008,20.123078084749814
505,20,595,104.03624346792651,5.687042242231255
505,20,874,128.65980825409008,4.446614053772811
505,20,931,161.56505117707798,4.5830111016933035
505,100,820,194.03624346792648,5.571764358942785
505,100,1950,244.98310652189997,12.1712833509168
505,100,1440,116.56505117707798,1.6086819982012877
505,100,1428,225,0.9243225897863367
505,100,1950,116.56505117707798,1.7333860290696046
505,100,1586,123.69006752597977,7.617361849571809
505,100,1248,149.0362434679265,3.8873012632302006
505,100,1014,140.19442890773485,5.461713060074583
505,100,1152,225,2.0797258270192573
505,100,858,158.19859051364824,3.5663343093605984
505,100,990,161.56505117707798,2.3252041618885144
505,100,992,168.69006752597977,3.6163258961650957
505,100,1023,180,2.8368794326241136
505,100,1116,165.9637565320735,1.4517977554991761
505,20,1020,171.86989764584405,4.8102502121533846
505,20,1015,161.56505117707798,2.2750198994017117
505,20,1073,165.9637565320735,2.92418838696288
505,20,132,153.43494882292202,3.0842316931031584
505,100,322,135,3.052259487136176
505,100,931,121.60750224624894,10.455025700324484
505,100,992,180,2.18978102189781
505,100,848,233.13010235415598,3.5211267605633805
505,100,690,225,3.7965464761693832
505,100,570,194.03624346792648,2.92418838696288
505,100,558,153.43494882292202,1.6563466499998445
505,100,468,198.43494882292202,2.1808811449437098
505,100,391,168.69006752597977,3.5409857733283228
505,100,1224,260.90972307917764,18.34636072633647
505,100,440,109.09349200048564,9.687898938167328
505,100,696,173.65980825409008,6.514665567005336
505,100,1218,315,0.6670818690439128
505,20,736,157.38013505195954,9.027777777777777
505,20,42,164.0546040990771,4.9524557069935495
505,20,35,150.2551187030578,5.800185430430611
505,20,36,170.53767779197437,4.314015978934908
505,20,36,180,2.684563758389262
505,20,36,141.34019174590992,4.850851695024885
505,20,42,171.86989764584405,4.9104637582399135
505,20,42,156.80140948635176,4.913402003783167
505,20,36,158.19859051364824,4.07967030843523
505,20,36,180,3.546099290780142
505,20,36,153.43494882292202,3.1493915176053378
505,20,36,153.43494882292202,3.0842316931031584
505,20,36,170.53767779197437,4.22414064604043
505,20,25,153.43494882292202,4.79157423749955
505,20,3380,210.06858282186246,16.383954029925484
505,100,3828,248.19859051364818,7.861554462970079
505,100,756,348.69006752597977,6.70923620209577
505,100,1020,203.96248897457818,20.518453753741888
505,100,1856,154.65382405805326,15.57318225305825
505,100,1564,209.24882633654695,20.037131163488674
505,20,2300,195.25511870305775,15.512590817675346
505,20,3250,198.43494882292202,14.054567378526132
505,20,1927,198.43494882292202,14.95671866295855
505,20,2193,198.43494882292202,17.942000908756764
505,20,3306,186.1155035662854,21.333527030801093
505,20,1200,198.43494882292202,16.769654258468677
505,20,480,200.13630342824814,21.16098716380193
505,20,570,225,6.104518974272352
505,20,1444,208.81079374297306,15.961835259459198
505,20,2009,183.17983011986422,25.03855052405548
505,20,1271,242.02052561151984,26.257494104338313
505,20,1302,191.3099324740202,21.697955376990574
505,20,1155,192.72435568542238,21.76746381105576
505,100,1025,305.83765295427827,15.419168966093416
505,100,814,7.125016348901795,6.2986388658582415
505,100,576,343.6104596659652,6.027226240363724
505,20,294,258.69006752597977,7.232651792330191
505,100,630,11.30993247402023,3.777051491550211
505,100,750,4.085616779974885,3.2044906044790404
505,100,816,350.5376777919744,4.57350566187836
505,100,735,305.5376777919744,6.23356903408886
505,100,735,51.34019174590992,4.446614053772811
505,100,705,341.565051177078,4.3617622898874195
505,100,660,344.05460409907715,5.4329178278212815
505,100,780,45,4.9104637582399135
505,100,874,325.00797980144137,8.84533015632877
505,100,1075,288.434948822922,2.0271010642104996
505,100,1890,261.869897645844,5.050762722761054
505,100,1360,153.43494882292202,3.2173639964025753
505,100,1330,161.56505117707798,4.650408323777029
505,100,1332,143.13010235415595,3.205128205128205
505,100,1190,143.13010235415595,3.937007874015748
505,100,1155,161.56505117707798,2.094223616005549
505,100,527,164.74488129694225,8.508771829098045
505,100,567,164.0546040990771,5.1631985030358285
505,100,375,153.43494882292202,3.1493915176053378
505,100,350,153.43494882292202,1.6321664069341533
505,100,312,172.8749836510982,5.598790102985104
505,100,1440,263.6598082540901,6.1185034717144715
505,100,1136,5.194428907734789,8.431573295562794
505,100,1152,304.5085229876684,12.211627571665156
505,100,1134,0,6.015037593984962
505,100,880,306.0273733851036,9.856138049808292
505,100,1302,29.744881296942253,5.598790102985104
505,100,1330,0,8.208955223880597
505,100,1540,68.19859051364818,3.7396977827322946
505,100,1462,225,2.049584873004486
505,100,1224,99.46232220802563,3.8992067501911665
505,100,1224,270,2.857142857142857
505,100,1271,296.565051177078,3.2173639964025753
505,100,806,264.80557109226515,8.121588983225928
505,20,144,273.3664606634298,11.992525609807325
505,20,91,33.69006752597977,2.5939217809093447
505,20,64,344.5778386812613,23.50251399451769
505,100,348,327.9946167919165,6.55137578615042
505,100,462,11.30993247402023,3.4687207575461123
505,100,308,341.565051177078,4.3318872057101085
505,100,324,345.96375653207355,6.200158835515279
505,100,348,9.462322208025626,4.166275705683712
505,100,286,326.30993247402023,5.078241233047872
505,100,286,350.5376777919744,4.314015978934908
505,100,290,9.462322208025626,4.253680091117635
505,100,360,318.3664606634298,7.922101696573878
505,100,243,39.80557109226521,6.101757559302073
505,100,208,350.5376777919744,4.344830378784442
505,20,196,180,1.36986301369863
505,20,100,0,4.081632653061225
505,100,576,343.3007557660064,7.30091364259479
505,100,520,5.194428907734789,3.8892116257701623
505,100,760,170.53767779197437,4.253680091117635
505,100,840,161.56505117707798,4.392052305789416
505,100,1034,153.43494882292202,4.707511531578505
505,100,1056,170.53767779197437,4.344830378784442
505,100,966,180,3.4722222222222223
505,100,943,171.86989764584405,4.944802665640193
505,100,902,159.44395478041656,6.328891663198171
505,20,648,211.60750224624888,10.527129325843964
505,20,304,178.21008939175397,22.70611431713776
505,20,432,333.434948822922,4.532570224661736
505,20,324,194.57421619803873,18.993516695719837
505,20,320,196.69924423399362,7.30091364259479
505,20,272,213.69006752597977,2.5571285641588575
505,20,210,188.13010235415598,10.029883421085781
505,20,168,200.55604521958347,5.892416376081055
505,20,960,139.08561677997488,14.703283882429044
505,20,867,71.56505117707798,2.2427501135945955
505,20,221,195.25511870305775,8.029404402106605
505,20,225,194.93141717813754,9.888009360675175
505,20,210,199.98310652189997,9.51601618757693
505,20,224,197.10272896905238,9.128503697137882
505,20,210,195.25511870305775,7.973254720972993
505,20,240,180,5.673758865248227
505,20,210,195.25511870305775,8.086350532617999
505,20,3330,9.462322208025626,9.078750045221224
505,20,2691,116.56505117707798,4.4132920608548485
505,20,2600,206.56505117707798,3.3374148917907314
505,20,2301,192.52880770915152,6.4926369417555545
505,20,3321,191.3099324740202,10.772576437167857
505,20,3066,199.65382405805332,9.845078640608282
505,20,3650,195.94539590092288,10.785347984119285
505,20,1568,283.2405199151872,12.444833156702837
505,20,1536,217.40535663140855,14.86176011043937
505,100,1450,194.03624346792648,14.620941934814399
505,100,1850,205.6410058243053,19.80774946266007
505,20,3888,195.0684881594922,20.09389853408397
505,20,3096,201.03751102542182,9.60578501874767
505,20,2646,194.03624346792648,8.649871941855231
505,20,2418,192.09475707701208,9.806726755668734
505,20,2294,194.03624346792648,6.063390625908324
505,20,2183,225,4.777748521530727
505,20,1904,199.44003482817618,13.353893612829589
505,20,1728,195.94539590092288,10.400156984686454
505,20,1612,191.88865803962798,13.031199891911141
505,20,798,193.3924977537511,15.309952585051704
505,20,738,192.2647737278924,16.693052902042297
505,100,893,187.76516601842533,16.08956761679313
505,100,3009,192.09475707701208,21.21158676040941
505,100,3498,185.71059313749964,6.979080292445063
505,20,330,169.69515353123393,7.657767046232157
505,20,300,104.03624346792651,14.938788498614713
505,20,310,105.25511870305775,7.809420719857109
505,20,279,147.99461679191648,6.886117614639857
505,20,224,149.0362434679265,3.9938026677022607
505,20,598,128.65980825409008,9.70170339004977
505,20,650,143.13010235415595,6.756756756756757
505,20,1260,111.80140948635182,3.8192658206627685
505,20,952,164.0546040990771,10.627897648584698
505,20,676,123.69006752597977,10.156482466095744
505,20,3456,345.06858282186244,11.414834335485311
505,20,3478,108.43494882292202,4.5175395145262565
505,20,280,172.8749836510982,5.717913296665637
505,20,396,180,8.51063829787234
505,100,168,14.036243467926454,2.92418838696288
505,100,200,344.74488129694225,7.403736526617778
505,100,192,351.86989764584405,5.316592339748478
505,100,525,33.69006752597977,2.5571285641588575
505,100,441,63.434948822922024,1.6563466499998445
505,100,630,21.801409486351815,3.792369582489087
505,100,819,33.69006752597977,5.114257128317715
505,100,760,0,5
505,100,777,0,2.7027027027027026
505,100,660,350.5376777919744,4.137933694080422
505,100,858,45,4.38515833293983
505,100,338,0,6.338028169014084
505,100,338,351.86989764584405,5.161363366325165
505,100,325,353.6598082540901,6.1185034717144715
505,100,312,0,5.970149253731343
505,100,242,315,2.987775131774144
505,20,364,338.1985905136482,7.376938091965074
505,100,615,11.30993247402023,3.7492790541123413
505,100,574,341.565051177078,4.5830111016933035
505,100,615,14.036243467926454,2.9662630400127057
505,100,574,350.5376777919744,4.22414064604043
505,100,615,341.565051177078,2.2750198994017117
505,100,630,350.5376777919744,4.166275705683712
505,100,615,315,8.31890330807703
505,100,765,270,4.761904761904762
505,100,688,45,1.8608073189119674
505,100,615,180,2.18978102189781
505,20,176,315,4.0119533684343125
505,20,30,161.56505117707798,4.7553047521329015
505,20,56,165.9637565320735,14.517977554991763
505,20,42,149.0362434679265,4.135426875776809
505,20,682,158.19859051364824,3.9307772314850395
505,20,620,159.44395478041656,6.376122197998157
505,20,600,180,4.137931034482759
505,20,640,180,4.10958904109589
505,20,600,170.53767779197437,4.314015978934908
505,20,580,180,3.3557046979865772
505,20,620,168.69006752597977,7.61047688595938
505,20,589,165.9637565320735,2.8435211211156277
505,20,551,172.8749836510982,6.01661025992429
505,100,315,326.30993247402023,7.895367756490488
505,100,378,21.801409486351815,3.6386248696854757
505,100,325,348.69006752597977,3.5908588123892846
505,100,406,11.30993247402023,3.5165651817881276
505,100,420,321.3401917459099,4.708179586347683
505,100,420,341.565051177078,2.2750198994017117
505,100,640,345.96375653207355,2.8435211211156277
505,100,775,350.5376777919744,4.40779893499871
505,100,594,336.0375110254218,7.1889473005810975
505,100,544,353.6598082540901,6.1185034717144715
505,100,612,18.434948822922024,2.211382979138727
505,100,480,26.565051177077976,4.69105170104851
505,100,544,345.96375653207355,2.9450754468697578
505,100,465,350.5376777919744,8.50736018223527
505,100,495,45,5.014941710542891
505,20,114,135,7.121938803317746
505,20,3630,189.86580694308435,15.563490039905004
505,20,3658,195.94539590092288,16.800253590647348
505,20,2632,196.92751306414704,17.677669529663685
505,20,1624,195.25511870305775,16.52428152317591
505,20,1652,200.55604521958347,11.86667186849657
505,20,550,195.03781590358224,24.25726863070273
505,20,1120,202.61986494804043,8.552631578947368
505,20,1536,206.56505117707798,5.006122337686096
505,20,1700,195.94539590092288,4.789545979789814
505,20,2021,219.80557109226518,5.916855815080798
505,20,2160,200.55604521958347,6.0595771243386745
505,20,2025,170.53767779197437,4.1950086415849785
505,20,1845,225,2.77296776935901
505,20,2058,180,3.64963503649635
505,20,2016,189.4623222080256,4.2836355847170555
505,20,2420,213.69006752597977,2.46955566812602
505,20,3120,146.30993247402023,2.670778722565918
505,20,2684,218.65980825409008,4.509242420727358
505,20,2688,180,1.4184397163120568
505,20,2706,146.30993247402023,2.539120616523936
505,20,2800,146.30993247402023,2.5753937681885635
505,20,2376,135,3.008965026325734
505,20,1898,116.56505117707798,1.5636839003495033
505,20,1088,200.55604521958347,12.205719636167899
505,20,1369,192.52880770915152,12.804922857351231
505,20,1295,195.94539590092288,10.326397006071657
505,20,300,194.03624346792648,2.9035955109983522
505,20,680,284.03624346792645,2.9662630400127057
505,20,666,180,2.027027027027027
505,20,209,198.43494882292202,2.4513780311382787
505,20,209,180,0.6802721088435374
505,20,795,255.9637565320735,8.710786532995057
505,20,589,256.7594800848128,13.23049181558559
505,20,714,187.1250163489018,5.717913296665637
505,20,589,199.98310652189997,8.072206834979053
505,20,665,206.56505117707798,8.76889402941094
505,20,672,206.56505117707798,8.406270592104473
505,20,294,45,1.0174198290453922
505,20,247,201.80140948635182,3.7396977827322946
505,20,220,194.03624346792648,2.8832906472850772
505,20,231,189.4623222080256,4.344830378784442
505,20,260,209.7448812969422,5.235232304089967
505,20,231,180,3.816793893129771
505,20,315,218.65980825409008,4.509242420727358
505,20,345,189.4623222080256,4.539375022610612
505,20,260,191.3099324740202,7.443824107434723
505,20,234,203.19859051364818,5.5589584714335105
505,20,352,190.30484646876602,7.503583817113389
505,20,195,198.43494882292202,4.302418585263101
505,100,210,189.4623222080256,4.314015978934908
505,100,231,188.13010235415598,4.876598490941707
505,100,323,194.03624346792648,6.247129735784334
505,100,486,243.43494882292202,1.5858638138296381
505,100,450,189.4623222080256,4.1950086415849785
505,100,442,189.4623222080256,4.472619507572221
505,100,408,195.94539590092288,5.200078492343227
505,100,1470,270,3.597122302158273
505,100,1260,270,3.4482758620689653
505,100,1166,284.03624346792645,3.0095661500858837
505,100,1078,270,1.3333333333333335
505,100,1081,270,0.7194244604316548
505,100,1728,135,2.9462782549439477
505,100,1750,243.43494882292202,1.5211346785712856
505,100,2100,90,3.6764705882352944
505,100,1980,270,1.2903225806451613
505,100,2340,90,0.7352941176470588
505,100,2418,90,0.7142857142857143
505,100,2106,270,2.7777777777777777
505,100,1950,270,0.7194244604316548
505,100,1776,180,0.6666666666666667
505,100,1813,90,0.7042253521126761
505,100,1776,270,0.6944444444444444
505,100,1998,90,2.0689655172413794
505,100,1692,270,2
505,100,1850,90,0.6802721088435374
505,100,1692,270,0.6802721088435374
505,100,1850,90,0.7407407407407408
505,100,1692,270,0.6896551724137931
505,100,1610,180,0.7575757575757576
505,100,1645,90,0.6802721088435374
505,100,1610,270,0.7299270072992701
505,100,1610,180,0.6944444444444444
505,100,1610,161.56505117707798,2.2915055508466518
505,100,1610,180,0.7407407407407408
505,100,1610,180,0.641025641025641
505,100,1692,161.56505117707798,2.413952412342274
505,100,1728,225,0.9889605331280386
505,100,1776,170.53767779197437,4.2836355847170555
505,100,1776,180,1.3513513513513513
505,100,1932,0,0.7352941176470588
505,100,2070,180,1.4184397163120568
505,100,2208,153.43494882292202,1.5421158465515792
505,100,2550,153.43494882292202,1.6086819982012877
505,100,2592,198.43494882292202,2.1366740947083644
505,100,2679,180,2.083333333333333
505,100,3416,153.43494882292202,3.1493915176053378
505,100,3339,180,0.7246376811594203
505,100,3828,180,0.6711409395973155
505,100,3780,165.9637565320735,2.9662630400127057
505,100,4081,168.69006752597977,3.4221607473777076
505,100,4080,270,0.7299270072992701
505,100,3864,225,1.8982732380846916
505,20,1634,275.1944289077348,7.833589373891675
505,20,3975,200.55604521958347,17.92448338178503
505,20,4104,207.64597536373867,16.017931879904996
505,20,2480,204.44395478041653,8.10942682791582
505,20,2415,199.98310652189997,8.934885428030249
505,20,2112,199.65382405805332,9.591012095044197
505,20,1972,194.03624346792648,9.162456945817024
505,100,3690,198.43494882292202,6.680868296130379
505,100,3772,189.4623222080256,4.344830378784442
505,100,3990,195.25511870305775,7.809420719857109
505,20,342,196.69924423399362,7.200211385455551
505,20,323,191.3099324740202,4.046840883803797
505,20,306,195.94539590092288,4.885979791463435
505,20,289,188.13010235415598,4.944802665640193
505,20,272,192.52880770915152,6.538684012264459
505,20,3555,199.98310652189997,8.242746415999736
505,20,3735,192.09475707701208,10.012462282011436
505,20,3910,195.94539590092288,5.126837950197547
505,20,3735,188.13010235415598,4.777748521530727
505,20,3397,189.4623222080256,4.57350566187836
505,20,3239,195.94539590092288,4.885979791463435
505,20,3567,189.4623222080256,4.5057500224431255
505,20,3680,195.94539590092288,5.200078492343227
505,20,3760,180,2.7777777777777777
505,20,3960,194.03624346792648,2.9877576997229425
505,20,3920,180,2.027027027027027
505,20,3960,198.43494882292202,2.1366740947083644
505,20,4000,180,3.0534351145038165
505,20,3861,180,2.7210884353741496
505,20,3960,198.43494882292202,2.3082318687360432
505,20,3822,180,1.3793103448275863
505,20,3822,194.03624346792648,2.8832906472850772
505,20,1360,199.98310652189997,7.855503295784984
505,20,1517,190.61965527615513,11.383790626643151
505,20,1584,201.80140948635182,7.861554462970079
505,20,1610,189.4623222080256,8.50736018223527
505,20,3618,210.96375653207352,4.106304151299508
505,20,3685,197.3540246362613,11.804968038197332
505,20,3819,203.96248897457818,7.085509209925254
505,20,3819,198.43494882292202,4.273348189416729
505,20,3685,203.96248897457818,7.349893881937391
505,20,3834,206.56505117707798,4.502150290268033
505,20,4104,188.13010235415598,5.014941710542891
505,20,846,202.98871680208063,23.583484643335424
505,20,598,171.86989764584405,5.481447916174787
505,20,495,180,3.2679738562091507
505,20,816,180,2.112676056338028
505,20,574,200.55604521958347,6.522140263601169
505,20,819,195.25511870305775,8.637692614387408
505,100,882,195.94539590092288,5.126837950197547
505,100,1364,180,1.3513513513513513
505,100,2535,191.3099324740202,6.984958237798335
505,20,2520,203.19859051364818,10.802515043778593
505,20,2646,195.25511870305775,8.202700899993797
505,20,2583,196.69924423399362,7.457361792078965
505,20,2583,208.6104596659652,8.466191950095721
505,20,2688,198.43494882292202,4.684855792842043
505,20,2501,203.96248897457818,6.839484584580628
505,20,2646,200.55604521958347,5.974827793928343
505,20,2881,185.19442890773482,7.778423251540325
505,20,2460,194.03624346792648,2.9450754468697578
505,20,1066,206.56505117707798,4.532570224661736
505,20,1075,198.43494882292202,4.5830111016933035
505,20,960,206.56505117707798,6.2987830352106755
505,20,936,192.52880770915152,6.4926369417555545
505,20,912,200.55604521958347,6.146765284401101
505,20,988,188.13010235415598,4.777748521530727
505,20,1064,198.43494882292202,7.079726104854581
505,20,936,194.03624346792648,5.534369967272028
505,20,198,187.1250163489018,5.884859670290911
505,20,252,198.43494882292202,4.550039798803423
505,20,315,180,4.861111111111112
505,20,330,192.9946167919165,4.816485221706258
505,20,88,104.03624346792651,2.86326779556782
505,20,63,68.19859051364818,3.9307772314850395
505,20,48,75.96375653207355,2.86326779556782
505,20,49,90,2.6143790849673203
505,20,36,116.56505117707798,3.1493915176053378
505,20,30,116.56505117707798,3.1943828249996997
505,100,238,99.46232220802563,4.2836355847170555
505,100,204,75.96375653207355,2.9450754468697578
505,100,390,104.03624346792651,2.8435211211156277
505,100,900,168.69006752597977,6.984958237798335
505,100,912,188.13010235415598,5.0870991452269605
505,100,1375,164.74488129694225,7.863278793787158
505,100,960,196.69924423399362,7.676695962434228
505,100,960,198.43494882292202,6.324555320336758
505,100,836,190.30484646876602,8.101695570651412
505,100,1100,141.34019174590992,4.509242420727358
505,20,144,33.69006752597977,5.150787536377127
505,20,234,78.69006752597977,3.5165651817881276
505,20,84,336.0375110254218,7.405156241951957
505,100,418,82.30394827798341,25.572814661088316
505,100,306,216.86989764584402,7.194244604316546
505,100,612,180,3.4482758620689653
505,100,630,170.53767779197437,4.439972649852715
505,100,510,172.8749836510982,5.560177757447275
505,100,510,180,3.597122302158273
505,100,495,153.43494882292202,4.724087276408007
505,20,688,161.56505117707798,4.392052305789416
505,20,672,165.9637565320735,2.8240449490531923
505,20,630,180,4.37956204379562
505,20,630,165.9637565320735,2.6773413153361436
505,100,672,153.43494882292202,6.576670522058205
505,100,780,153.43494882292202,5.043762355262684
505,100,588,225,4.944802665640193
505,100,630,164.0546040990771,5.020765440883116
505,100,644,135,2.0203050891044216
505,100,160,9.462322208025626,3.801726581436387
505,100,136,18.434948822922024,9.805512124553115
505,100,102,353.6598082540901,6.202318587765355
505,100,162,310.6012946450045,6.585388898066348
505,100,180,345.96375653207355,5.975515399445885
505,100,234,167.47119229084842,6.585388898066348
505,20,270,180,2.898550724637681
505,20,306,161.56505117707798,6.776309271789384
505,20,221,180,4.195804195804196
505,20,221,173.65980825409008,6.4222589632180265
505,20,187,187.1250163489018,5.8422157596366295
505,100,408,188.13010235415598,4.876598490941707
505,100,500,161.56505117707798,4.6164637374720865
505,100,572,153.43494882292202,4.69105170104851
505,100,616,180,2.6490066225165565
505,20,648,168.69006752597977,3.8338492583404395
505,100,770,158.19859051364824,3.959680005245959
505,100,680,180,2.7586206896551726
505,100,760,168.69006752597977,3.7219120537173613
505,100,1122,146.30993247402023,5.187843561818689
505,100,1054,144.46232220802563,6.23356903408886
505,20,63,350.5376777919744,4.137933694080422
505,100,902,212.00538320808352,6.3743115757139215
505,100,656,201.80140948635182,3.98901096824778
505,100,546,180,5.839416058394161
505,100,468,180,1.9230769230769231
505,100,418,203.96248897457818,7.136853479562394
505,100,407,153.43494882292202,3.2643328138683065
505,100,360,189.4623222080256,4.082390959931691
505,100,324,180,3.10077519379845
505,100,296,153.43494882292202,4.532570224661736
505,100,432,225,8.658450381876092
505,100,342,113.96248897457815,7.034898429854359
505,100,312,126.86989764584405,3.7037037037037033
505,100,324,270,4.054054054054054
505,100,288,161.56505117707798,4.302418585263101
505,100,153,135,3.119588740528886
505,100,232,225,6.643956333296419
505,100,414,209.7448812969422,5.637942481327657
505,100,324,116.56505117707798,8.469954460226477
505,100,261,153.43494882292202,4.69105170104851
505,100,81,230.1944289077348,5.962022653363858
505,100,190,213.69006752597977,2.486587086526889
505,20,162,168.69006752597977,3.668359362296967
505,20,126,143.13010235415595,3.5211267605633805
505,20,108,161.56505117707798,2.2587697572631282
505,20,100,180,2.684563758389262
505,20,100,165.9637565320735,3.0541523152723413
505,20,176,189.4623222080256,4.109974682633933
505,20,2850,199.65382405805332,10.6950134872795
505,20,1326,239.74356283647074,10.066988398152033
505,20,3520,199.98310652189997,8.360499936228303
505,20,3549,192.52880770915152,6.146362971528592
505,20,3458,199.98310652189997,8.670148082014538
505,20,3648,194.03624346792648,5.7665812945701544
505,20,3838,195.94539590092288,5.126837950197547
505,100,945,195.94539590092288,4.821264827338092
505,100,880,206.56505117707798,1.6086819982012877
505,100,900,191.3099324740202,3.7219120537173613
505,100,900,195.94539590092288,4.853406592853679
505,100,900,195.94539590092288,5.23748912897879
505,100,900,194.03624346792648,2.9035955109983522
505,20,3525,201.03751102542182,9.948848769417227
505,20,3927,212.00538320808352,6.787036785652233
505,20,3965,198.43494882292202,6.63414893741618
505,20,1634,59.03624346792651,4.0775887376540565
505,20,1665,56.30993247402023,2.4198330707812006
505,20,1591,56.30993247402023,2.539120616523936
505,20,1517,45,2.966881599384115
505,20,1517,45,1.9241000848613539
505,20,1517,56.30993247402023,2.670778722565918
505,20,1554,36.86989764584405,3.64963503649635
505,20,1476,63.434948822922024,2.8852490032255353
505,20,1476,45,2.049584873004486
505,20,1394,45,2.0203050891044216
505,20,1480,71.56505117707798,2.211382979138727
505,20,1480,56.30993247402023,2.631789252163496
505,20,1440,45,1.0174198290453922
505,20,1400,56.30993247402023,2.5753937681885635
505,20,1365,71.56505117707798,2.1808811449437098
505,20,1365,71.56505117707798,2.2915055508466518
505,20,1292,18.434948822922024,2.053427052057389
505,20,1386,71.56505117707798,2.5298221281347035
505,20,1540,71.56505117707798,2.094223616005549
505,20,1462,26.565051177077976,1.5315534092464314
505,20,1394,45,2.1107665110046194
505,100,1276,237.99461679191648,6.086439440036518
505,100,1710,344.05460409907715,14.657939374390306
505,100,1020,23.198590513648185,6.092618484691127
505,100,1062,350.5376777919744,4.028319556488888
505,100,972,321.3401917459099,4.385701532488253
505,100,867,351.86989764584405,5.276916277511549
505,100,816,341.565051177078,4.302418585263101
505,100,660,350.5376777919744,4.40779893499871
505,100,675,344.05460409907715,4.758241757699685
505,100,703,353.2901631922431,4.070687935463422
505,100,1416,210.96375653207352,3.8110796698335303
505,100,1566,253.73979529168804,17.6056338028169
505,100,1316,111.80140948635182,8.15934061687046
505,100,242,338.1985905136482,7.5316990309573475
505,100,253,0,5.109489051094891
505,100,242,348.69006752597977,3.668359362296967
505,100,210,348.69006752597977,7.284313590846835
505,100,180,0,3.4482758620689653
505,100,171,348.69006752597977,7.389883353033021
505,100,162,350.5376777919744,3.949845798894948
505,100,153,7.125016348901795,6.449806198638839
505,100,210,338.1985905136482,7.132668618721197
505,100,242,329.03624346792645,3.9938026677022607
505,100,462,311.98721249581666,10.040017945577395
505,100,400,153.43494882292202,2.9039843863633634
505,100,368,180,5.555555555555555
505,100,496,135,3.6495833867692777
505,100,378,191.3099324740202,3.6421567954234173
505,100,378,161.56505117707798,4.902756062276557
505,100,405,180,4.054054054054054
505,100,405,161.56505117707798,4.392052305789416
505,100,405,165.9637565320735,2.8832906472850772
505,100,442,180,4.166666666666666
505,100,442,167.47119229084842,3.316382898306794
505,100,416,158.19859051364824,3.7396977827322946
505,100,400,168.69006752597977,3.80523844297969
505,100,400,194.03624346792648,2.767184983636014
505,100,1316,351.86989764584405,4.843197131414709
505,100,616,0,13.286713286713287
505,100,1462,335.22485943116806,10.846834138845722
505,100,1470,303.69006752597977,2.4198330707812006
505,100,984,305.5376777919744,5.549887269059759
505,100,720,243.43494882292202,9.474864311439788
505,100,756,206.56505117707798,4.502150290268033
505,100,703,153.43494882292202,4.355976579545045
505,100,738,158.19859051364824,4.07967030843523
505,100,1056,195.94539590092288,4.758241757699685
505,100,1034,143.13010235415595,3.816793893129771
505,100,990,206.56505117707798,3.0842316931031584
505,20,884,225,11.01984594056957
505,20,858,135,1.1313708498984762
505,100,1200,0,2.6490066225165565
505,100,1200,338.1985905136482,4.142434467026542
505,100,1260,0,3.821656050955414
505,100,1260,345.96375653207355,2.9662630400127057
505,100,1220,350.5376777919744,4.57350566187836
505,100,1200,344.05460409907715,5.126837950197547
505,100,990,349.04593735660166,4.459789097131905
505,100,1008,344.05460409907715,5.1631985030358285
505,100,990,329.03624346792645,3.93983236138196
505,100,986,35.537677791974374,6.1445180478875905
505,100,364,135,3.6732819801898575
505,100,364,330.25511870305775,6.398617260554404
505,20,153,0,16.030534351145036
505,20,210,26.565051177077976,1.552824984374854
505,20,221,270,1.3333333333333335
505,20,240,90,0.7352941176470588
505,20,273,56.30993247402023,2.670778722565918
505,20,238,339.44395478041656,5.734230701555389
505,20,240,9.462322208025626,4.314015978934908
505,20,182,9.462322208025626,4.253680091117635
505,20,156,26.565051177077976,1.5858638138296381
505,20,240,11.30993247402023,3.777051491550211
505,100,210,180,2.857142857142857
505,100,266,216.86989764584402,7.194244604316546
505,20,36,18.434948822922024,4.244668000226013
505,100,224,296.565051177078,1.5858638138296381
505,100,189,270,1.5384615384615385
505,100,200,288.434948822922,2.0014415570685946
505,100,156,285.94539590092285,5.392673992059643
505,100,144,326.30993247402023,2.539120616523936
505,100,270,281.30993247402023,3.6949416765165104
505,100,312,288.434948822922,2.2427501135945955
505,100,308,315,3.0743773095067284
505,100,320,300.9637565320735,3.9938026677022607
505,100,288,303.69006752597977,2.403700850309326
505,100,450,170.53767779197437,4.137933694080422
505,100,416,153.43494882292202,6.211299937499416
505,100,462,158.19859051364824,3.9022933385032634
505,100,480,180,7.142857142857142
505,100,448,135,3.7216146378239348
505,100,512,180,5.343511450381679
505,100,512,161.56505117707798,4.054202128420999
505,100,480,153.43494882292202,5.006122337686096
505,100,480,170.53767779197437,4.22414064604043
505,100,720,119.05460409907715,7.199741357333567
505,100,624,233.13010235415598,7.142857142857142
505,20,2730,196.92751306414704,15.921609642611005
505,20,2888,200.85445803957833,16.523680186944286
505,20,1892,195.52411099675425,12.052607543399617
505,20,2112,193.3924977537511,16.109726227554404
505,20,2160,195.25511870305775,16.05880880421321
505,20,3608,240.25511870305775,5.758755534498964
505,20,3219,206.56505117707798,7.76412492187427
505,20,2800,243.43494882292202,6.2987830352106755
505,20,4000,222.27368900609372,20.22594387390273
505,20,1462,192.9946167919165,9.26504448897662
505,20,1333,197.10272896905238,9.715336077668175
505,20,1189,201.80140948635182,7.97802193649556
505,20,1107,195.25511870305775,7.126096406869611
505,20,1040,188.13010235415598,5.481447916174787
505,20,975,243.43494882292202,10.86977489062398
505,20,888,201.80140948635182,7.5316990309573475
505,100,700,203.19859051364818,11.117916942867021
505,100,759,216.86989764584402,7.246376811594203
505,100,782,197.10272896905238,8.448118328407107
505,100,980,186.3401917459099,7.30272995011082
505,100,980,197.65012421993012,7.879451454344844
505,20,1008,202.61986494804043,9.701492537313433
505,20,1102,195.25511870305775,7.863278793787158
505,100,1936,227.48955292199915,12.619240772170315
505,20,1000,180,11.805555555555555
505,20,918,180,1.4285714285714286
505,20,896,201.80140948635182,7.97802193649556
505,20,783,194.03624346792648,7.730823048033113
505,20,1334,169.69515353123393,8.666930145348022
505,20,1428,235.61965527615513,16.804181654337718
505,20,1674,199.98310652189997,8.016917747068236
505,20,1530,196.69924423399362,7.404472701355
505,20,1431,192.09475707701208,10.154483023600251
505,20,1275,201.80140948635182,7.479395565464589
505,20,2100,196.3895403340348,13.029444960786286
505,20,1938,180,4.195804195804196
505,20,1295,201.80140948635182,11.622657857124828
505,20,1085,206.56505117707798,6.48135645652113
505,20,899,199.44003482817618,12.01850425154663
505,20,868,194.03624346792648,6.544612104155016
505,20,812,192.09475707701208,9.482000704156524
505,20,465,219.80557109226518,5.659601214425112
505,20,405,222.27368900609372,10.395852270852101
505,20,276,261.869897645844,4.944802665640193
505,20,1944,206.56505117707798,10.163945352271773
505,20,1734,208.07248693585294,11.971830985915492
505,20,1665,206.56505117707798,8.76889402941094
505,20,1638,217.87498365109818,8.572747557136376
505,20,1680,209.7448812969422,11.517511068997928
505,20,2074,201.80140948635182,7.180219742846004
505,20,2414,195.94539590092288,10.400156984686454
505,20,1595,204.44395478041653,8.819741586565382
505,20,220,210.25643716352926,9.64753054822903
505,20,378,183.81407483429035,10.973209035308692
505,20,320,201.03751102542182,9.539991970674054
505,20,580,210.96375653207352,4.135426875776809
505,20,285,63.434948822922024,1.5858638138296381
505,20,228,186.3401917459099,5.918552377867593
505,20,364,198.43494882292202,7.132957128199352
505,20,160,45,1.0101525445522108
505,100,897,197.3540246362613,10.88510039885728
505,100,851,194.03624346792648,6.153888993459195
505,100,851,167.47119229084842,6.271798950539378
505,100,1102,165.9637565320735,3.19620591133152
505,100,1200,180,7.6923076923076925
505,100,1419,164.0546040990771,4.63701266833154
505,100,1785,180,3.6764705882352944
505,100,2788,131.6335393365702,8.420695509644963
505,100,1802,213.69006752597977,5.341557445131836
505,100,1485,172.8749836510982,5.522094348149691
505,100,1419,174.2894068625003,6.360680772861323
505,100,1386,171.86989764584405,5.748835619402826
505,100,1386,161.56505117707798,4.3617622898874195
505,20,154,77.47119229084848,6.146362971528592
505,20,117,71.56505117707798,2.3599087016181937
505,20,264,0,0.6666666666666667
505,20,104,82.8749836510982,6.01661025992429
505,20,77,78.69006752597977,3.6421567954234173
505,20,96,53.13010235415595,3.4482758620689653
505,20,70,90,2.013422818791946
505,20,54,80.53767779197437,4.166275705683712
505,20,42,56.30993247402023,2.7109408086195406
505,20,35,90,2.7027027027027026
505,20,24,90,2.142857142857143
505,100,350,171.86989764584405,5.276916277511549
505,100,540,150.9453959009229,7.250443761258452
505,100,539,206.56505117707798,5.807968772726727
505,100,672,195.94539590092288,5.4329178278212815
505,100,440,161.56505117707798,6.453627877894652
505,100,418,180,3.875968992248062
505,100,418,174.80557109226515,7.7240286833477345
505,100,418,170.53767779197437,3.874371038406509
505,100,418,180,3.6764705882352944
505,100,451,144.46232220802563,6.0156120748549835
505,20,377,345.06858282186244,10.560663058680289
505,100,216,225,2.8861501272920305
505,100,225,143.13010235415595,3.597122302158273
505,100,225,171.86989764584405,5.199314567548144
505,100,330,236.3099324740202,2.521364528296496
505,100,234,198.43494882292202,2.1512092926315507
505,100,216,135,3.0968180197950983
505,100,330,281.30993247402023,3.4452834551302596
505,100,333,135,4.561979233461598
505,100,248,236.3099324740202,2.387782301631781
505,100,203,180,2.8368794326241136
505,100,162,123.69006752597977,2.6907099070626788
505,100,234,96.34019174590992,5.842183960088657
505,100,92,251.56505117707798,4.485500227189191
505,100,68,123.69006752597977,2.7109408086195406
505,100,76,135,1.9110994086122908
505,100,126,153.43494882292202,5.2407843222651325
505,20,132,170.53767779197437,4.22414064604043
505,20,120,161.56505117707798,4.485500227189191
505,20,100,172.8749836510982,5.522094348149691
505,20,121,189.4623222080256,4.2836355847170555
505,20,100,191.3099324740202,3.4452834551302596
505,20,99,146.30993247402023,7.953421931170565
505,20,99,170.53767779197437,4.40779893499871
505,100,800,161.56505117707798,2.4705294220065466
505,100,902,180,5.555555555555555
505,100,860,170.53767779197437,4.314015978934908
505,100,765,163.30075576600643,7.150894869116815
505,100,720,180,4.225352112676056
505,100,792,174.2894068625003,6.790456500757358
505,100,792,165.9637565320735,3.031695312954162
505,100,765,171.86989764584405,5.123962182511215
505,20,480,338.1985905136482,3.792369582489087
505,20,380,0,4.25531914893617
505,20,380,326.30993247402023,2.452755969703394
505,20,480,333.434948822922,1.6203391141302825
505,20,361,0,4.794520547945205
505,20,342,326.30993247402023,2.7523292179114422
505,20,255,329.03624346792645,4.049272149198126
505,20,225,33.69006752597977,5.114257128317715
505,20,252,344.74488129694225,7.501154112494328
505,20,196,331.92751306414704,12.318840579710146
505,100,2048,127.8749836510982,8.029404402106605
505,100,2346,143.13010235415595,3.4482758620689653
505,100,1984,195.94539590092288,5.275441948753999
505,100,1972,165.9637565320735,2.6948402781814775
505,100,2556,153.43494882292202,3.3879817840905906
505,100,2520,153.43494882292202,3.105649968749708
505,100,2911,135,1.0398629135096287
505,100,3220,180,2.054794520547945
505,100,3174,158.19859051364824,3.98901096824778
505,100,2698,194.03624346792648,5.389680556362955
505,100,496,11.30993247402023,3.668359362296967
505,100,528,26.565051177077976,4.38444701470547
505,100,682,26.565051177077976,1.5971914124998499
505,100,512,50.19442890773479,5.386379086832175
505,100,544,0,3.4965034965034967
505,100,544,14.036243467926454,2.9877576997229425
505,100,512,35.537677791974374,6.23356903408886
505,100,528,45,4.843197131414709
505,100,480,315,1.9641855032959656
505,100,480,45,3.030457633656632
505,100,480,38.65980825409008,4.131047895117967
505,100,465,56.30993247402023,2.83901675233385
505,100,450,0,3.4246575342465753
505,100,406,26.565051177077976,3.1493915176053378
505,100,392,80.53767779197437,4.314015978934908
505,100,378,56.30993247402023,2.452755969703394
505,20,98,180,3.007518796992481
505,20,171,206.56505117707798,6.043426966215648
505,20,120,180,2.898550724637681
505,20,144,230.1944289077348,5.578749768504753
505,20,152,216.86989764584402,3.597122302158273
505,20,126,210.96375653207352,3.8110796698335303
505,20,126,53.13010235415595,3.571428571428571
505,20,100,207.47443162627715,20.418844642906336
505,20,140,213.69006752597977,5.225436631107231
505,20,210,168.69006752597977,10.772576437167857
505,20,180,180,3.4482758620689653
505,20,432,165.9637565320735,5.975515399445885
505,20,462,111.80140948635182,3.5197155602186303
505,20,546,351.86989764584405,5.356869554443542
505,100,242,0,5.298013245033113
505,100,220,354.8055710922652,7.778423251540325
505,100,288,341.565051177078,4.3318872057101085
505,100,288,7.125016348901795,6.154395227708816
505,100,300,351.86989764584405,5.123962182511215
505,100,319,0,7.746478873239436
505,100,364,343.3007557660064,6.8237297443859815
505,100,275,11.30993247402023,3.80523844297969
505,100,275,7.125016348901795,5.637942481327657
505,100,400,344.05460409907715,5.1631985030358285
505,100,264,333.434948822922,6.254735601398013
505,20,435,231.3401917459099,4.541222863427552
505,100,420,270,1.3986013986013985
505,100,435,180,2.083333333333333
505,100,420,270,1.4598540145985401
505,100,364,270,1.3793103448275863
505,100,350,225,1.024792436502243
505,100,322,0,1.3071895424836601
505,100,322,40.60129464500449,6.984503376737036
505,100,560,239.34933204294714,20.512882126111393
505,100,600,225,1.950639396376683
505,100,903,270,2.127659574468085
505,100,861,225,2.0951312035156966
505,100,1974,239.03624346792648,4.135426875776809
505,100,2115,296.565051177078,1.5746957588026689
505,100,1936,194.03624346792648,2.8435211211156277
505,100,1763,180,1.3245033112582782
505,100,1716,270,4.511278195488721
505,20,195,153.43494882292202,5.366563145999495
505,20,264,168.69006752597977,3.5165651817881276
505,20,240,201.80140948635182,3.7396977827322946
505,20,260,180,5.147058823529411
505,20,252,170.53767779197437,4.028319556488888
505,20,231,156.80140948635176,5.216282949221855
505,20,273,170.53767779197437,4.344830378784442
505,20,288,153.43494882292202,3.3879817840905906
505,20,800,180,10.743801652892563
505,20,806,206.56505117707798,9.004300580536066
505,20,868,199.98310652189997,7.803133273813084
505,20,3784,196.50436138175502,19.692486489970243
505,20,3042,196.69924423399362,15.241323370672335
505,20,2964,196.69924423399362,14.80894540271
505,20,3120,200.22485943116808,14.56723505850114
505,20,2880,186.3401917459099,12.754063574841432
505,20,3870,192.9946167919165,10.262818510866412
505,20,2920,194.03624346792648,8.301554950908042
