604,20,3990,298.6104596659652,8.52378509261338
604,20,3450,351.86989764584405,4.040610178208843
604,20,3082,180,7.4074074074074066
604,20,2970,129.8055710922652,5.6188846589256505
604,20,2860,0,0.684931506849315
604,100,2795,306.86989764584405,4
604,100,2948,123.69006752597977,2.5571285641588575
604,100,2904,0,0.7092198581560284
604,100,2730,63.434948822922024,4.502150290268033
604,100,2881,251.56505117707798,4.865042554105199
604,100,2752,270,0.6666666666666667
604,100,2709,270,1.5384615384615385
604,100,2709,315,0.9753196981883415
604,100,2709,180,0.6451612903225806
604,100,2709,225,1.0878565864408425
604,100,2580,239.03624346792648,4.664761515876241
604,100,2580,233.13010235415598,3.4722222222222223
604,100,2580,63.434948822922024,3.3879817840905906
604,20,3960,153.43494882292202,15.746957588026689
604,20,2346,140.9061411137705,13.835924918180071
604,20,2976,161.56505117707798,21.892691493473396
604,3,2204,297.89727103094765,13.938684102660392
604,3,2128,231.3401917459099,4.573660169594892
604,3,2166,135,0.9620500424306769
604,3,2223,63.434948822922024,1.5971914124998499
604,3,2223,180,0.7407407407407408
604,3,2223,180,0.7194244604316548
604,3,2204,315,1.0101525445522108
604,3,2183,180,0.7575757575757576
604,3,2183,270,0.6756756756756757
604,3,1980,90,1.4925373134328357
604,3,1980,270,0.7142857142857143
604,3,1980,270,0.7142857142857143
604,3,2016,0,0.6993006993006993
604,3,2109,90,0.6578947368421052
604,3,2109,0,0.6666666666666667
604,3,2166,270,0.6711409395973155
604,3,2109,90,0.6993006993006993
604,3,2016,225,0.9491366190423458
604,3,2016,315,1.0174198290453922
604,3,2166,135,1.0101525445522108
604,3,2088,341.565051177078,2.196026152894708
604,3,2124,225,0.9820927516479828
604,3,2124,180,0.7518796992481203
604,3,2124,225,1.0029883421085781
604,3,2124,90,0.7194244604316548
604,3,2183,116.56505117707798,1.5007167634226777
604,3,2124,270,0.7633587786259541
604,3,2088,270,0.7042253521126761
604,3,2088,0,0.7092198581560284
604,3,2030,135,1.032272673265033
604,3,2030,0,0.7575757575757576
604,3,1995,180,0.6711409395973155
604,3,1904,225,0.9820927516479828
604,3,1870,180,0.7194244604316548
604,3,1782,90,0.7092198581560284
604,3,1749,180,0.7407407407407408
604,3,1617,71.56505117707798,2.2427501135945955
604,3,1551,180,0.7042253521126761
604,3,1472,56.30993247402023,4.93911133625204
604,3,1440,180,0.7246376811594203
604,3,1518,236.3099324740202,4.905511939406788
604,3,1568,251.56505117707798,2.1808811449437098
604,3,1568,341.565051177078,2.413952412342274
604,3,1519,45,0.9686394262829419
604,3,1550,0,0.7142857142857143
604,3,1550,270,0.6944444444444444
604,3,1530,180,0.7092198581560284
604,3,1560,0,1.342281879194631
604,3,1590,180,0.7142857142857143
604,3,1537,90,0.7299270072992701
604,3,1595,270,0.6993006993006993
604,3,1624,90,0.6802721088435374
604,3,1595,180,0.6993006993006993
604,3,1540,90,0.7142857142857143
604,3,1458,90,0.6896551724137931
604,3,1300,180,0.7092198581560284
604,3,1200,135,0.9555497043061454
604,3,1170,180,1.4598540145985401
604,3,1092,180,0.7352941176470588
604,3,988,180,0.6896551724137931
604,3,999,135,0.8676156824374818
604,3,988,315,0.9959250439247148
604,3,1118,0,0.641025641025641
604,3,1144,0,0.7518796992481203
604,3,1242,315,2.0797258270192573
604,3,1269,315,0.9686394262829419
604,3,1269,0,0.6451612903225806
604,3,1344,315,1.1223917161691233
604,3,1372,180,0.6535947712418301
604,3,1323,90,1.4705882352941175
604,3,1350,0,0.6944444444444444
604,3,1377,270,0.6756756756756757
604,3,1352,0,0.7246376811594203
604,3,1404,0,0.7299270072992701
604,3,1674,135,0.9007729696643919
604,3,1643,180,0.6756756756756757
604,3,1484,63.434948822922024,3.466772058139209
604,3,1508,233.13010235415598,3.64963503649635
604,3,1450,180,0.6802721088435374
604,3,1400,71.56505117707798,2.1223340001130064
604,3,1536,233.13010235415598,3.7593984962406015
604,3,1537,153.43494882292202,1.4808397201985364
604,3,1248,45,3.1426968052735442
604,3,1170,180,0.6493506493506493
604,3,1161,60.2551187030578,5.800185430430611
604,3,1092,233.13010235415598,3.6764705882352944
604,3,1066,63.434948822922024,4.300130725961134
604,20,1440,149.34933204294714,21.49637647462358
604,20,55,169.11447294534128,19.18580042735323
604,20,36,128.65980825409008,4.778450923457349
604,100,234,198.43494882292202,4.028379184927872
604,100,540,246.03751102542182,6.654633649862232
604,100,672,213.69006752597977,2.7950009887317746
604,100,456,138.81407483429035,7.75923052024427
604,100,363,206.56505117707798,3.042269357142571
604,100,363,150.9453959009229,6.909818886568457
604,100,290,153.43494882292202,3.3625082368417893
604,100,270,180,4.635761589403973
604,100,270,161.56505117707798,4.684855792842043
604,100,260,161.56505117707798,2.053427052057389
604,100,270,161.56505117707798,4.550039798803423
604,100,4554,296.565051177078,1.4426245016127677
604,100,4176,296.565051177078,1.6939908920452953
604,100,4543,165.9637565320735,2.8832906472850772
604,100,4752,188.13010235415598,4.944802665640193
604,100,4290,116.56505117707798,1.5636839003495033
604,100,4221,180,0.7042253521126761
604,100,3894,146.30993247402023,12.51927526202774
604,100,630,172.8749836510982,5.598790102985104
604,100,651,203.19859051364818,5.145792639097236
604,100,840,213.69006752597977,2.403700850309326
604,100,672,246.03751102542182,7.136853479562394
604,100,608,164.0546040990771,4.63701266833154
604,100,595,158.19859051364824,4.17454636211977
604,100,528,188.13010235415598,5.161363366325165
604,100,496,159.44395478041656,11.545951007185852
604,100,406,60.2551187030578,5.304116939670099
604,100,2006,65.55604521958344,8.27605888602368
604,100,1792,131.98721249581666,10.040017945577395
604,100,1705,118.30075576600638,9.778028516710862
604,100,1800,51.34019174590992,4.778450923457349
604,100,1104,77.47119229084848,13.55815361366601
604,20,81,243.43494882292202,16.619424157093032
604,20,495,233.13010235415598,3.64963503649635
604,100,512,334.5366549381284,16.040970137397252
604,100,408,36.86989764584405,3.2467532467532463
604,100,493,45,3.030457633656632
604,100,768,59.03624346792651,3.9938026677022607
604,100,784,59.03624346792651,4.3514566379442545
604,100,630,348.69006752597977,3.4924791188991673
604,100,570,0,1.5267175572519083
604,100,798,345.96375653207355,2.8240449490531923
604,100,578,281.30993247402023,6.844321494755415
604,100,648,68.19859051364818,3.9307772314850395
604,100,544,48.81407483429035,6.770793511295955
604,100,589,198.43494882292202,2.3599087016181937
604,100,540,0,1.4388489208633095
604,100,580,90,1.3986013986013985
604,100,186,323.13010235415595,3.546099290780142
604,20,500,139.08561677997488,14.280167799481443
604,20,490,36.86989764584405,6.7114093959731544
604,100,429,0,0.7142857142857143
604,100,416,270,0.7042253521126761
604,100,330,225,1.0174198290453922
604,100,810,165.9637565320735,3.0095661500858837
604,100,884,255.9637565320735,2.767184983636014
604,100,630,243.43494882292202,11.260773987409014
604,100,1387,273.81407483429035,11.388860892706749
604,100,1224,270,2.083333333333333
604,100,1564,165.9637565320735,2.660068145559781
604,100,2232,330.94539590092285,7.799719803778031
604,100,2610,333.434948822922,1.5858638138296381
604,100,1632,194.03624346792648,2.9035955109983522
604,100,1458,26.565051177077976,1.5421158465515792
604,100,2450,218.65980825409008,4.509242420727358
604,100,1935,225,0.9959250439247148
604,100,1634,59.03624346792651,4.194929420752016
604,100,1400,45,3.052259487136176
604,100,1188,248.19859051364818,3.9307772314850395
604,100,1056,243.43494882292202,3.0014335268453554
604,100,961,59.03624346792651,4.194929420752016
604,100,1296,35.537677791974374,6.188723213699731
604,100,1020,90,0.6802721088435374
604,100,1089,231.3401917459099,4.509242420727358
604,100,1023,338.1985905136482,3.7396977827322946
604,100,1088,135,2.0797258270192573
604,100,1155,0,0.6944444444444444
604,100,896,270,1.3333333333333335
604,100,896,90,1.3605442176870748
604,100,806,225,2.192579166469915
604,100,775,180,0.6711409395973155
604,100,690,78.69006752597977,7.284313590846835
604,100,644,315,0.9304036594559837
604,100,638,248.19859051364818,3.98901096824778
604,100,750,243.43494882292202,3.105649968749708
604,100,1254,315,0.9555497043061454
604,100,1280,231.3401917459099,4.778450923457349
604,100,1575,232.1250163489018,7.917884896521792
604,100,195,9.462322208025626,4.314015978934908
604,100,375,255.9637565320735,2.92418838696288
604,100,638,7.125016348901795,5.800185430430611
604,100,1519,70.55996517182382,12.785642820794289
604,20,147,200.55604521958347,13.246517434600822
604,20,147,180,2.684563758389262
604,20,208,296.565051177078,1.5211346785712856
604,100,234,0,1.5037593984962405
604,20,234,353.6598082540901,5.957490222458827
604,20,324,351.25383773744477,9.133990581920767
604,100,207,63.434948822922024,1.510856741553912
604,20,98,13.57043438516149,22.263334164442234
604,20,2583,193.24051991518718,12.655253040994912
604,20,2829,194.03624346792648,8.898789120038115
604,20,2604,201.80140948635182,10.699002928081795
604,20,2440,190.61965527615513,11.4639581662674
604,20,2379,194.74356283647074,14.884002048779166
604,20,2478,192.52880770915152,6.358306522270957
604,100,3080,225,3.0743773095067284
604,100,3384,251.56505117707798,2.4513780311382787
604,100,4455,161.56505117707798,2.1512092926315507
604,100,3724,0,2.2388059701492535
604,100,3492,90,1.2987012987012987
604,100,3492,180,0.7575757575757576
604,100,3420,135,0.9959250439247148
604,100,3060,116.56505117707798,1.5211346785712856
604,20,2583,198.43494882292202,16.643566632465152
604,20,2730,198.43494882292202,15.058465048420851
604,20,2460,197.65012421993012,16.609203425345605
604,100,1320,198.43494882292202,10.540925533894598
604,100,1530,192.9946167919165,9.075961948385261
604,100,1247,193.24051991518718,12.936480886350354
604,100,1290,197.3540246362613,11.560727320165663
604,100,1148,194.74356283647074,14.236871524919204
604,100,1120,195.94539590092288,14.657939374390306
604,20,3905,195.94539590092288,9.904911413987099
604,20,3630,194.93141717813754,11.760738406257595
604,20,4070,203.6293777306568,11.41454195854443
604,20,3942,198.43494882292202,11.978324470334769
604,20,4320,194.93141717813754,10.70632737673105
604,20,4455,191.3099324740202,10.477437356697504
604,20,1677,197.10272896905238,9.380324488783065
604,20,1722,198.43494882292202,11.13478049355063
604,20,2112,201.80140948635182,11.219093348196882
604,20,2800,195.94539590092288,9.904911413987099
604,20,2451,197.3540246362613,12.796224896366573
604,100,2160,195.94539590092288,5.126837950197547
604,100,2162,196.3895403340348,12.657175104763821
604,20,2209,193.24051991518718,12.127950830953457
604,20,2070,201.25050550713323,14.306079937650345
604,20,2024,200.22485943116808,14.159759951969642
604,20,2200,193.24051991518718,11.565727944750318
604,20,1750,198.43494882292202,9.100079597606847
604,20,1568,180,0.6944444444444444
604,20,1209,192.09475707701208,10.012462282011436
604,20,1110,196.69924423399362,7.352328527401797
604,20,1140,195.52411099675425,13.838179031310672
604,20,1110,197.52556837372288,13.933467723895998
604,20,1080,196.69924423399362,14.704657054803594
604,20,1332,180,7.857142857142857
604,20,936,188.7461622625552,8.431375921773016
604,20,805,180,0.7462686567164178
604,20,768,206.56505117707798,1.6203391141302825
604,20,910,191.3099324740202,3.5908588123892846
604,20,816,198.43494882292202,2.1366740947083644
604,20,900,180,3.597122302158273
604,20,1000,189.4623222080256,4.344830378784442
604,20,2550,282.99461679191654,9.73844092271995
604,20,1216,143.9726266148964,9.06764700582363
604,20,2420,227.72631099390625,10.323658852304519
604,20,580,180,4.225352112676056
604,20,408,186.3401917459099,6.609770173822932
604,20,450,188.13010235415598,5.014941710542891
604,20,735,180,7.534246575342466
604,20,520,189.4623222080256,4.344830378784442
604,20,1961,191.3099324740202,10.926470386270253
604,20,1776,208.30075576600638,10.777243109659416
604,20,1092,151.9275130641471,11.409395973154362
604,20,616,137.48955292199912,11.383790626643151
604,20,1452,97.1250163489018,12.123695862103082
604,20,3480,146.97613244420336,16.79839498855854
604,20,2408,145.00797980144137,8.596165926573029
604,20,1890,149.74356283647074,9.515372595513565
604,20,1240,163.07248693585302,17.172593257387582
604,20,375,160.70995378081125,15.932045188283528
604,20,168,293.1985905136482,5.180798031199938
604,20,4026,146.30993247402023,16.265644851717244
604,20,2842,141.34019174590992,13.819692598775932
604,20,2420,143.13010235415595,13.698630136986301
604,20,1960,147.0947570770121,13.868805980353827
604,20,2322,136.548157698978,18.829140040722876
604,20,1554,145.30484646876602,11.213750567972976
604,20,69,276.7098368077569,22.671844726653894
604,20,3180,143.9726266148964,10.226669555440184
604,20,2160,150.2551187030578,5.522094348149691
604,20,2508,141.34019174590992,17.663790999814754
604,20,2378,155.55604521958344,8.630747123996123
604,20,2394,143.13010235415595,14.184397163120568
604,20,966,131.98721249581666,9.609731462195507
604,100,1680,323.13010235415595,10.204081632653061
604,20,675,153.43494882292202,8.343537229476826
604,20,624,149.0362434679265,8.389858841504031
604,20,552,159.44395478041656,5.621055095603639
604,100,672,101.30993247402023,14.997116216449365
604,100,420,160.82099197418927,18.30946716073071
604,100,392,30.963756532073546,3.836152562398224
604,100,190,29.054604099077153,7.570316280137501
604,100,180,149.0362434679265,4.021346134376069
604,100,187,206.56505117707798,3.105649968749708
604,100,240,206.56505117707798,1.6939908920452953
604,100,180,184.76364169072616,8.027729719194863
604,100,180,168.69006752597977,3.5908588123892846
604,20,84,225,1.0174198290453922
604,20,85,21.370622269343187,16.80148168058295
604,20,396,235.0079798014413,9.687742552169604
604,20,312,135,6.305410787650742
604,100,198,168.69006752597977,3.8338492583404395
604,100,252,180,4.605263157894736
604,100,260,170.90972307917764,16.878651868229554
604,20,198,248.96248897457818,10.241461968517735
604,20,192,270,8.391608391608392
604,20,700,232.30575953331083,20.904419209711044
604,100,630,180,2.631578947368421
604,100,264,90,7.194244604316546
604,100,261,165.17352002964435,23.447340526758634
604,100,336,355.6012946450045,18.896238855659853
604,100,403,116.56505117707798,2.9421947072365655
604,100,629,56.30993247402023,4.56398895628353
604,100,592,33.69006752597977,2.539120616523936
604,100,578,68.19859051364818,4.17454636211977
604,20,264,145.17551084304318,19.322656173961242
604,20,189,219.80557109226518,5.349486079388119
604,20,340,158.19859051364824,4.142434467026542
604,20,81,255.9637565320735,5.8901508937395155
604,20,759,243.43494882292202,3.1493915176053378
604,20,480,168.69006752597977,3.9527283051106856
604,20,126,165.9637565320735,6.108304630544683
604,20,255,195.94539590092288,10.041530881766231
604,20,238,194.93141717813754,10.856066221160857
604,20,304,194.93141717813754,11.249401953811612
604,20,221,195.94539590092288,10.253675900395095
604,20,204,203.96248897457818,12.54631567107784
604,20,176,176.82016988013584,14.656712501886135
604,20,240,199.1790080258107,8.855124117735215
604,20,280,200.55604521958347,13.044280527202337
604,20,390,195.25511870305775,7.917884896521792
604,20,312,197.10272896905238,9.511517838276534
604,20,230,172.4053566314086,10.656863345367293
604,20,210,211.60750224624888,10.527129325843964
604,20,300,192.9946167919165,9.329835009878556
604,100,3128,194.03624346792648,14.316338977839099
604,100,3149,196.92751306414704,17.296137093771666
604,100,3648,199.44003482817618,11.938911508158904
604,100,4361,193.49573328079583,18.36422876026063
604,20,3380,190.61965527615513,11.4639581662674
604,20,2784,196.69924423399362,14.60182728518958
604,20,3264,203.6293777306568,11.880441630321755
604,20,2679,190.61965527615513,12.426580607709699
604,20,3366,206.56505117707798,4.594660227739293
604,20,2556,180,3.4013605442176873
604,20,2556,194.03624346792648,6.063390625908324
604,20,2701,197.3540246362613,12.509742249432993
604,20,2850,197.3540246362613,11.101360671682258
604,20,2769,194.03624346792648,8.963273099168827
604,20,2774,197.10272896905238,9.578500358264396
604,100,2420,195.52411099675425,12.795576501554388
604,100,1680,196.26020470831193,17.73049645390071
604,100,1560,183.81407483429035,11.053894395862432
604,100,1406,185.19442890773482,7.670389595268931
604,100,1558,221.98721249581664,9.47438313174205
604,100,2350,191.3099324740202,3.4687207575461123
604,100,1716,180,1.4492753623188406
604,100,777,206.56505117707798,5.845929352940627
604,20,3150,196.3895403340348,12.74823391846716
604,20,2150,14.036243467926454,3.1716197120135847
604,20,2080,194.03624346792648,8.835226340609271
604,20,2976,192.52880770915152,6.538684012264459
604,20,3692,195.25511870305775,8.144110179279556
604,20,3626,195.94539590092288,10.11126373511183
604,20,3876,197.3540246362613,12.417077492029787
604,20,2990,184.3987053549955,8.93041425370226
604,20,2880,192.09475707701208,10.227015045197394
604,20,2684,180,7.746478873239436
604,20,799,189.86580694308435,16.21196879156771
604,20,874,190.0079798014413,12.509185870747874
604,20,3300,135,9.091372900969896
604,20,2254,113.96248897457815,7.034898429854359
604,20,1890,150.9453959009229,14.103602932858905
604,20,1680,151.69924423399362,10.253349347384304
604,20,1560,149.0362434679265,12.768507798931314
604,20,1224,156.03751102542185,6.792315725376623
604,20,780,155.55604521958344,8.27605888602368
604,20,1763,149.0362434679265,12.318912453898522
604,20,1681,146.30993247402023,7.4597612595806675
604,20,1794,153.43494882292202,7.76412492187427
604,20,1710,147.99461679191648,6.690766760323832
604,20,1848,141.34019174590992,8.955418513892095
604,20,1554,149.0362434679265,7.774602526460401
604,20,1512,153.43494882292202,6.576670522058205
604,20,1517,142.1250163489018,8.086350532617999
604,20,3960,161.02959219151353,11.790191160758628
604,20,3416,153.43494882292202,7.76412492187427
604,20,2860,156.03751102542185,6.985005533188726
604,20,2397,153.43494882292202,10.945787302446524
604,20,2350,156.80140948635176,10.154364141151879
604,20,2254,146.30993247402023,7.953421931170565
604,20,2208,145.00797980144137,8.657131642364329
604,20,2116,150.9453959009229,7.460601551439856
604,20,2116,149.0362434679265,8.098544298396252
604,20,4484,138.36646066342985,18.107661020740295
604,20,2397,159.44395478041656,18.178731373016024
604,20,2340,155.22485943116806,10.154483023600251
604,20,1804,143.13010235415595,13.793103448275861
604,20,1480,155.55604521958344,8.50918730534829
604,20,1292,139.3987053549955,13.45918898874874
604,20,4263,147.0947570770121,15.696478086291929
604,100,510,129.8055710922652,5.104738350265787
604,100,448,243.43494882292202,3.1943828249996997
604,100,390,210.96375653207352,8.270853751553618
604,100,377,180,4.895104895104895
604,100,777,304.99202019855863,8.476774733148403
604,100,540,39.80557109226521,5.386379086832175
604,100,854,191.3099324740202,3.4221607473777076
604,100,826,171.86989764584405,4.876598490941707
604,100,880,171.86989764584405,5.237828008789241
604,100,756,180,4.45859872611465
604,100,810,171.86989764584405,5.0870991452269605
604,100,676,191.3099324740202,3.668359362296967
604,100,637,195.94539590092288,4.986376636493506
604,100,630,168.69006752597977,3.7492790541123413
604,100,572,189.4623222080256,4.314015978934908
604,100,528,171.86989764584405,5.014941710542891
604,100,816,170.53767779197437,4.0551750201988135
604,100,616,225,5.0870991452269605
604,100,598,153.43494882292202,5.2407843222651325
604,100,3600,176.98721249581672,12.435488621202905
604,100,2484,243.43494882292202,1.5971914124998499
604,100,2048,63.434948822922024,1.5858638138296381
604,100,4697,71.56505117707798,2.196026152894708
604,100,4761,71.56505117707798,6.160281156172168
604,100,4290,116.56505117707798,1.6086819982012877
604,100,3906,63.434948822922024,4.69105170104851
604,100,3599,213.69006752597977,2.486587086526889
604,100,416,318.01278750418334,4.8569039881132525
604,100,308,320.1944289077348,5.206833117271103
604,100,308,321.3401917459099,4.606564199591977
604,100,319,26.565051177077976,5.2407843222651325
604,100,308,330.25511870305775,5.269449508691862
604,100,308,243.43494882292202,1.5971914124998499
604,100,308,14.036243467926454,8.77256516088864
604,100,336,303.69006752597977,5.042729056592992
604,100,308,225,1.9641855032959656
604,100,308,28.61045966596521,8.70136394870949
604,100,342,63.434948822922024,1.5007167634226777
604,100,296,74.05460409907715,5.020765440883116
604,100,390,323.13010235415595,3.7037037037037033
604,100,407,80.53767779197437,3.874371038406509
604,100,385,18.434948822922024,2.2750198994017117
604,100,420,45,2.0348396580907844
604,100,396,71.56505117707798,2.1659436028550543
604,100,407,90,1.4705882352941175
604,100,396,45,2.0059766842171562
604,100,507,63.434948822922024,1.5858638138296381
604,100,494,63.434948822922024,1.49071198499986
604,100,1340,61.699244233993625,10.622174863477268
604,100,656,264.80557109226515,8.629188294677547
604,100,688,105.94539590092285,4.758241757699685
604,100,882,71.56505117707798,2.2587697572631282
604,100,968,180,0.7092198581560284
604,100,840,63.434948822922024,1.5636839003495033
604,100,738,63.434948822922024,1.552824984374854
604,100,680,63.434948822922024,1.552824984374854
604,100,663,0,0.6896551724137931
604,100,1452,265.2363583092738,9.481570534482122
604,100,3069,257.00538320808346,8.66341822345866
604,100,2842,270,2.158273381294964
604,100,2548,161.56505117707798,2.211382979138727
604,100,2160,187.1250163489018,5.560177757447275
604,100,1533,315,1.0125634098136718
604,100,1273,56.30993247402023,7.308549882697276
604,100,1121,135,3.166149766506929
604,100,594,49.39870535499551,6.402461428675616
604,100,527,333.434948822922,1.5858638138296381
604,20,290,284.03624346792645,8.649871941855231
604,100,1025,315,2.8666491129184357
604,100,943,348.69006752597977,3.5908588123892846
604,100,1856,321.3401917459099,4.708179586347683
604,100,1504,315,5.0870991452269605
604,100,1368,326.30993247402023,2.548092774179498
604,100,1120,348.69006752597977,3.7219120537173613
604,100,1056,0,2.027027027027027
604,100,1088,15.945395900922847,5.090985936559803
604,100,1085,288.434948822922,2.211382979138727
604,100,377,169.69515353123393,7.55428370776956
604,20,108,156.03751102542185,6.839484584580628
604,20,216,135,4.9104637582399135
604,20,204,150.2551187030578,5.8422157596366295
604,20,187,217.87498365109818,8.086350532617999
604,20,437,225,3.6495833867692777
604,100,290,180,6.0402684563758395
604,100,234,231.3401917459099,4.67381331199478
604,100,288,198.43494882292202,4.422765958277454
604,100,210,161.56505117707798,4.392052305789416
604,100,192,180,2.8368794326241136
604,100,224,168.69006752597977,3.4687207575461123
604,100,189,135,4.0119533684343125
604,100,156,195.94539590092288,5.515234764606453
604,100,150,170.53767779197437,4.001817454143565
604,100,120,189.4623222080256,4.314015978934908
604,20,2220,197.3540246362613,11.40343851308858
604,20,2268,199.29004621918872,14.613531103735925
604,20,2442,197.52556837372288,15.094590034220664
604,20,2412,196.69924423399362,14.60182728518958
604,20,1504,193.24051991518718,12.127950830953457
604,20,1519,196.3895403340348,12.30558690740927
604,20,1680,195.52411099675425,13.343958351621005
604,20,1472,228.3664606634298,8.479996182248096
604,20,1350,196.69924423399362,7.676695962434228
604,20,1320,188.13010235415598,14.629795472825121
604,20,2655,197.3540246362613,11.804968038197332
604,20,2790,198.43494882292202,14.054567378526132
604,20,2576,200.55604521958347,12.033808091996521
604,20,2491,200.22485943116808,14.56723505850114
604,20,2585,186.00900595749454,13.267342482321387
604,20,2816,199.98310652189997,7.962380891646004
604,20,2904,194.93141717813754,10.560663058680289
604,20,2772,195.94539590092288,11.030469529212906
604,20,3450,189.4623222080256,8.275867388160844
604,20,3196,195.94539590092288,10.041530881766231
604,20,2990,197.3540246362613,12.603800461834744
604,20,2944,209.05460409907712,13.727506854649334
604,20,2257,195.25511870305775,7.863278793787158
604,20,1938,199.98310652189997,8.481666601970742
604,20,2142,199.98310652189997,8.301205610439451
604,20,2244,197.10272896905238,9.007596363400957
604,20,2046,192.52880770915152,6.680829316878905
604,20,1824,195.25511870305775,7.917884896521792
604,20,1716,198.43494882292202,9.100079597606847
604,20,1584,192.09475707701208,9.482000704156524
604,20,1147,200.55604521958347,6.0595771243386745
604,20,1178,196.69924423399362,7.457361792078965
604,20,1365,246.80140948635182,5.180798031199938
604,20,1200,171.25383773744477,9.81563167012381
604,20,1170,192.52880770915152,6.229421930603302
604,20,1140,195.25511870305775,7.917884896521792
604,20,1110,198.43494882292202,9.166022203386607
604,20,1080,198.43494882292202,6.63414893741618
604,20,1353,186.3401917459099,6.3324371595366555
604,20,1610,201.80140948635182,3.8742192857082762
604,20,4020,194.03624346792648,5.609667517847157
604,20,4392,201.80140948635182,8.037559413633588
604,20,3726,183.36646066342982,11.992525609807325
604,20,3384,189.4623222080256,4.344830378784442
604,20,3381,165.9637565320735,5.609667517847157
604,20,3551,213.69006752597977,5.042729056592992
604,20,3819,188.13010235415598,4.944802665640193
604,20,4060,191.3099324740202,3.5908588123892846
604,20,3886,161.56505117707798,6.63414893741618
604,20,3640,189.4623222080256,4.40779893499871
604,20,3776,206.56505117707798,6.48135645652113
604,20,3720,189.4623222080256,4.082390959931691
604,20,3599,195.94539590092288,5.126837950197547
604,20,3410,215.53767779197437,5.734883511361751
604,20,3315,15.945395900922847,5.473766834045502
604,20,3174,170.53767779197437,3.8992067501911665
604,20,2600,198.43494882292202,7.354134093414835
604,20,2470,26.565051177077976,3.042269357142571
604,20,2340,270,0.7092198581560284
604,20,1419,259.695153531234,7.985957062499249
604,20,1560,270,0.7299270072992701
604,20,868,255.9637565320735,5.461067053798225
604,20,630,270,2.2556390977443606
604,20,741,180,2.631578947368421
604,20,540,0,2.8368794326241136
604,20,544,180,0.7462686567164178
604,20,646,180,2.112676056338028
604,20,612,0,0.7194244604316548
604,20,864,255.9637565320735,2.8240449490531923
604,20,2068,235.0079798014413,9.247390617980077
604,20,888,68.19859051364818,7.228409137093293
604,20,684,116.56505117707798,1.5746957588026689
604,20,648,180,0.7352941176470588
604,20,896,188.13010235415598,10.713739108887085
604,20,1224,184.08561677997486,9.613471813437123
604,20,504,197.10272896905238,10.968927829625358
604,20,2520,180,3.9735099337748347
604,20,2668,210.96375653207352,8.768348714053085
604,20,2867,195.94539590092288,4.789545979789814
604,20,3038,203.19859051364818,5.401257521889296
604,20,2976,196.69924423399362,7.791273514112351
604,20,3120,200.55604521958347,6.191307061824297
604,20,3081,191.3099324740202,3.4924791188991673
604,20,2923,189.4623222080256,4.253680091117635
604,20,2880,206.56505117707798,3.3625082368417893
604,20,2730,180,3.4246575342465753
604,20,2607,194.03624346792648,2.9035955109983522
604,20,2640,194.03624346792648,2.9035955109983522
604,20,2706,198.43494882292202,2.2587697572631282
604,20,2856,180,2.73972602739726
604,20,2822,206.56505117707798,1.6203391141302825
604,20,2772,180,0.6802721088435374
604,20,2838,180,0.6993006993006993
604,20,2838,180,2.158273381294964
604,20,2739,206.56505117707798,1.5421158465515792
604,20,2640,180,1.4285714285714286
604,20,2584,206.56505117707798,3.312693299999689
604,20,2448,180,0.6896551724137931
604,20,2346,191.3099324740202,3.565747911603346
604,20,2142,165.9637565320735,2.9450754468697578
604,20,1972,225,1.950639396376683
604,20,1836,198.43494882292202,2.2269560987101262
604,20,1700,180,0.7092198581560284
604,20,1632,206.56505117707798,1.5315534092464314
604,20,1610,180,2.18978102189781
604,20,1610,206.56505117707798,1.5971914124998499
604,20,1656,225,0.936565273094765
604,20,1330,45,2.1107665110046194
604,20,1476,203.19859051364818,5.288731323516603
604,20,1470,198.43494882292202,2.1659436028550543
604,20,1365,270,0.7246376811594203
604,20,1517,189.4623222080256,4.1950086415849785
604,100,3600,209.7448812969422,6.061847931051541
604,100,3750,192.52880770915152,6.632765796613588
604,100,3876,192.52880770915152,6.402461428675616
604,100,3978,187.1250163489018,5.637942481327657
604,100,4240,198.43494882292202,6.776309271789384
604,100,4368,194.03624346792648,8.03202394600843
604,100,4472,194.03624346792648,6.294817749034596
604,100,4524,198.43494882292202,6.680868296130379
604,100,4895,187.1250163489018,5.717913296665637
604,100,4524,323.13010235415595,3.546099290780142
604,100,4680,193.24051991518718,11.96181451820067
604,100,4784,195.94539590092288,5.126837950197547
604,20,396,206.56505117707798,22.521547974818027
604,20,240,246.03751102542182,22.049681645812175
604,20,152,191.3099324740202,3.7219120537173613
604,20,133,206.56505117707798,6.528665627736613
604,20,4661,201.80140948635182,4.048996095589852
604,20,4720,201.80140948635182,3.8192658206627685
604,20,4920,206.56505117707798,2.9229646764703134
604,20,4536,203.96248897457818,7.405156241951957
604,20,4293,195.94539590092288,5.275441948753999
604,20,4399,201.80140948635182,3.5197155602186303
604,20,4346,198.43494882292202,4.902756062276557
604,20,4293,195.94539590092288,4.789545979789814
604,20,4399,200.55604521958347,5.892416376081055
604,20,4536,201.80140948635182,4.2739403231226225
604,20,4590,195.94539590092288,4.885979791463435
604,20,4698,198.43494882292202,4.422765958277454
604,20,4895,192.52880770915152,6.538684012264459
604,20,4950,204.44395478041653,8.569536151485513
604,20,374,225,1.9372788525658837
604,20,352,225,1.032272673265033
604,20,330,225,2.0203050891044216
604,20,330,171.86989764584405,4.682826365473825
604,20,322,153.43494882292202,3.1943828249996997
604,20,276,198.43494882292202,2.3599087016181937
604,20,231,296.565051177078,4.6584749531245615
604,20,231,225,5.81183655769765
604,20,252,180,5.797101449275362
604,20,252,194.03624346792648,2.8435211211156277
604,20,252,201.80140948635182,3.792369582489087
604,20,4788,151.18920625702697,15.633852343168941
604,20,4345,139.3987053549955,13.36165863375781
604,20,3888,135,5.014941710542891
604,20,2322,138.81407483429035,14.079663328125363
604,20,2184,147.52880770915152,9.05444778500368
604,20,1800,135,12.297509238026914
604,20,4233,150.2551187030578,10.82182248093765
604,20,3552,145.30484646876602,11.37509949700856
604,20,2944,147.99461679191648,6.787036785652233
604,20,2226,144.46232220802563,5.812381937190964
604,20,1505,151.3895403340348,8.466191950095721
604,20,1404,143.9726266148964,10.382801915065224
604,20,1152,142.43140797117252,11.311185839211536
604,20,2597,145.30484646876602,11.457527754233258
604,20,2392,145.30484646876602,10.756046463157752
604,20,1786,143.9726266148964,9.78523058182406
604,20,3200,147.91781284393397,13.995736795376434
604,20,1596,153.43494882292202,8.343537229476826
604,20,1258,145.84030545433058,11.790191160758628
604,20,3200,133.60281897270363,21.48148148148148
604,20,2448,158.19859051364824,11.377108747467261
604,20,3575,128.65980825409008,4.297398817069026
604,20,2408,148.5704343851615,15.06787364980642
604,20,1800,135,7.802557585506732
604,20,1196,150.9453959009229,13.727506854649334
604,20,840,152.8503183022168,15.93789600058991
604,20,741,147.0947570770121,14.888571125968078
604,20,540,158.96248897457815,9.672491859155638
604,100,4277,198.43494882292202,4.7553047521329015
604,100,4656,161.56505117707798,4.485500227189191
604,100,4512,198.43494882292202,4.302418585263101
604,100,4324,225,3.0968180197950983
604,100,4140,123.69006752597977,5.225436631107231
604,100,4300,230.1944289077348,5.313095017623574
604,100,4386,185.19442890773482,7.314808620653815
604,100,4150,198.43494882292202,4.865042554105199
604,20,330,347.4711922908485,6.314756477597867
604,20,570,157.89055165624836,23.820573847131783
604,20,504,215.53767779197437,6.2790695379873185
604,100,1060,165.9637565320735,3.0095661500858837
604,100,1020,326.30993247402023,2.5939217809093447
604,100,1380,116.56505117707798,6.254735601398013
604,100,624,258.69006752597977,17.2264172756513
604,100,196,161.56505117707798,4.216370213557839
604,100,513,180,3.571428571428571
604,100,450,161.56505117707798,2.1223340001130064
604,100,520,171.25383773744477,9.1978646419342
604,100,448,231.3401917459099,4.606564199591977
604,100,364,206.56505117707798,1.5315534092464314
604,100,546,180,2.6490066225165565
604,100,264,149.0362434679265,11.6619037896906
604,100,176,210.96375653207352,4.520117747942094
604,100,161,141.34019174590992,4.240479627438972
604,100,150,194.03624346792648,3.2211762700137974
604,100,315,191.3099324740202,3.3993463423951895
604,100,175,153.43494882292202,1.5421158465515792
604,100,368,288.434948822922,4.7553047521329015
604,100,60,116.56505117707798,3.105649968749708
604,100,722,278.5307656099481,14.343083983089846
604,100,504,206.56505117707798,1.6086819982012877
604,100,432,180,1.4705882352941175
604,100,390,251.56505117707798,2.211382979138727
604,100,364,90,2.0408163265306123
604,100,338,270,3.3112582781456954
604,100,312,330.25511870305775,6.398617260554404
604,100,476,315,5.582421956735901
604,100,312,288.434948822922,4.3318872057101085
604,100,312,270,3.007518796992481
604,100,341,180,1.6835016835016834
604,100,300,180,2.5454545454545454
604,100,243,262.8749836510982,5.637942481327657
604,100,290,206.56505117707798,3.042269357142571
604,100,248,180,2.6490066225165565
604,100,256,225,3.367175148507369
604,100,304,194.03624346792648,2.7858821794713924
604,100,350,161.56505117707798,2.2587697572631282
604,100,406,199.98310652189997,8.934885428030249
604,100,336,254.05460409907715,5.126837950197547
604,100,697,284.03624346792645,6.294817749034596
604,100,585,310.6012946450045,6.4926369417555545
604,100,648,316.46880071438585,20.283991506079
604,100,203,258.69006752597977,10.477437356697504
604,100,814,233.13010235415598,3.4482758620689653
604,100,1012,315,2.82842712474619
604,100,836,35.537677791974374,6.325239166943108
604,100,720,345.96375653207355,2.8048337589235786
604,100,700,0,4.615384615384616
604,100,360,49.39870535499551,6.358306522270957
604,100,420,300.9637565320735,4.106304151299508
604,100,364,45,1.87313054618953
604,100,420,350.5376777919744,4.001817454143565
604,100,390,348.69006752597977,4.3581363364040895
604,100,216,195.94539590092288,5.020765440883116
604,100,112,123.69006752597977,4.905511939406788
604,100,72,225,1.032272673265033
604,100,240,175.91438322002512,20.050955496597428
604,100,171,198.43494882292202,2.3082318687360432
604,100,264,140.19442890773485,5.349486079388119
604,100,200,285.94539590092285,5.392673992059643
604,100,247,172.8749836510982,11.12035551489455
604,20,2960,191.3099324740202,3.5165651817881276
604,20,2960,206.56505117707798,1.6687074458953657
604,20,2925,180,2.684563758389262
604,20,2812,206.56505117707798,1.552824984374854
604,20,2775,180,2.097902097902098
604,20,2700,206.56505117707798,1.6441676305145512
604,20,2625,191.3099324740202,3.4452834551302596
604,20,2508,206.56505117707798,1.6563466499998445
604,20,2584,180,2
604,20,2541,194.03624346792648,2.9662630400127057
604,20,2640,180,1.935483870967742
604,20,2739,191.3099324740202,3.862893570903625
604,20,2838,194.03624346792648,2.92418838696288
604,20,2848,191.3099324740202,3.80523844297969
604,20,2635,180,2.4691358024691357
604,20,2573,194.03624346792648,3.123564867892167
604,20,2520,191.3099324740202,3.80523844297969
604,20,2573,180,2.73972602739726
604,20,2340,200.55604521958347,5.5480543800763185
604,20,2336,180,1.550387596899225
604,20,1890,180,2.684563758389262
604,20,1590,206.56505117707798,3.0842316931031584
604,20,1363,180,2.9850746268656714
604,20,1650,90,0.6993006993006993
604,20,1408,206.56505117707798,4.757591441488914
604,20,4543,206.56505117707798,10.86977489062398
604,20,3381,198.43494882292202,4.6164637374720865
604,20,3657,191.3099324740202,3.6949416765165104
604,20,3864,195.94539590092288,4.578685464956301
604,20,4464,191.3099324740202,3.9836089949943627
604,20,5005,180,4.10958904109589
604,20,3850,210.25643716352926,10.066988398152033
604,20,3332,203.96248897457818,6.699903266527962
604,20,2992,225,10.475656017578482
604,20,2856,195.94539590092288,5.126837950197547
604,20,2940,175.6012946450045,8.992003317520895
604,20,4144,188.7461622625552,9.262638336595707
604,20,2480,194.03624346792648,5.609667517847157
604,20,2480,200.55604521958347,6.016904045998261
604,20,2440,195.94539590092288,5.353021977412146
604,20,2501,189.4623222080256,4.137933694080422
604,20,2460,195.94539590092288,5.275441948753999
604,20,3080,225,1.9641855032959656
604,20,2772,192.52880770915152,6.538684012264459
604,20,2898,187.1250163489018,5.484529080475204
604,20,2730,195.94539590092288,5.23748912897879
604,20,2604,201.03751102542182,9.740131662366517
604,20,2665,195.94539590092288,5.090985936559803
604,20,2460,195.94539590092288,4.918993168432782
604,20,2419,195.25511870305775,8.770580193070291
604,100,3196,188.13010235415598,5.0870991452269605
604,100,3149,198.43494882292202,4.3318872057101085
604,100,3102,195.94539590092288,5.353021977412146
604,100,3264,194.03624346792648,2.9877576997229425
604,100,3243,195.94539590092288,4.9524557069935495
604,100,3290,195.94539590092288,5.126837950197547
604,100,3384,206.56505117707798,7.355486768091414
604,100,3312,203.19859051364818,5.5186761636694985
604,100,3375,195.94539590092288,5.473766834045502
604,100,3300,206.56505117707798,4.502150290268033
604,100,3182,195.94539590092288,5.090985936559803
604,100,3157,190.30484646876602,7.657767046232157
604,100,3160,206.56505117707798,6.674829783581463
604,20,285,194.03624346792648,2.767184983636014
604,20,342,161.56505117707798,2.1808811449437098
604,20,570,165.9637565320735,3.0769444967295976
604,20,493,90,0.6993006993006993
604,20,480,225,5.014941710542891
604,20,448,165.9637565320735,5.84837677392576
604,20,570,164.0546040990771,5.020765440883116
604,100,448,236.3099324740202,2.503855052405548
604,20,156,189.4623222080256,4.0551750201988135
604,20,3432,201.80140948635182,3.9022933385032634
604,20,3432,187.1250163489018,5.637942481327657
604,20,3555,198.43494882292202,6.728250340783785
604,20,3588,195.94539590092288,4.821264827338092
604,20,3645,191.3099324740202,7.78476261617219
604,20,3600,206.56505117707798,1.5211346785712856
604,20,3555,203.19859051364818,5.5589584714335105
604,20,3432,26.565051177077976,3.2173639964025753
604,20,3268,185.19442890773482,7.463081768369771
604,20,3034,198.43494882292202,9.035079029052513
604,20,2952,195.94539590092288,5.1631985030358285
604,20,1715,116.56505117707798,6.084538714285142
604,20,990,234.46232220802563,12.377446427399462
604,20,810,195.94539590092288,5.126837950197547
604,20,1085,180,10.948905109489052
604,20,3825,189.4623222080256,4.137933694080422
604,20,4004,198.43494882292202,4.6164637374720865
604,20,4134,180,1.3793103448275863
604,20,4134,201.80140948635182,3.7658495154786737
604,20,4187,198.43494882292202,4.244668000226013
604,20,4320,206.56505117707798,3.1493915176053378
604,20,4428,191.3099324740202,3.7219120537173613
604,20,4482,213.69006752597977,2.486587086526889
604,20,4565,194.03624346792648,3.123564867892167
604,20,4565,206.56505117707798,1.49071198499986
604,20,4455,194.03624346792648,2.748737083745107
604,20,4640,180,0.78125
604,20,4503,90,0.6578947368421052
604,20,4503,206.56505117707798,1.552824984374854
604,20,4446,270,0.7633587786259541
604,20,4524,180,1.3245033112582782
604,20,4466,225,1.0029883421085781
604,20,4332,180,1.5037593984962405
604,20,4332,198.43494882292202,2.2427501135945955
604,20,4446,270,0.6211180124223602
604,20,4235,194.03624346792648,3.272306052077508
604,20,4235,206.56505117707798,1.5007167634226777
604,20,3318,180,3.6231884057971016
604,20,3440,180,1.9867549668874174
604,20,4116,164.0546040990771,5.126837950197547
604,20,4510,168.69006752597977,3.80523844297969
604,20,4872,213.69006752597977,7.617361849571809
604,20,4300,195.25511870305775,8.202700899993797
604,20,3910,198.43494882292202,4.273348189416729
604,20,3696,195.94539590092288,10.865835655642563
604,20,3444,161.56505117707798,2.1223340001130064
604,20,3444,188.13010235415598,5.014941710542891
604,20,3159,194.03624346792648,6.019132300171767
604,20,2926,194.03624346792648,2.8048337589235786
604,20,2698,206.56505117707798,1.6321664069341533
604,20,3198,180,5.633802816901409
604,20,3239,194.03624346792648,3.147408874517298
604,20,3486,195.94539590092288,4.9524557069935495
604,20,3362,192.52880770915152,6.4926369417555545
604,20,3321,189.4623222080256,4.439972649852715
604,20,3696,194.03624346792648,2.8048337589235786
604,20,3520,187.1250163489018,5.598790102985104
604,20,3600,191.3099324740202,3.565747911603346
604,20,3382,191.3099324740202,3.6163258961650957
604,20,3458,188.13010235415598,4.944802665640193
604,20,3276,180,2.9197080291970803
604,20,3168,180,2.564102564102564
604,20,2856,191.3099324740202,3.80523844297969
604,20,2560,180,1.25
604,20,2190,180,3.389830508474576
604,20,1904,26.565051177077976,4.47213595499958
604,20,1664,206.56505117707798,4.969039949999533
604,20,1586,186.3401917459099,6.3324371595366555
604,20,1508,194.03624346792648,5.7665812945701544
604,100,2775,192.9946167919165,9.882714121575061
604,100,2627,198.43494882292202,4.5830111016933035
604,100,2736,195.94539590092288,9.972753272987012
604,100,2698,195.25511870305775,8.383642831611308
604,100,2660,196.69924423399362,7.250212853410104
604,100,2613,180,2.7777777777777777
604,100,2405,270,1.4184397163120568
604,100,2294,192.9946167919165,9.46217309512506
604,100,2356,199.65382405805332,9.910712498212337
604,20,4488,147.52880770915152,20.695880651436983
604,20,3969,158.7494944928668,13.228224599882168
604,20,3619,154.98310652190003,11.575486263808985
604,20,3300,158.7494944928668,13.4119499415472
604,20,2870,143.9726266148964,9.715336077668175
604,20,2583,147.52880770915152,8.63470517245384
604,20,924,147.72435568542238,15.937734081024276
604,20,837,154.79887635452496,13.516758437450314
604,20,736,144.46232220802563,11.865276230403623
604,20,638,161.56505117707798,13.45650068156757
604,20,3848,145.17551084304318,18.93098071097554
604,20,3128,156.03751102542185,12.874323923916474
604,20,2835,149.0362434679265,12.318912453898522
604,20,2420,142.43140797117252,11.550154554124456
604,20,1886,154.79887635452496,13.325031367415557
604,20,1221,138.81407483429035,7.539110505485567
604,20,4284,138.81407483429035,14.662270086530551
604,20,4560,172.8749836510982,10.538899017383724
604,20,3876,132.51044707800088,12.522169689307466
604,20,3136,150.9453959009229,7.149743153463195
604,20,2303,143.13010235415595,6.493506493506493
604,20,2016,140.71059313749964,10.527904002631033
604,20,3055,154.44003482817618,18.474708382582552
604,20,2700,155.22485943116806,18.59457280944981
604,20,1665,149.53445508054017,14.396410892931403
604,20,2968,147.20046872738078,12.306904656849813
604,20,2444,135,7.6964003394454155
604,20,2200,151.18920625702697,16.540162623932357
604,20,3016,141.84277341263095,12.80898835594594
604,20,2295,127.8749836510982,7.973254720972993
604,20,2009,146.30993247402023,10.375687123637379
604,20,2597,137.72631099390628,10.323658852304519
604,20,2392,135,8.963325395322434
604,20,2214,151.3895403340348,9.281454878623457
604,20,4263,150.9453959009229,13.458340053577778
604,20,3936,146.30993247402023,10.527157008653983
604,20,3450,153.43494882292202,13.879042618964213
604,20,3015,143.9726266148964,10.226669555440184
604,20,2464,143.9726266148964,9.578500358264396
604,20,1755,131.18592516570965,7.486018177982149
604,100,161,14.036243467926454,5.84837677392576
604,100,161,341.565051177078,4.244668000226013
604,100,154,338.1985905136482,3.4968602643730544
604,100,105,333.434948822922,4.79157423749955
604,100,1173,180,6.0606060606060606
604,100,1272,150.2551187030578,6.01661025992429
604,100,1320,270,1.3888888888888888
604,100,1056,212.00538320808352,6.597189602836785
604,100,1029,145.00797980144137,8.360654531324453
604,100,1008,191.3099324740202,3.862893570903625
604,100,1060,225,6.34583008757158
604,20,231,161.56505117707798,6.410022284125093
604,20,192,180,4.580152671755725
604,20,248,180,3.2467532467532463
604,20,490,188.7461622625552,9.88943341200444
604,20,360,141.34019174590992,4.21258173515319
604,20,408,209.7448812969422,5.758755534498964
604,100,288,165.9637565320735,6.247129735784334
604,100,288,159.44395478041656,6.191307061824297
604,100,495,203.96248897457818,6.005401098656161
604,100,252,201.80140948635182,3.542871583641121
604,100,232,213.69006752597977,5.150787536377127
604,100,224,161.56505117707798,2.3956648940669543
604,100,666,160.01689347809997,8.481666601970742
604,100,396,165.9637565320735,2.5140887961083296
604,100,372,180,5.303030303030303
604,100,300,188.13010235415598,5.276916277511549
604,100,290,194.03624346792648,2.86326779556782
604,100,320,171.86989764584405,4.944802665640193
604,100,380,189.4623222080256,4.166275705683712
604,100,310,206.56505117707798,3.3879817840905906
604,100,666,143.13010235415595,6.41025641025641
604,100,455,243.43494882292202,5.409841881047878
604,100,384,201.80140948635182,3.542871583641121
604,100,490,180,2.666666666666667
604,100,403,350.5376777919744,4.905453653466306
604,100,665,345.96375653207355,8.137708471613802
604,100,648,243.43494882292202,1.49071198499986
604,100,1180,255.9637565320735,3.0769444967295976
604,100,4080,21.801409486351815,7.376938091965074
604,100,3900,296.565051177078,1.5636839003495033
604,100,3196,270,0.6622516556291391
604,100,2745,180,1.4084507042253522
604,100,3180,75.96375653207355,2.8832906472850772
604,100,3540,225,1.9918500878494296
604,100,3248,326.30993247402023,2.7735009811261455
604,100,3599,243.43494882292202,1.3888620978259565
604,100,3306,270,3.225806451612903
604,100,3192,270,3.571428571428571
604,100,3720,243.43494882292202,1.5007167634226777
604,100,3422,180,0.7042253521126761
604,100,3540,59.03624346792651,4.3514566379442545
604,100,3654,206.56505117707798,1.6687074458953657
604,100,4032,45,4.561979233461598
604,100,3477,180,3.6764705882352944
604,100,3348,270,2.0689655172413794
604,100,3355,75.96375653207355,5.6480898981063845
604,100,3192,225,2.0348396580907844
604,100,3480,69.44395478041656,5.892416376081055
604,100,3024,198.43494882292202,2.3252041618885144
604,100,217,302.0053832080835,7.040284426907912
604,100,300,58.73626830562256,22.590812902288548
604,100,798,296.565051177078,3.021713483107824
604,100,741,7.125016348901795,6.154395227708816
604,100,987,0,2.666666666666667
604,100,738,15.945395900922847,4.63701266833154
604,100,684,333.434948822922,1.8032806270159594
604,100,836,308.6598082540901,4.446614053772811
604,100,666,315,4.745683095211729
604,100,595,36.86989764584405,3.7037037037037033
604,100,561,333.434948822922,3.0631068184928627
604,100,496,348.69006752597977,3.6421567954234173
604,100,450,45,4.099169746008972
604,100,570,0,2.797202797202797
604,20,546,138.81407483429035,7.382045703287951
604,100,928,187.1250163489018,5.560177757447275
604,100,660,315,1.0174198290453922
604,100,918,187.1250163489018,5.677646301618696
604,100,930,26.565051177077976,6.625386599999378
604,100,350,168.69006752597977,3.4924791188991673
604,100,400,341.565051177078,2.2587697572631282
604,100,783,353.6598082540901,6.561873288505375
604,100,638,45,0.9889605331280386
604,100,560,352.8749836510982,5.3392435419195685
604,100,416,348.69006752597977,1.7954294061946423
604,100,375,341.565051177078,2.3956648940669543
604,100,350,326.30993247402023,4.905511939406788
604,100,392,326.30993247402023,2.521364528296496
604,100,364,18.434948822922024,2.2750198994017117
604,100,350,0,3.6231884057971016
604,100,350,0,1.9736842105263157
604,100,350,0,2.2058823529411766
604,100,392,315,1.8982732380846916
604,100,270,26.565051177077976,3.312693299999689
604,100,171,291.8014094863518,3.688469045982537
604,100,200,14.036243467926454,2.9450754468697578
604,100,308,0,0.7246376811594203
604,100,308,315,0.9889605331280386
604,100,1260,158.19859051364824,3.5663343093605984
604,100,576,348.69006752597977,3.9527283051106856
604,100,945,194.03624346792648,1.9266848717839533
604,100,936,71.56505117707798,2.1512092926315507
604,100,1032,296.565051177078,3.2173639964025753
604,100,1150,350.5376777919744,4.40779893499871
604,100,1200,0,0.6578947368421052
604,100,1012,248.19859051364818,8.15934061687046
604,100,990,50.19442890773479,5.461713060074583
604,100,1155,11.30993247402023,3.4687207575461123
604,20,176,201.80140948635182,3.7396977827322946
604,20,1632,195.25511870305775,8.029404402106605
604,20,1908,192.09475707701208,10.375232654548082
604,20,1702,192.09475707701208,9.609275881393526
604,20,2756,175.6012946450045,8.93041425370226
604,20,3162,180,4.964539007092199
604,20,4087,191.3099324740202,7.336718724593934
604,20,2700,202.38013505195957,12.5066505515988
604,20,2254,209.7448812969422,5.884859670290911
604,20,918,122.00538320808352,6.936750832394561
604,20,180,348.69006752597977,3.565747911603346
604,20,2924,196.69924423399362,7.30091364259479
604,20,2992,203.96248897457818,7.241807207203017
604,20,3124,194.03624346792648,5.687042242231255
604,20,3036,198.43494882292202,6.825059698205135
604,20,3504,191.3099324740202,7.181717624778569
604,20,3431,192.52880770915152,6.105658580988667
604,20,3358,206.56505117707798,8.343537229476826
604,20,3375,195.94539590092288,4.9524557069935495
604,20,3285,296.565051177078,3.2173639964025753
604,20,3300,184.08561677997486,10.097603487495107
604,20,3212,213.69006752597977,5.187843561818689
604,20,3192,188.7461622625552,9.1978646419342
604,100,3243,198.43494882292202,6.92469560620813
604,100,3290,206.56505117707798,3.0631068184928627
604,100,3384,200.55604521958347,5.892416376081055
604,20,3552,203.19859051364818,5.5186761636694985
604,20,3648,200.55604521958347,5.658280626038099
604,20,3666,195.94539590092288,5.473766834045502
604,20,3666,189.4623222080256,4.028319556488888
604,20,3713,194.03624346792648,6.019132300171767
604,20,3760,198.43494882292202,2.3956648940669543
604,20,3936,194.03624346792648,5.534369967272028
604,20,3713,180,1.3793103448275863
604,20,3936,198.43494882292202,7.027283689263066
604,20,3696,189.4623222080256,4.001817454143565
604,20,3969,195.94539590092288,5.515234764606453
604,20,4482,191.3099324740202,10.926470386270253
604,20,3233,209.5114985570903,10.57318748512855
604,20,2989,212.00538320808352,6.98813417189378
604,20,2835,174.2894068625003,6.69991708074726
604,20,2666,198.43494882292202,6.975612485665543
604,20,2624,197.10272896905238,9.715336077668175
604,20,3154,344.74488129694225,7.756295408837673
604,20,2835,18.434948822922024,4.7553047521329015
604,20,2100,15.945395900922847,10.706043954824292
604,20,2397,156.03751102542185,14.59090044710534
604,20,3780,165.9637565320735,5.84837677392576
604,20,2585,143.13010235415595,14.184397163120568
604,20,3240,180,3.5211267605633805
604,20,2760,140.19442890773485,5.461713060074583
604,20,2420,161.56505117707798,8.267392575603607
604,20,2408,155.22485943116806,9.874359353983692
604,20,2376,143.13010235415595,7.8125
604,20,2145,149.0362434679265,7.672305124796448
604,20,1472,143.74616226255523,12.828327750164329
604,20,3750,150.64224645720873,12.92785897935621
604,20,3380,160.70995378081125,15.13544292886935
604,20,3050,140.71059313749964,10.008922819402743
604,20,3172,158.19859051364824,10.628614750923363
604,20,4293,135,5.619391638568589
604,20,3550,148.39249775375112,11.141852206185217
604,20,2880,150.9453959009229,7.301865348217731
604,20,3504,143.61564818416412,16.50408912056776
604,100,341,243.43494882292202,6.434727992805151
604,100,286,163.30075576600643,7.30091364259479
604,100,286,188.13010235415598,4.745683095211729
604,100,286,206.56505117707798,3.240678228260565
604,100,260,147.52880770915152,9.05444778500368
604,100,270,213.69006752597977,5.042729056592992
604,100,297,171.86989764584405,14.73139127471974
604,100,243,165.9637565320735,5.7665812945701544
604,100,240,187.1250163489018,5.410911240468825
604,100,264,203.19859051364818,5.32571545864609
604,100,216,147.99461679191648,6.98813417189378
604,100,216,171.86989764584405,4.621612948931683
604,100,252,180,5.594405594405594
604,100,1564,156.03751102542185,6.395362208958509
604,100,644,11.30993247402023,3.4687207575461123
604,100,812,9.462322208025626,4.5057500224431255
604,100,663,29.744881296942253,5.884859670290911
604,100,650,330.25511870305775,5.201456611805515
604,100,700,20.55604521958344,6.1028598180839495
604,100,650,327.5288077091515,19.034167606431094
604,100,494,315,2.0348396580907844
604,100,442,90,2.857142857142857
604,100,384,284.03624346792645,5.461067053798225
604,100,286,206.56505117707798,1.5315534092464314
604,100,1462,180,2.857142857142857
604,100,1408,169.69515353123393,7.818419501747517
604,100,1290,198.43494882292202,2.3082318687360432
604,100,1634,239.03624346792648,4.194929420752016
604,100,1411,225,3.030457633656632
604,100,1215,158.19859051364824,7.4278135270820735
604,100,1512,235.30484646876602,11.457527754233258
604,100,1625,225,2.7549614851423927
604,100,1876,180,5.6000000000000005
604,100,2700,147.52880770915152,8.63470517245384
604,100,2867,194.03624346792648,11.296179796212769
604,100,1711,189.4623222080256,4.539375022610612
604,100,1711,63.434948822922024,1.5211346785712856
604,100,1755,199.98310652189997,8.481666601970742
604,100,260,140.19442890773485,4.881406047441659
604,100,400,230.1944289077348,5.962022653363858
604,100,128,206.56505117707798,6.2987830352106755
604,100,91,194.03624346792648,2.9035955109983522
604,20,280,118.30075576600638,9.909277221633154
604,20,280,180,4.895104895104895
604,20,320,194.03624346792648,6.108304630544683
604,20,310,206.56505117707798,5.845929352940627
604,20,330,165.9637565320735,8.649871941855231
604,100,330,216.86989764584402,3.731343283582089
604,100,320,189.4623222080256,4.376088151293683
604,100,374,149.0362434679265,8.270853751553618
604,100,319,315,6.017930052651468
604,100,224,21.801409486351815,3.66337741981939
604,100,182,326.30993247402023,7.5640935848894895
604,100,264,9.462322208025626,4.082390959931691
604,100,336,213.69006752597977,2.631789252163496
604,100,252,150.9453959009229,8.171135032529365
604,20,208,174.2894068625003,7.027885049734888
604,100,608,39.80557109226521,5.461713060074583
604,100,528,329.03624346792645,4.135426875776809
604,100,480,315,1.0475656017578483
604,100,380,33.69006752597977,2.4198330707812006
604,100,460,18.434948822922024,2.1366740947083644
604,100,546,225,3.1426968052735442
604,100,450,350.5376777919744,4.166275705683712
604,100,425,135,5.050762722761054
604,100,312,26.565051177077976,4.826045994603863
604,100,231,63.434948822922024,3.021713483107824
604,100,171,315,2.049584873004486
604,100,152,90,2.7777777777777777
604,100,375,326.30993247402023,5.007710104811096
604,100,198,90,1.342281879194631
604,100,168,45,1.0174198290453922
604,100,96,315,2.987775131774144
604,100,425,264.28940686250036,14.356965173029842
604,100,152,24.44395478041656,8.692838829924153
604,100,105,77.47119229084848,6.229421930603302
604,100,759,194.03624346792648,2.9877576997229425
604,100,1715,270,3.4722222222222223
604,100,989,38.65980825409008,4.446614053772811
604,100,920,45,0.9491366190423458
604,100,880,63.434948822922024,3.2173639964025753
604,100,1517,312.2736890060937,11.26217329342311
604,100,475,326.30993247402023,2.436183294232425
604,100,460,50.19442890773479,5.6188846589256505
604,20,50,90,0.6944444444444444
604,20,32,56.30993247402023,2.5939217809093447
604,100,896,260.5376777919744,13.720516985635081
604,100,231,90,5.797101449275362
604,100,240,270,2.2388059701492535
604,100,200,90,5.69620253164557
604,100,119,250.01689347810003,8.360499936228303
604,100,385,63.434948822922024,3.240678228260565
604,100,270,260.5376777919744,4.001817454143565
604,100,200,257.4711922908485,6.538684012264459
604,100,315,90,3.0534351145038165
604,100,216,270,1.3793103448275863
604,100,288,277.1250163489018,5.800185430430611
604,100,348,303.69006752597977,2.486587086526889
604,20,300,45,1.0553832555023097
604,20,290,90,0.6329113924050633
604,100,286,198.43494882292202,15.588692690970884
604,100,253,170.53767779197437,4.376088151293683
604,100,324,159.44395478041656,6.376122197998157
604,100,324,161.56505117707798,6.324555320336758
604,100,208,219.80557109226518,5.461713060074583
604,20,325,164.74488129694225,8.572747557136376
604,20,275,221.98721249581664,8.679757449724974
604,20,1815,194.03624346792648,11.69675354785152
604,20,1848,201.80140948635182,11.297548546436023
604,20,2030,195.94539590092288,13.82299346065921
604,20,2220,194.03624346792648,13.089224208310032
604,20,1995,199.29004621918872,14.317310878660198
604,20,2867,195.94539590092288,10.11126373511183
604,20,2773,195.94539590092288,10.550883897507997
604,20,2430,200.55604521958347,11.468461403110778
604,20,2303,191.3099324740202,14.997116216449365
604,20,1980,198.43494882292202,11.541159343680215
604,20,1935,195.52411099675425,11.975347238634235
604,20,1924,195.25511870305775,8.322448358387868
604,20,1924,196.69924423399362,7.565439499210544
604,20,1800,199.98310652189997,8.072206834979053
604,20,1872,198.43494882292202,9.166022203386607
604,20,2847,216.86989764584402,3.546099290780142
604,20,2128,195.94539590092288,15.166895602667745
604,20,2090,191.3099324740202,11.084825029549533
604,20,1998,199.98310652189997,8.185104832671067
604,20,4218,195.25511870305775,7.973254720972993
604,20,4144,196.69924423399362,7.250212853410104
604,20,4148,192.09475707701208,10.154483023600251
604,20,4774,195.94539590092288,4.727344083948388
604,20,3886,199.44003482817618,13.554704043097704
604,20,3712,201.03751102542182,10.241461968517735
604,20,3843,191.3099324740202,10.926470386270253
604,20,464,219.80557109226518,5.700912172194638
604,20,532,186.70983680775691,10.97259151834852
604,20,476,198.43494882292202,8.971000454378382
604,20,434,191.97613244420336,11.920231656136396
604,20,1408,198.43494882292202,6.975612485665543
604,20,1364,198.43494882292202,6.241337487174433
604,20,1376,195.25511870305775,7.973254720972993
604,20,1496,203.96248897457818,7.085509209925254
604,20,2070,198.43494882292202,4.3617622898874195
604,20,1496,168.69006752597977,3.862893570903625
604,20,1440,203.19859051364818,10.291585278194471
604,20,1680,197.10272896905238,9.128503697137882
604,20,1452,99.46232220802563,4.539375022610612
604,20,1376,195.25511870305775,7.756295408837673
604,20,1462,225,4.099169746008972
604,100,1302,203.19859051364818,5.216282949221855
604,100,700,318.81407483429035,7.539110505485567
604,100,450,213.69006752597977,7.781765342728035
604,100,378,195.94539590092288,5.090985936559803
604,20,252,191.3099324740202,7.232651792330191
604,20,140,23.198590513648185,15.97714637593827
604,100,520,180,7.971014492753622
604,100,520,198.43494882292202,6.588078458684124
604,100,629,187.1250163489018,5.758755534498964
604,20,3016,206.56505117707798,6.254735601398013
604,20,2548,192.9946167919165,8.894442709417556
604,20,2548,196.69924423399362,7.511011876914066
604,20,2256,200.55604521958347,5.696002496878354
604,20,2068,192.9946167919165,10.107321260701768
604,20,1880,201.80140948635182,7.277249739370951
604,20,1692,206.56505117707798,7.76412492187427
604,20,1656,190.30484646876602,8.281733249999222
604,20,1518,188.13010235415598,4.843197131414709
604,20,2193,194.03624346792648,11.614382043993409
604,20,1848,198.00416160591337,7.431003832089432
604,20,3350,204.44395478041653,8.692838829924153
604,20,2820,219.47245984834382,16.07497485076295
604,20,2376,165.9637565320735,2.8240449490531923
604,20,2132,198.43494882292202,9.035079029052513
604,20,2028,198.43494882292202,8.971000454378382
604,20,1850,203.96248897457818,6.479511711707964
604,20,1820,201.80140948635182,7.919360010491918
604,20,1700,198.43494882292202,4.302418585263101
604,20,1750,180,9.15492957746479
604,100,728,145.61965527615513,16.804181654337718
604,20,2160,203.96248897457818,14.699787763874783
604,20,2394,201.80140948635182,15.277063282651074
604,20,700,21.801409486351815,7.584739164978174
604,20,700,8.130102354155952,5.237828008789241
604,20,684,18.434948822922024,4.216370213557839
604,20,105,16.699244233993625,7.150894869116815
604,20,102,18.434948822922024,2.2269560987101262
604,20,2109,195.94539590092288,15.062296322649349
604,20,2479,195.0684881594922,18.442345229912686
604,20,1890,198.43494882292202,14.054567378526132
604,20,2565,155.22485943116806,9.874359353983692
604,20,3479,148.39249775375112,10.600234390606769
604,20,2646,143.9726266148964,10.304144324799578
604,20,1548,135,5.772300254584061
604,20,1287,169.38034472384493,10.78067589145676
604,20,1254,143.13010235415595,11.11111111111111
604,20,1085,142.43140797117252,11.632070543870018
604,20,3135,153.43494882292202,8.220838152572757
604,20,2640,141.34019174590992,4.639945099589021
604,20,2376,130.6012946450045,5.798455633517539
604,20,2132,155.22485943116806,11.363350050219328
604,100,4032,0,5.633802816901409
604,100,2070,273.81407483429035,11.053894395862432
604,100,1066,45,2.905918278848825
604,100,260,257.4711922908485,13.170777796132697
604,20,2107,135,8.900644798152346
604,20,1800,139.76364169072622,12.163847404233145
604,20,1764,135,14.73139127471974
604,20,4575,154.35899417569476,19.52876707586204
604,20,4080,168.69006752597977,10.848977688495287
604,20,3420,143.61564818416412,16.054998260144146
604,20,3180,149.0362434679265,12.494896917525642
604,100,374,198.43494882292202,2.657376185015445
604,100,396,146.30993247402023,7.511565157216644
604,100,384,163.30075576600643,7.457361792078965
604,100,481,153.43494882292202,4.626347539654738
604,100,320,195.94539590092288,5.020765440883116
604,100,279,201.80140948635182,3.688469045982537
604,100,320,163.30075576600643,7.733560376970779
604,100,270,191.3099324740202,3.6421567954234173
604,100,288,180,4
604,100,270,150.2551187030578,6.01661025992429
604,100,261,209.7448812969422,5.374838498865699
604,100,306,153.43494882292202,6.674829783581463
604,100,408,206.56505117707798,4.79157423749955
604,100,310,144.46232220802563,5.9326381152018115
604,100,697,45,1.977921066256077
604,100,780,0,1.3793103448275863
604,100,627,69.44395478041656,6.23649908417338
604,100,570,331.3895403340348,8.823918370522302
604,100,551,270,4.444444444444445
604,100,551,53.13010235415595,3.1847133757961785
604,100,522,325.00797980144137,9.177861365213309
604,100,493,21.801409486351815,3.66337741981939
604,100,480,333.434948822922,5.006122337686096
604,100,450,345.96375653207355,2.9035955109983522
604,100,450,45,4.5916024752373215
604,100,450,37.874983651098205,8.508771829098045
604,100,1421,9.462322208025626,4.1950086415849785
604,100,1456,308.6598082540901,9.213128399183955
604,100,1484,0,3.3557046979865772
604,100,1484,33.69006752597977,2.6907099070626788
604,100,1428,315,7.911684265024308
604,100,1596,255.9637565320735,2.8435211211156277
604,100,1740,104.03624346792651,3.0095661500858837
604,100,1652,90,0.7042253521126761
604,100,1624,104.03624346792651,3.0541523152723413
604,100,1652,90,1.910828025477707
604,100,1596,246.80140948635182,5.726145192378879
604,100,1534,45,5.772300254584061
604,100,1800,315,7.387682788516169
604,100,1798,0,2.112676056338028
604,100,1829,63.434948822922024,2.9039843863633634
604,100,1770,56.30993247402023,5.3814198141253575
604,100,608,129.8055710922652,5.500175828103277
604,100,527,225,6.2853936105470884
604,100,476,159.44395478041656,6.424062966404158
604,100,741,45,1.9241000848613539
604,100,532,206.56505117707798,3.3374148917907314
604,100,456,45,2.7549614851423927
604,100,437,74.05460409907715,5.4329178278212815
604,100,76,0,4.827586206896552
604,100,60,21.801409486351815,3.6142045685466466
604,100,110,308.99099404250546,18.255751467711214
604,100,1003,68.9624889745782,10.02042322099577
604,100,117,258.69006752597977,13.781133820521038
604,100,406,210.96375653207352,3.8873012632302006
604,100,348,143.13010235415595,3.6764705882352944
604,100,418,180,3.4965034965034967
604,100,320,164.0546040990771,4.821264827338092
604,100,266,170.53767779197437,4.2836355847170555
604,20,28,191.3099324740202,3.6163258961650957
604,20,1680,199.1790080258107,8.919996821894447
604,20,1610,18.434948822922024,4.302418585263101
604,20,1568,333.434948822922,1.6086819982012877
604,20,1350,9.462322208025626,8.219949365267865
604,100,1350,0,0.36231884057971014
604,100,648,171.86989764584405,4.876598490941707
604,20,2967,191.88865803962798,13.298964273251782
604,20,3264,203.19859051364818,5.683412765570081
604,20,3619,196.3895403340348,12.30558690740927
604,20,3040,200.22485943116808,13.96445291814937
604,20,2888,195.94539590092288,10.706043954824292
604,20,3003,195.25511870305775,15.512590817675346
604,20,2730,194.03624346792648,8.530563363346884
604,20,2886,195.94539590092288,10.326397006071657
604,20,2964,195.25511870305775,7.756295408837673
604,20,2850,189.4623222080256,8.689660757568884
604,20,2888,208.6104596659652,9.213208886868873
604,20,2664,180,5.555555555555555
604,20,2590,207.89727103094762,13.642116355795277
604,20,2911,197.3540246362613,11.641010148777925
604,20,2952,192.9946167919165,9.73844092271995
604,20,3034,201.80140948635182,7.4278135270820735
604,20,3000,195.52411099675425,12.53794744447611
604,20,3040,198.43494882292202,14.159452209709162
604,20,3198,195.52411099675425,13.249320349127238
