504,100,612,33.69006752597977,2.83901675233385
504,100,612,45,2.8666491129184357
504,100,612,30.963756532073546,3.836152562398224
504,100,1444,23.962488974578207,7.942627259512987
504,100,946,341.565051177078,7.132957128199352
504,100,946,324.4623222080256,6.23356903408886
504,100,357,146.30993247402023,2.6127183155536153
504,100,630,270,0.6896551724137931
504,100,551,180,3.546099290780142
504,100,660,180,2.142857142857143
504,100,486,170.53767779197437,3.825636811508314
504,100,414,168.69006752597977,3.668359362296967
504,100,360,180,2.4390243902439024
504,100,323,180,5.88235294117647
504,100,323,161.56505117707798,2.1808811449437098
504,20,323,168.69006752597977,3.8338492583404395
504,20,323,146.30993247402023,2.503855052405548
504,100,435,71.56505117707798,2.211382979138727
504,100,378,108.43494882292202,2.1223340001130064
504,100,364,30.963756532073546,4.106304151299508
504,100,312,216.86989764584402,3.7037037037037033
504,100,738,71.56505117707798,2.2587697572631282
504,100,1035,225,3.955842132512154
504,100,1274,194.03624346792648,2.8435211211156277
504,100,1152,158.19859051364824,2.8797672765425153
504,100,1224,216.86989764584402,3.546099290780142
504,100,1200,158.19859051364824,3.7396977827322946
504,100,1250,168.69006752597977,3.92232270276368
504,100,1078,180,2.112676056338028
504,100,987,180,3.3783783783783785
504,100,1029,180,3.3557046979865772
504,100,1029,180,3.597122302158273
504,100,1104,180,5.263157894736842
504,100,1862,18.434948822922024,2.0668481439009017
504,100,1288,174.2894068625003,7.499907179940962
504,100,1200,187.1250163489018,5.135196018024554
504,100,1200,189.4623222080256,4.608153432044106
504,20,112,173.29016319224309,11.488082395049457
504,20,144,165.9637565320735,2.9877576997229425
504,20,120,180,4.761904761904762
504,20,108,119.74488129694225,6.061847931051541
504,100,750,237.09475707701208,13.96445291814937
504,100,135,0,4.411764705882353
504,20,1813,18.434948822922024,13.552618543578768
504,20,1435,243.43494882292202,2.9421947072365655
504,20,1332,71.56505117707798,2.196026152894708
504,20,1400,90,1.3513513513513513
504,20,1435,225,3.0968180197950983
504,20,1369,180,1.4084507042253522
504,20,266,171.0273733851036,13.546045113853058
504,20,572,129.0938588862295,14.831315200063527
504,20,616,123.69006752597977,5.263578504326992
504,20,455,180,4.026845637583892
504,100,2550,136.548157698978,18.829140040722876
504,100,2201,270,1.4388489208633095
504,100,2574,149.0362434679265,3.966633942071633
504,100,2546,39.80557109226521,5.423784497157399
504,100,2706,18.434948822922024,2.3252041618885144
504,100,2508,5.710593137499643,7.55629745948939
504,100,2214,344.05460409907715,4.853406592853679
504,100,984,302.0053832080835,6.643648684546903
504,100,690,296.565051177078,7.503583817113389
504,100,540,45,4.221533022009239
504,100,494,14.036243467926454,2.8435211211156277
504,100,425,53.13010235415595,3.2679738562091507
504,100,345,339.44395478041656,6.727562004187032
504,100,375,9.462322208025626,3.949845798894948
504,100,572,45,3.340661958361642
504,100,608,206.56505117707798,3.1493915176053378
504,100,544,90,0.684931506849315
504,100,693,172.8749836510982,5.677646301618696
504,100,560,191.3099324740202,7.61047688595938
504,100,592,236.3099324740202,2.486587086526889
504,100,544,225,3.9837001756988593
504,100,595,135,5.050762722761054
504,100,595,191.3099324740202,3.5409857733283228
504,100,666,153.43494882292202,3.0842316931031584
504,100,703,180,2.1739130434782608
504,100,760,180,2.857142857142857
504,20,162,206.56505117707798,1.8032806270159594
504,20,144,243.43494882292202,1.4242471194266177
504,20,264,270,0.7936507936507936
504,100,308,170.53767779197437,4.1950086415849785
504,100,231,209.7448812969422,5.374838498865699
504,100,242,206.56505117707798,3.4138442404576947
504,20,42,315,1.0475656017578483
504,20,110,187.1250163489018,5.884859670290911
504,20,90,251.56505117707798,2.2269560987101262
504,20,81,180,2.5316455696202533
504,20,150,123.69006752597977,2.8168369339562416
504,20,120,195.94539590092288,5.200078492343227
504,20,112,143.13010235415595,3.5211267605633805
504,20,2146,198.43494882292202,13.552618543578768
504,20,840,11.30993247402023,13.87488303018445
504,20,729,20.55604521958344,12.848125932808315
504,20,1044,17.65012421993015,16.37361188739744
504,20,1767,9.782407031807281,21.01991281366023
504,20,2697,16.38954033403479,13.125959367903222
504,20,2759,11.30993247402023,7.181717624778569
504,20,550,8.74616226255523,9.81563167012381
504,100,1170,198.43494882292202,15.699250795162168
504,20,1978,180,8.823529411764707
504,20,1426,33.69006752597977,5.007710104811096
504,20,960,0,3.7037037037037033
504,20,195,329.03624346792645,4.106304151299508
504,20,1120,236.3099324740202,5.114257128317715
504,20,1050,193.24051991518718,11.880441630321755
504,20,1026,193.24051991518718,12.474463711837842
504,20,232,34.286876977208976,18.88443539814801
504,20,448,36.25383773744477,12.568294079552889
504,20,800,8.130102354155952,4.944802665640193
504,20,342,18.434948822922024,3.4125298491025675
504,20,323,18.434948822922024,4.485500227189191
504,20,306,11.30993247402023,3.4924791188991673
504,20,306,14.036243467926454,5.6480898981063845
504,20,256,0,2.2222222222222223
504,20,256,8.130102354155952,5.0870991452269605
504,20,240,14.036243467926454,2.8435211211156277
504,20,440,180,8.333333333333332
504,20,731,180,10.077519379844961
504,20,630,180,7.857142857142857
504,20,690,173.29016319224309,11.644382835798428
504,20,644,180,5.0359712230215825
504,20,644,169.69515353123393,7.76412492187427
504,20,1548,149.0362434679265,8.270853751553618
504,20,1554,153.43494882292202,6.388765649999399
504,20,176,158.62937773065687,8.884236715991705
504,20,150,155.55604521958344,8.27605888602368
504,20,340,161.56505117707798,4.273348189416729
504,20,374,180,0.7751937984496124
504,20,300,45,2.0203050891044216
504,20,77,174.80557109226515,7.889543583705187
504,20,66,168.69006752597977,6.937441515092225
504,20,50,164.0546040990771,5.23748912897879
504,20,40,173.65980825409008,6.288461901484317
504,20,280,165.9637565320735,8.472134847159577
504,20,280,180,4.026845637583892
504,20,260,163.30075576600643,8.156489460086368
504,20,260,165.9637565320735,5.8071910219967044
504,20,960,111.80140948635182,3.7658495154786737
504,20,460,180,1.3333333333333335
504,20,1645,143.13010235415595,14.5985401459854
504,20,1302,161.56505117707798,8.663774411420217
504,20,851,149.62087398863167,23.024296320509055
504,20,851,147.0947570770121,13.868805980353827
504,20,884,140.9061411137705,15.158476564770812
504,20,1692,155.55604521958344,8.692838829924153
504,20,1620,135,8.900644798152346
504,20,560,116.56505117707798,4.757591441488914
504,20,555,152.52556837372288,21.02836239344085
504,20,987,145.61965527615513,17.84630144685479
504,20,960,135,5.619391638568589
504,20,918,104.93141717813756,11.499388663896314
504,20,240,143.13010235415595,7.092198581560284
504,20,1254,153.43494882292202,17.695501980214164
504,20,672,131.18592516570965,15.078221010971134
504,20,330,290.55604521958344,5.812247445794238
504,20,323,160.20112364547504,18.844440078845988
504,20,884,108.43494882292202,2.1512092926315507
504,20,680,53.13010235415595,3.3783783783783785
504,100,697,326.30993247402023,7.617361849571809
504,100,697,26.565051177077976,9.652091989207726
504,100,900,333.434948822922,2.830465794303531
504,100,846,29.744881296942253,6.154395227708816
504,100,765,323.13010235415595,6.896551724137931
504,100,720,23.198590513648185,4.977629480956803
504,100,615,333.434948822922,8.281733249999222
504,100,630,26.565051177077976,4.9325028915436535
504,100,390,327.2647737278924,5.739074819687324
504,100,152,148.5704343851615,14.961009297680134
504,100,2139,331.6992442339936,11.10137072198
504,100,2272,45,5.582421956735901
504,20,330,270,7.746478873239436
504,20,308,278.13010235415595,4.843197131414709
504,100,385,7.125016348901795,5.972042776517443
504,100,374,287.10272896905235,10.00108125642312
504,100,455,296.565051177078,6.254735601398013
504,100,352,35.537677791974374,5.8519219503691335
504,100,341,243.43494882292202,1.774657124999833
504,100,330,318.01278750418334,8.56918729112975
504,100,455,108.43494882292202,6.453627877894652
504,100,546,213.69006752597977,2.46955566812602
504,100,1584,333.434948822922,9.515182882977829
504,100,1660,45,3.1426968052735442
504,100,1411,270,1.3605442176870748
504,100,1620,335.22485943116806,10.605793380204705
504,100,437,5.194428907734789,16.12461462363104
504,20,322,225,5.524271728019903
504,20,296,165.9637565320735,2.9450754468697578
504,20,224,180,3.225806451612903
504,20,143,146.30993247402023,8.132822425858622
504,20,143,140.19442890773485,5.349486079388119
504,20,726,158.19859051364824,3.792369582489087
504,20,132,156.03751102542185,6.985005533188726
504,20,203,180,2.8169014084507045
504,20,672,111.80140948635182,10.628614750923363
504,20,910,125.53767779197437,5.549887269059759
504,20,952,108.43494882292202,2.5097441747368094
504,20,696,201.80140948635182,7.277249739370951
504,20,638,180,7.2992700729927
504,20,200,254.05460409907715,10.181971873119606
504,20,273,206.56505117707798,1.6321664069341533
504,20,160,192.52880770915152,6.829292190587324
504,100,465,158.19859051364824,7.5316990309573475
504,100,252,296.565051177078,1.4710973536182828
504,100,198,135,3.9283710065919313
504,20,187,73.30075576600638,8.093260859620582
504,20,275,142.1250163489018,7.6521840610680405
504,20,208,251.56505117707798,4.422765958277454
504,20,416,277.1250163489018,5.677646301618696
504,20,112,236.3099324740202,2.372073207542098
504,20,104,141.34019174590992,5.122499389946278
504,20,104,116.56505117707798,1.5971914124998499
504,100,224,135,3.008965026325734
504,100,189,120.96375653207349,4.106304151299508
504,20,216,90,3.7037037037037033
504,20,150,108.43494882292202,2.1659436028550543
504,20,160,194.03624346792648,11.068739934544055
504,20,170,203.19859051364818,10.65143091729218
504,20,144,194.03624346792648,8.77256516088864
504,20,192,205.34617594194668,14.910493646545135
504,20,209,195.94539590092288,10.550883897507997
504,20,2793,191.3099324740202,17.34360378773056
504,20,2565,202.83365417791754,14.517977554991763
504,20,900,193.24051991518718,12.936480886350354
504,20,836,194.03624346792648,8.58980338670346
504,20,798,191.3099324740202,13.87488303018445
504,20,270,113.96248897457815,6.792315725376623
504,20,300,135,2.1266369358993913
504,20,270,131.6335393365702,8.304547985373997
504,20,330,123.69006752597977,4.93911133625204
504,20,330,135,4.040610178208843
504,20,320,135,3.74626109237906
504,20,320,116.56505117707798,3.0842316931031584
504,20,279,122.00538320808352,7.09321889628316
504,20,279,146.30993247402023,2.4198330707812006
504,20,1872,116.56505117707798,4.594660227739293
504,20,1426,153.43494882292202,8.101695570651412
504,20,1170,135,5.975550263548288
504,20,1131,164.0546040990771,5.020765440883116
504,20,1200,153.43494882292202,10.86977489062398
504,20,1209,153.43494882292202,6.343455255318553
504,20,1216,160.34617594194674,10.395852270852101
504,20,1102,143.13010235415595,6.666666666666667
504,20,1596,146.30993247402023,5.225436631107231
504,100,336,135,5.014941710542891
504,100,464,0,0.6993006993006993
504,100,570,146.30993247402023,2.403700850309326
504,100,532,135,7.279040394567401
504,100,513,116.56505117707798,1.5858638138296381
504,100,252,191.3099324740202,3.668359362296967
504,100,270,135,10.955175483171862
504,100,280,135,6.239177481057772
504,100,128,198.43494882292202,6.825059698205135
504,100,189,114.44395478041656,7.949372351049061
504,20,136,153.43494882292202,4.896499220802459
504,20,160,132.27368900609372,20.647317704609037
504,20,2604,150.9453959009229,7.003830027882313
504,20,2501,140.71059313749964,10.22494273636827
504,20,1980,148.84069549165565,11.446327586698052
504,20,2340,146.30993247402023,2.7735009811261455
504,20,2183,168.69006752597977,6.937441515092225
504,20,2035,140.19442890773485,5.578749768504753
504,20,868,41.63353933657021,8.420695509644963
504,100,286,344.05460409907715,5.515234764606453
504,100,456,45,1.9372788525658837
504,100,286,348.69006752597977,3.3993463423951895
504,100,252,23.198590513648185,6.092618484691127
504,100,315,336.8014094863518,5.111257118029469
504,100,231,350.5376777919744,4.253680091117635
504,100,253,0,4.10958904109589
504,100,290,0,4.195804195804196
504,100,260,323.13010235415595,3.4246575342465753
504,100,260,352.8749836510982,5.884859670290911
504,100,234,14.036243467926454,2.8240449490531923
504,100,646,45,0.8676156824374818
504,100,286,5.710593137499643,8.589637283009308
504,100,910,63.434948822922024,1.5421158465515792
504,100,1008,0,2.8169014084507045
504,100,1204,315,5.851918189130048
504,20,90,8.972626614896399,13.838405799763557
504,20,440,0,5.755395683453238
504,20,90,216.86989764584402,3.6231884057971016
504,100,1071,135,7.121938803317746
504,100,1232,206.56505117707798,3.240678228260565
504,100,1120,180,2.7586206896551726
504,100,1323,160.01689347809997,7.908581020756504
504,100,1007,261.25383773744477,9.133990581920767
504,100,980,75.96375653207355,3.031695312954162
504,100,810,203.96248897457818,6.839484584580628
504,100,578,161.56505117707798,2.1808811449437098
504,100,561,161.56505117707798,4.6164637374720865
504,100,936,225,4.777748521530727
504,100,663,194.03624346792648,2.9035955109983522
504,100,525,251.56505117707798,2.1808811449437098
504,100,612,128.65980825409008,4.708179586347683
504,100,465,219.80557109226518,5.6188846589256505
504,100,660,90,2.7586206896551726
504,100,726,198.43494882292202,2.2915055508466518
504,100,510,164.0546040990771,5.313948824292349
504,20,110,203.19859051364818,15.231546211727817
504,20,42,170.53767779197437,4.314015978934908
504,20,224,158.19859051364824,3.792369582489087
504,20,288,161.56505117707798,2.0271010642104996
504,20,285,180,2.380952380952381
504,20,238,198.43494882292202,6.588078458684124
504,20,224,236.3099324740202,2.4198330707812006
504,100,375,168.69006752597977,3.354618101047885
504,100,368,218.65980825409008,4.326435295562735
504,100,368,135,4.221533022009239
504,100,546,123.69006752597977,2.6127183155536153
504,100,513,161.56505117707798,2.2427501135945955
504,100,899,206.56505117707798,2.9616794403970728
504,100,744,123.69006752597977,2.9077026415032172
504,100,408,254.05460409907715,5.090985936559803
504,100,286,279.4623222080256,8.689660757568884
504,20,119,243.43494882292202,1.6321664069341533
504,20,95,207.55281157671777,18.14142905045153
504,20,130,231.3401917459099,13.720980508784674
504,100,240,157.61986494804046,12.767205771423773
504,100,270,173.65980825409008,12.49018639743092
504,100,253,182.72631099390628,14.805490170161015
504,100,56,215.53767779197437,5.812381937190964
504,100,175,139.3987053549955,6.680829316878905
504,100,250,201.80140948635182,3.84654629081036
504,100,224,168.69006752597977,6.937441515092225
504,100,176,153.43494882292202,4.610449438143896
504,20,1176,195.94539590092288,14.85736712098065
504,20,35,225,13.518217875625172
504,20,2880,196.3895403340348,12.054452480727448
504,20,234,322.6960517220166,19.556116714731978
504,20,1472,200.55604521958347,12.945460220178076
504,20,1333,199.98310652189997,8.016917747068236
504,20,1504,198.43494882292202,13.08528686966226
504,20,1600,204.77514056883192,10.30059069300457
504,20,1353,196.92751306414704,17.172593257387582
504,20,1428,206.56505117707798,9.004300580536066
504,20,1887,192.52880770915152,6.880257057681259
504,20,2379,198.43494882292202,8.604837170526203
504,20,2400,195.94539590092288,10.326397006071657
504,20,2072,197.52556837372288,14.13110556395126
504,20,560,198.43494882292202,2.1081851067789197
504,20,612,225,2.0348396580907844
504,20,864,231.3401917459099,4.639945099589021
504,20,812,210.96375653207352,4.2561692663104385
504,20,1036,188.13010235415598,9.753196981883415
504,20,986,201.80140948635182,11.622657857124828
504,20,1292,194.03624346792648,14.938788498614713
504,20,1152,208.6104596659652,8.70136394870949
504,20,1155,197.3540246362613,13.51859243083888
504,20,899,201.80140948635182,7.039431120437261
504,20,644,205.4633450618716,8.218871625168203
504,20,1517,196.69924423399362,7.352328527401797
504,20,2050,213.69006752597977,2.521364528296496
504,20,1596,180,0.7194244604316548
504,20,1558,194.03624346792648,2.6948402781814775
504,20,1520,198.43494882292202,2.3956648940669543
504,20,1440,194.03624346792648,2.92418838696288
504,20,1360,180,2.7586206896551726
504,20,1248,188.13010235415598,5.199314567548144
504,20,1073,180,2.857142857142857
504,20,972,189.4623222080256,4.137933694080422
504,20,850,156.80140948635176,5.3632204970872595
504,20,704,180,2.2058823529411766
504,20,620,198.43494882292202,2.1366740947083644
504,20,522,243.43494882292202,2.8852490032255353
504,20,459,180,3.2520325203252036
504,20,384,180,0.6622516556291391
504,20,330,198.43494882292202,2.3252041618885144
504,20,308,206.56505117707798,1.5007167634226777
504,20,273,135,2.049584873004486
504,20,273,225,0.9889605331280386
504,20,273,341.565051177078,2.2269560987101262
504,20,441,270,2.127659574468085
504,20,567,270,2.18978102189781
504,20,588,296.565051177078,1.5746957588026689
504,20,588,270,0.684931506849315
504,20,560,0,0.6944444444444444
504,20,540,0,0.7042253521126761
504,20,594,14.036243467926454,2.9662630400127057
504,20,690,206.56505117707798,1.5315534092464314
504,20,567,123.69006752597977,2.5753937681885635
504,20,598,270,1.4285714285714286
504,20,575,153.43494882292202,1.5636839003495033
504,20,506,180,0.6666666666666667
504,20,462,135,3.2888687497048723
504,20,440,225,3.955842132512154
504,20,399,180,2.666666666666667
504,20,323,189.4623222080256,4.376088151293683
504,20,405,315,0.9820927516479828
504,20,368,188.13010235415598,5.050762722761054
504,20,280,225,0.9620500424306769
504,20,234,180,0.7092198581560284
504,20,238,153.43494882292202,0.3985860922459518
504,20,270,135,0.9959250439247148
504,20,300,0,0.6711409395973155
504,20,252,270,0.7194244604316548
504,20,266,180,1.36986301369863
504,20,238,90,0.7575757575757576
504,20,240,180,1.342281879194631
504,20,294,98.74616226255523,9.671284145563165
504,20,252,225,2.82842712474619
504,20,252,198.43494882292202,2.2750198994017117
504,20,252,206.56505117707798,1.6203391141302825
504,20,221,194.03624346792648,3.0095661500858837
504,20,130,45,6.104518974272352
504,20,320,189.4623222080256,4.22414064604043
504,20,130,200.55604521958347,5.5480543800763185
504,20,375,158.19859051364824,3.792369582489087
504,20,288,180,2.941176470588235
504,20,264,180,2.7027027027027026
504,20,400,191.3099324740202,3.2896900087695387
504,20,300,225,2.2995342477611302
504,20,264,180,1.3245033112582782
504,20,250,198.43494882292202,2.3252041618885144
504,20,49,344.05460409907715,4.885979791463435
504,20,56,153.43494882292202,1.6203391141302825
504,20,32,180,0.7042253521126761
504,100,300,206.56505117707798,3.3374148917907314
504,100,261,225,5.892556509887895
504,100,260,146.30993247402023,2.46955566812602
504,100,264,201.80140948635182,3.9022933385032634
504,100,253,201.80140948635182,3.7139067635410368
504,20,1850,155.22485943116806,9.874359353983692
504,20,1457,151.9275130641471,12.318840579710146
504,20,1008,141.34019174590992,13.067600484556834
504,20,999,135,5.276916277511549
504,20,957,140.19442890773485,5.24177830597762
504,20,1716,146.30993247402023,7.259499212343604
504,20,1677,142.1250163489018,8.202700899993797
504,20,1634,144.46232220802563,6.188723213699731
504,20,1512,144.46232220802563,5.812381937190964
504,20,1320,146.30993247402023,7.308549882697276
504,20,1147,135,5.397761688446928
504,20,1440,142.43140797117252,11.469384242557151
504,20,638,155.55604521958344,8.630747123996123
504,20,837,116.56505117707798,4.69105170104851
504,20,364,126.86989764584405,3.4482758620689653
504,20,448,145.30484646876602,10.829718014275272
504,100,1200,210.25643716352926,9.852797155638159
504,100,350,175.0302592718897,15.28926672929165
504,100,1220,135,4.253273871798783
504,100,416,213.69006752597977,4.93911133625204
504,100,325,45,2.0059766842171562
504,100,231,120.96375653207349,4.106304151299508
504,100,56,90,8.21917808219178
504,100,100,288.434948822922,2.2587697572631282
504,100,315,180,0.7246376811594203
504,100,588,165.52970589993413,22.38854628473024
504,100,442,135,0.9555497043061454
504,20,285,225,2.966881599384115
504,100,336,116.56505117707798,1.6687074458953657
504,100,228,255.9637565320735,6.108304630544683
504,100,224,105.94539590092285,4.918993168432782
504,100,396,251.56505117707798,2.1081851067789197
504,100,203,159.44395478041656,6.0595771243386745
504,100,360,135,1.0174198290453922
504,100,243,189.4623222080256,4.472619507572221
504,100,176,135,3.955842132512154
504,100,168,243.43494882292202,4.563404035713857
504,100,168,165.9637565320735,2.7305335268991127
504,100,378,75.96375653207355,3.272306052077508
504,100,231,213.69006752597977,4.87236658846485
504,100,168,180,2.857142857142857
504,100,140,191.3099324740202,3.4924791188991673
504,100,114,180,1.5037593984962405
504,100,684,153.43494882292202,4.594660227739293
504,100,544,195.94539590092288,5.473766834045502
504,100,480,0,3.4722222222222223
504,100,476,180,3.731343283582089
504,100,532,164.0546040990771,4.789545979789814
504,100,462,243.43494882292202,1.5315534092464314
504,100,468,158.19859051364824,4.048996095589852
504,100,544,180,1.4184397163120568
504,100,481,153.43494882292202,4.300130725961134
504,100,420,153.43494882292202,1.7069221202288474
504,100,442,180,2.8169014084507045
504,100,396,243.43494882292202,4.594660227739293
504,20,480,207.55281157671777,17.76865996037376
504,20,273,192.80426606528675,16.58899143040953
504,20,253,206.56505117707798,4.563404035713857
504,20,231,230.71059313749961,10.932823387347613
504,20,253,115.01689347810003,11.260507045746156
504,100,180,186.00900595749454,13.085598064755342
504,20,1394,203.19859051364818,5.401257521889296
504,20,1184,180,2.0689655172413794
504,20,1088,0,2.7777777777777777
504,20,1248,277.1250163489018,5.560177757447275
504,20,1638,231.3401917459099,4.708179586347683
504,20,1482,202.61986494804043,8.666666666666668
504,20,1520,246.80140948635182,5.726145192378879
504,20,663,13.392497753751115,14.685056561172042
504,20,540,285.94539590092285,5.23748912897879
504,20,608,180,0.7246376811594203
504,20,682,344.05460409907715,20.800313969372908
504,20,943,30.963756532073546,3.966633942071633
504,20,646,32.005383208083515,6.461630912367536
504,20,731,30.963756532073546,4.021346134376069
504,20,2691,225,1.0475656017578483
504,20,1368,333.434948822922,10.241532721373083
504,20,1232,55.491477012331586,13.298964273251782
504,20,2419,200.55604521958347,5.812247445794238
504,20,2520,270,5.755395683453238
504,20,2646,172.8749836510982,11.355292603237393
504,20,2646,201.80140948635182,11.792331694455118
504,20,594,4.7636416907261605,7.870323254112612
504,20,500,14.036243467926454,9.230833490188791
504,20,2816,153.43494882292202,3.3374148917907314
504,100,387,195.94539590092288,5.473766834045502
504,100,120,284.03624346792645,5.534369967272028
504,20,189,9.462322208025626,4.082390959931691
504,20,152,9.462322208025626,4.1950086415849785
504,20,133,21.801409486351815,4.018779706816794
504,20,133,18.434948822922024,2.211382979138727
504,20,152,26.565051177077976,4.757591441488914
504,20,153,59.03624346792651,4.135426875776809
504,20,143,195.25511870305775,8.572747557136376
504,20,558,180,4.25531914893617
504,20,143,206.56505117707798,7.307411691175783
504,20,143,219.80557109226518,5.872368177373424
504,20,285,203.19859051364818,5.5186761636694985
504,20,285,201.80140948635182,3.5197155602186303
504,20,306,200.55604521958347,6.623258717300411
504,20,360,195.94539590092288,4.789545979789814
504,20,754,216.86989764584402,6.7114093959731544
504,20,783,185.71059313749964,7.671660779481596
504,20,1023,203.19859051364818,9.826804007566334
504,20,1224,204.44395478041653,8.950404424884868
504,20,2405,191.3099324740202,3.7219120537173613
504,20,2088,189.4623222080256,4.001817454143565
504,20,1890,180,2.2900763358778624
504,20,1683,206.56505117707798,3.0631068184928627
504,20,1280,270,1.3986013986013985
504,20,1085,192.52880770915152,6.4926369417555545
504,20,960,210.96375653207352,4.135426875776809
504,20,868,191.3099324740202,3.4221607473777076
504,20,768,201.80140948635182,3.9307772314850395
504,20,1400,206.56505117707798,1.6086819982012877
504,20,1224,198.43494882292202,4.392052305789416
504,20,1176,185.19442890773482,8.304782719689669
504,20,1224,194.03624346792648,5.571764358942785
504,20,1034,189.4623222080256,4.253680091117635
504,20,968,191.3099324740202,3.565747911603346
504,20,903,186.3401917459099,6.561873288505375
504,20,966,206.56505117707798,4.69105170104851
504,20,902,192.52880770915152,6.680829316878905
504,20,840,188.13010235415598,4.876598490941707
504,20,836,198.43494882292202,6.410022284125093
504,20,144,180,2.18978102189781
504,20,136,192.52880770915152,6.632765796613588
504,20,136,188.13010235415598,4.652018297279918
504,20,252,335.22485943116806,10.929634399447599
504,20,540,137.72631099390628,10.112971936951364
504,20,513,150.2551187030578,12.03322051984858
504,20,2345,162.64597536373867,11.641010148777925
504,20,1850,145.49147701233164,14.382583584405628
504,20,1394,143.13010235415595,3.3783783783783785
504,20,960,145.49147701233164,13.770558751026666
504,20,1764,149.0362434679265,11.98140800310678
504,20,1332,143.9726266148964,9.928080663310542
504,20,1408,156.03751102542185,13.491586029857677
504,20,986,157.38013505195954,9.285714285714286
504,20,624,153.43494882292202,11.101046696807467
504,20,180,135,0.9686394262829419
504,20,1720,108.43494882292202,8.267392575603607
504,20,644,150.2551187030578,5.637942481327657
504,20,494,142.1250163489018,8.383642831611308
504,20,1786,135,12.422146155979888
504,20,1638,153.43494882292202,9.652091989207726
504,20,1116,143.13010235415595,7.142857142857142
504,20,900,147.99461679191648,6.936750832394561
504,20,1932,135,11.272716801524671
504,20,1560,141.34019174590992,8.594797634138052
504,20,1080,158.19859051364824,7.4278135270820735
504,20,1920,130.6012946450045,6.447233886218802
504,20,1591,139.3987053549955,6.146362971528592
504,20,1400,146.30993247402023,5.150787536377127
504,20,1365,142.1250163489018,8.029404402106605
504,20,372,147.99461679191648,7.09321889628316
504,20,308,164.0546040990771,4.986376636493506
504,100,396,318.3664606634298,8.362218457494649
504,100,319,324.4623222080256,6.0579755401708635
504,100,286,336.8014094863518,5.439837932759935
504,100,250,9.462322208025626,4.1950086415849785
504,100,216,0,5.88235294117647
504,100,192,0,4.316546762589928
504,100,207,0,3.4013605442176873
504,20,30,73.07248693585296,16.24434497320447
504,20,25,90,2.2900763358778624
504,20,54,36.86989764584405,3.787878787878788
504,20,20,90,2.097902097902098
504,100,1886,71.56505117707798,2.2269560987101262
504,100,2002,270,5.594405594405594
504,100,1694,60.64224645720873,12.92785897935621
504,100,1617,225,3.2635697593225266
504,100,1008,225,4.3919675850096125
504,100,585,321.3401917459099,5.1638098688974585
504,100,429,153.43494882292202,5.006122337686096
504,100,384,149.0362434679265,3.9938026677022607
504,100,384,233.13010235415598,3.546099290780142
504,100,440,156.80140948635176,4.730293854573856
504,100,228,26.565051177077976,3.3879817840905906
504,100,273,36.86989764584405,3.731343283582089
504,100,252,315,5.892556509887895
504,100,532,311.98721249581666,9.214810991146377
504,100,1044,150.2551187030578,6.107771021438295
504,100,462,7.125016348901795,5.168113941217019
504,100,220,180,2.9197080291970803
504,100,1872,36.86989764584405,3.125
504,100,2014,0,1.550387596899225
504,100,1785,36.86989764584405,3.4246575342465753
504,100,1938,135,1.0101525445522108
504,100,2030,63.434948822922024,1.6203391141302825
504,100,1925,26.565051177077976,1.5971914124998499
504,100,1944,45,2.966881599384115
504,100,1908,26.565051177077976,1.5858638138296381
504,100,1332,8.130102354155952,5.123962182511215
504,20,609,0,5.109489051094891
504,20,494,323.13010235415595,3.3783783783783785
504,20,475,21.801409486351815,3.9307772314850395
504,20,442,90,1.4084507042253522
504,20,450,347.4711922908485,6.585388898066348
504,20,476,338.1985905136482,3.7396977827322946
504,20,400,296.565051177078,4.626347539654738
504,20,350,341.565051177078,2.2750198994017117
504,20,325,0,2.112676056338028
504,100,288,18.434948822922024,4.5175395145262565
504,100,253,26.565051177077976,3.62325829687466
504,100,513,56.30993247402023,2.631789252163496
504,100,494,36.86989764584405,3.6231884057971016
504,100,494,30.963756532073546,3.966633942071633
504,100,418,333.434948822922,0.7818419501747517
504,100,1155,350.5376777919744,4.539375022610612
504,100,924,315,0.9555497043061454
504,100,1020,21.801409486351815,4.110812829873667
504,100,690,8.130102354155952,2.4467362670814796
504,100,700,21.801409486351815,3.66337741981939
504,20,598,45,2.0797258270192573
504,100,1600,233.13010235415598,7.142857142857142
504,100,1518,194.03624346792648,5.534369967272028
504,100,1222,206.56505117707798,4.969039949999533
504,100,324,21.801409486351815,3.8742192857082762
504,100,253,0,1.4084507042253522
504,100,240,14.036243467926454,2.9450754468697578
504,100,192,0,2.013422818791946
504,100,208,18.434948822922024,2.3424278964210217
504,100,186,356.6335393365702,12.340135047772756
504,100,144,63.434948822922024,3.2643328138683065
504,100,80,45,1.8982732380846916
504,100,75,18.434948822922024,2.4513780311382787
504,100,120,0,1.3513513513513513
504,100,80,326.30993247402023,2.452755969703394
504,100,60,33.69006752597977,2.5753937681885635
504,100,85,341.565051177078,2.3424278964210217
504,100,119,341.565051177078,2.1366740947083644
504,100,128,345.96375653207355,2.8048337589235786
504,100,224,63.434948822922024,4.69105170104851
504,100,96,231.3401917459099,4.7430549906909985
504,100,98,56.30993247402023,2.6511406437235214
504,100,286,300.9637565320735,4.3192236258113335
504,20,153,144.46232220802563,6.23356903408886
504,100,308,30.963756532073546,3.836152562398224
504,100,294,45,3.119588740528886
504,100,228,26.565051177077976,1.5007167634226777
504,100,360,153.43494882292202,1.552824984374854
504,20,99,160.70995378081125,15.13544292886935
504,20,80,206.56505117707798,3.240678228260565
504,20,198,170.90972307917764,17.95601262577612
504,20,126,206.56505117707798,1.49071198499986
504,100,248,14.036243467926454,8.414501276770734
504,100,608,341.565051177078,4.6164637374720865
504,20,2021,199.65382405805332,10.112971936951364
504,20,1845,194.03624346792648,9.095085938862486
504,20,2209,197.52556837372288,13.933467723895998
504,20,2080,174.80557109226515,7.7240286833477345
504,20,1927,210.96375653207352,11.819497084145878
504,20,2744,195.25511870305775,17.275385228774816
504,20,190,240.25511870305775,5.884859670290911
504,20,230,346.7594800848128,12.21276167592516
504,20,540,225,0.9889605331280386
504,20,2600,140.19442890773485,15.831587180891866
504,20,1435,249.4439547804165,19.418190330267116
504,20,1566,171.25383773744477,9.462551394220075
504,20,1806,183.17983011986422,11.706335309948017
504,20,1665,188.7461622625552,9.88943341200444
504,20,220,341.565051177078,2.196026152894708
504,20,330,71.56505117707798,2.3252041618885144
504,20,495,90,2.8169014084507045
504,20,416,165.9637565320735,2.7305335268991127
504,20,312,0,2.112676056338028
504,20,308,26.565051177077976,1.6321664069341533
504,20,435,338.1985905136482,7.479395565464589
504,20,204,354.28940686250036,6.744882967195228
504,20,210,56.30993247402023,2.8168369339562416
504,20,322,33.69006752597977,2.539120616523936
504,20,540,315,0.9491366190423458
504,20,280,26.565051177077976,6.211299937499416
504,20,1827,10.304846468766016,8.469954460226477
504,20,1798,14.931417178137565,10.418909192120822
504,20,1829,11.30993247402023,7.033130363576255
504,20,1624,15.255118703057747,8.445743889623245
504,20,1485,18.434948822922024,8.321783316232578
504,20,1404,12.994616791916485,10.107321260701768
504,20,1378,15.255118703057747,8.144110179279556
504,20,2624,195.25511870305775,8.144110179279556
504,20,2665,195.25511870305775,7.863278793787158
504,20,2814,194.03624346792648,8.301554950908042
504,20,2788,202.61986494804043,9.558823529411764
504,20,2541,23.962488974578207,13.309267299724464
504,20,2294,6.3401917459099195,13.12374657701075
504,20,2312,7.125016348901795,5.598790102985104
504,20,2343,15.524110996754246,13.15601527624606
504,20,2272,8.972626614896399,13.938684102660392
504,20,2046,16.699244233993625,7.352328527401797
504,20,2010,14.931417178137565,10.489307227202719
504,20,2256,137.72631099390628,12.706041664374792
504,20,1702,149.74356283647074,9.64753054822903
504,20,1320,138.81407483429035,13.45588077561348
504,20,2394,170.53767779197437,13.517250067329378
504,20,1102,71.56505117707798,6.728250340783785
504,20,2438,151.9275130641471,13.178294573643413
504,20,2842,135,9.428090415820634
504,20,1806,128.65980825409008,9.147320339189784
504,20,1584,150.9453959009229,7.406928158983455
504,20,1360,138.81407483429035,7.3311350432652755
504,20,2156,104.03624346792651,5.6480898981063845
504,20,2475,156.37062226934313,12.655253040994912
504,20,2394,143.13010235415595,10.714285714285714
504,20,2280,156.80140948635176,5.32571545864609
504,100,260,198.43494882292202,4.5830111016933035
504,100,228,180,3.2467532467532463
504,100,216,303.69006752597977,2.884441020371191
504,20,1394,45,1.9241000848613539
504,20,1353,33.69006752597977,2.6127183155536153
504,20,1320,26.565051177077976,1.4614823382351567
504,20,1248,71.56505117707798,2.3082318687360432
504,20,1216,63.434948822922024,1.5746957588026689
504,20,1216,45,1.0713739108887086
504,20,1216,45,2.0348396580907844
504,20,1216,26.565051177077976,1.3975424859373686
504,20,1452,26.565051177077976,1.7069221202288474
504,20,1763,116.56505117707798,7.873478794013344
504,20,1558,180,2.112676056338028
504,20,1599,180,4.511278195488721
504,20,2200,225,0.9753196981883415
504,20,1892,135,1.87313054618953
504,20,1680,36.86989764584405,3.8461538461538463
504,20,1978,30.963756532073546,3.71398209862758
504,20,2162,180,0.7194244604316548
504,20,2303,218.65980825409008,4.81437912588936
504,20,2016,219.80557109226518,5.500175828103277
504,20,1920,221.18592516570965,7.486018177982149
504,20,1833,213.69006752597977,2.6511406437235214
504,20,1794,225,4.745683095211729
504,20,1748,147.99461679191648,6.55137578615042
504,20,1710,180,3.64963503649635
504,20,1824,229.3987053549955,6.538684012264459
504,20,1672,180,2.027027027027027
504,100,243,191.3099324740202,3.80523844297969
504,100,408,141.34019174590992,4.606564199591977
504,100,290,195.94539590092288,5.1631985030358285
504,100,270,180,4.25531914893617
504,100,312,174.80557109226515,7.5138510321001775
504,100,286,198.43494882292202,4.133696287801803
504,100,1216,103.24051991518718,13.86051523537538
504,100,1100,228.3664606634298,8.420695509644963
504,100,833,239.03624346792648,7.8267810669064435
504,100,846,216.86989764584402,3.5211267605633805
504,100,850,221.18592516570965,7.433668400513742
504,100,918,206.56505117707798,4.563404035713857
504,100,1140,165.9637565320735,3.0541523152723413
504,100,1575,185.19442890773482,8.06230731181552
504,100,2584,53.13010235415595,7.633587786259542
504,100,1792,336.8014094863518,5.3632204970872595
504,100,2628,45,3.9837001756988593
504,100,915,333.434948822922,3.1717276276592763
504,100,825,2.2025981617658204,4.58892833554063
504,100,742,327.9946167919165,6.597189602836785
504,100,714,26.565051177077976,4.502150290268033
504,100,686,306.86989764584405,7.042253521126761
504,100,658,327.9946167919165,6.597189602836785
504,100,700,82.8749836510982,5.800185430430611
504,100,682,127.8749836510982,7.126096406869611
504,100,980,15.945395900922847,5.1631985030358285
504,100,1020,327.9946167919165,6.166000739906276
504,100,980,36.86989764584405,3.968253968253968
504,100,931,315,6.643956333296419
504,100,846,18.434948822922024,4.4539121974202525
504,100,420,296.565051177078,1.5211346785712856
504,100,210,300.9637565320735,4.164965639175215
504,100,330,281.30993247402023,3.7219120537173613
504,100,320,212.00538320808352,6.690766760323832
504,100,385,172.8749836510982,10.538899017383724
504,100,408,180,4.761904761904762
504,100,1197,135,13.84544746379254
504,100,1349,191.3099324740202,3.4221607473777076
504,100,1672,180,0.7042253521126761
504,100,1320,175.23635830927378,8.420695509644963
504,100,1140,225,7.6964003394454155
504,100,1062,221.18592516570965,7.874182083507149
504,100,969,221.98721249581664,9.820163538010007
504,100,1026,153.43494882292202,1.4426245016127677
504,100,988,90,0.7246376811594203
504,100,931,206.56505117707798,3.1943828249996997
504,100,874,206.56505117707798,1.5636839003495033
504,20,224,156.03751102542185,6.6099716790577885
504,20,224,194.03624346792648,5.8071910219967044
504,20,306,192.52880770915152,6.447233886218802
504,20,224,150.9453959009229,7.003830027882313
504,20,468,131.18592516570965,7.874182083507149
504,20,920,63.434948822922024,1.6321664069341533
504,20,1224,29.744881296942253,10.40291322361103
504,20,966,0,1.4492753623188406
504,20,1925,15.945395900922847,10.400156984686454
504,20,1470,215.53767779197437,6.0156120748549835
504,20,1333,236.3099324740202,5.263578504326992
504,20,1232,225,5.0870991452269605
504,100,1080,221.63353933657018,8.60113898485164
504,100,1014,225,0.9753196981883415
504,100,936,228.01278750418334,9.749002932662108
504,20,88,315,1.9641855032959656
504,100,1836,143.13010235415595,3.3557046979865772
504,100,1892,123.69006752597977,5.042729056592992
504,100,1638,180,2.9197080291970803
504,100,1755,213.69006752597977,2.452755969703394
504,100,1628,63.434948822922024,1.7200522903844537
504,100,1976,141.34019174590992,4.297398817069026
504,100,1628,188.13010235415598,5.123962182511215
504,100,2340,348.69006752597977,3.5409857733283228
504,100,1976,206.56505117707798,4.826045994603863
504,100,2220,191.3099324740202,3.5908588123892846
504,100,2052,90,2.8169014084507045
504,100,2052,180,2.112676056338028
504,100,555,220.6012946450045,6.829292190587324
504,100,462,153.43494882292202,6.002867053690711
504,100,595,213.69006752597977,2.5571285641588575
504,100,777,120.96375653207349,4.3192236258113335
504,100,792,0,0.6711409395973155
504,100,680,143.13010235415595,3.3783783783783785
504,100,640,180,1.4814814814814816
504,100,608,165.9637565320735,2.8240449490531923
504,100,608,165.9637565320735,2.9450754468697578
504,100,682,180,2.158273381294964
504,100,546,146.30993247402023,2.5939217809093447
504,100,520,191.3099324740202,3.862893570903625
504,100,1624,16.38954033403479,13.125959367903222
504,100,1479,10.007979801441365,11.987969792800047
504,20,2793,18.434948822922024,9.439634806472775
504,100,429,201.80140948635182,3.84654629081036
504,100,231,116.56505117707798,4.861017342390848
504,100,279,243.43494882292202,2.9421947072365655
504,100,518,191.3099324740202,3.354618101047885
504,100,555,180,6.382978723404255
504,100,338,165.9637565320735,3.123564867892167
504,20,325,153.43494882292202,4.502150290268033
504,20,325,213.69006752597977,2.670778722565918
504,20,300,180,1.36986301369863
504,100,370,153.43494882292202,3.042269357142571
504,100,374,206.56505117707798,3.312693299999689
504,100,288,180,2.877697841726619
504,100,90,164.0546040990771,5.090985936559803
504,20,2257,194.03624346792648,14.517977554991763
504,20,2470,200.22485943116808,14.779895424318676
504,20,1980,211.7594800848128,17.5164383478418
504,20,1936,167.47119229084842,7.202769107260068
504,20,1961,194.03624346792648,11.296179796212769
504,20,1520,198.43494882292202,13.552618543578768
504,20,1911,202.38013505195957,12.856486930664499
504,20,406,209.47588900324575,9.572351314219498
504,20,720,18.434948822922024,4.485500227189191
504,20,484,113.96248897457815,7.136853479562394
504,20,378,33.69006752597977,2.521364528296496
504,20,442,35.537677791974374,5.892003607563443
504,20,416,33.69006752597977,5.150787536377127
504,20,1026,14.036243467926454,14.316338977839099
504,20,644,351.86989764584405,4.745683095211729
504,20,720,16.38954033403479,12.934339523116314
504,20,1628,198.43494882292202,8.784104611578831
504,20,1935,200.55604521958347,6.1028598180839495
504,100,350,199.65382405805332,10.182238868026374
504,20,150,11.30993247402023,3.668359362296967
504,20,126,23.198590513648185,5.599833166076404
504,100,360,201.80140948635182,3.98901096824778
504,100,460,206.56505117707798,5.5901699437494745
504,100,1472,85.91438322002512,9.746992255290415
504,20,528,23.198590513648185,5.288731323516603
504,20,496,18.434948822922024,8.907824394840505
504,20,1472,192.09475707701208,10.30059069300457
504,20,2117,129.2894068625004,10.299036524312967
504,20,1640,199.65382405805332,10.395852270852101
504,20,1596,206.56505117707798,7.503583817113389
504,20,1517,199.65382405805332,10.6950134872795
504,20,322,220.6012946450045,6.146362971528592
504,20,486,216.86989764584402,3.968253968253968
504,20,299,186.3401917459099,5.996943800091005
504,20,378,180,0.7092198581560284
504,20,425,212.7352262721076,5.9018854528699425
504,20,448,165.9637565320735,5.6480898981063845
504,20,275,165.9637565320735,5.84837677392576
504,20,264,26.565051177077976,3.1717276276592763
504,20,540,180,3.4722222222222223
504,20,252,32.005383208083515,6.738557951469002
504,20,728,19.98310652189997,8.072206834979053
504,20,598,315,3.166149766506929
504,20,494,40.60129464500449,6.538684012264459
504,20,924,7.5946433685914485,10.73244393646919
504,20,777,23.198590513648185,5.216282949221855
504,20,1056,14.931417178137565,10.015596578232273
504,20,1092,17.35402463626133,12.699283798666826
504,20,1173,162.18111108547726,20.007402952180602
504,20,1368,113.19859051364818,5.599833166076404
504,20,1258,120.96375653207349,7.19870604301889
504,20,1089,153.43494882292202,5.200158087208814
504,20,704,128.65980825409008,4.639945099589021
504,20,891,191.3099324740202,6.798692684790379
504,20,720,141.34019174590992,13.339842161318435
504,20,2040,142.1250163489018,8.086350532617999
504,20,1938,142.1250163489018,7.973254720972993
504,20,1850,146.30993247402023,5.042729056592992
504,20,1764,143.13010235415595,6.944444444444445
504,20,1632,146.30993247402023,4.839666141562401
504,20,1598,138.36646066342985,8.540137999143473
504,20,1073,146.30993247402023,10.375687123637379
504,20,1044,135,1.8608073189119674
504,20,684,135,8.70285269152674
504,20,560,135,4.532735776836843
504,20,527,135,5.237828008789241
504,20,510,138.0127875041834,9.749002932662108
504,20,1364,153.43494882292202,11.180339887498949
504,20,1230,138.0127875041834,9.678866220916337
504,20,336,129.0938588862295,13.929410897356961
504,20,247,135,2.049584873004486
504,20,60,248.19859051364818,3.6386248696854757
504,20,667,160.34617594194674,10.618620533798932
504,20,592,163.6104596659652,13.125959367903222
504,100,504,158.19859051364824,3.6142045685466466
504,100,396,221.18592516570965,7.280921789544282
504,100,340,265.9143832200251,10.553134471893383
504,100,340,192.09475707701208,9.67420342113267
504,100,1240,197.65012421993012,16.49056625802171
504,100,924,14.036243467926454,2.9662630400127057
504,100,988,0,3.3783783783783785
504,100,874,16.699244233993625,7.6206616853361675
504,100,882,351.86989764584405,5.161363366325165
504,100,987,0,2.0689655172413794
504,100,779,9.462322208025626,4.376088151293683
504,100,760,0,4.026845637583892
504,100,702,333.434948822922,6.674829783581463
504,100,2760,311.18592516570965,7.3311350432652755
504,100,2508,56.30993247402023,2.486587086526889
504,100,2597,36.86989764584405,3.4246575342465753
504,100,2080,308.6598082540901,4.268749491621899
504,100,1682,305.5376777919744,6.419645721673602
504,100,2814,270,1.3333333333333335
504,100,2556,11.30993247402023,7.61047688595938
504,100,2108,320.1944289077348,5.578749768504753
504,100,2211,350.5376777919744,4.1950086415849785
504,100,2112,0,2.684563758389262
504,100,1891,330.94539590092285,7.051801466429453
504,100,1767,45,6.379910807698172
504,100,1650,11.30993247402023,3.4452834551302596
504,100,1566,309.8055710922652,5.578749768504753
504,100,1484,0,2.877697841726619
504,100,2484,28.300755766006375,9.976231797455
504,100,1653,135,3.0968180197950983
504,100,1550,315,6.193636039590197
504,100,396,8.130102354155952,10.101525445522109
504,100,320,8.130102354155952,4.714045207910317
504,100,217,8.130102354155952,5.276916277511549
504,100,203,351.86989764584405,4.714045207910317
504,100,156,0,5.970149253731343
504,100,115,21.801409486351815,3.84654629081036
504,20,420,315,4.843197131414709
504,100,364,90,1.4084507042253522
504,100,72,0,2.1739130434782608
504,20,240,243.43494882292202,5.006122337686096
504,20,160,180,0.6993006993006993
504,20,108,180,2.8368794326241136
504,20,312,250.01689347810003,8.185104832671067
504,20,338,225,1.0029883421085781
504,20,378,180,1.4285714285714286
504,100,105,168.69006752597977,3.862893570903625
504,100,91,191.3099324740202,3.5409857733283228
504,100,78,213.69006752597977,2.6511406437235214
504,20,100,165.9637565320735,5.6480898981063845
504,20,48,180,1.4814814814814816
504,20,66,177.95459151111277,19.322656173961242
504,20,338,158.19859051364824,3.4083321564142426
504,20,192,9.462322208025626,4.253680091117635
504,20,210,26.565051177077976,6.434727992805151
504,20,156,18.434948822922024,9.166022203386607
504,20,380,16.699244233993625,7.676695962434228
504,20,380,11.30993247402023,6.937441515092225
504,20,380,17.10272896905235,9.511517838276534
504,20,360,6.3401917459099195,6.658371425101042
504,20,342,345.96375653207355,2.8832906472850772
504,20,621,14.036243467926454,5.8071910219967044
