2,20,5183,1.6086819982012877,10.879821489875663,14.456126446484022,584,405
78,20,5865,8.630747123996123,14.920277598061736,18.332044406773214,576,396
151,100,210,8.160832034670767,17.53173354297968,26.90263505128859,623,381
175,100,385,1.3513513513513513,3.9166983686688384,5.72653559113564,612,378
224,100,954,2.8852490032255353,4.944252973847543,7.259483824640069,666,380
237,100,468,6.160125944311169,7.237315229829928,8.224225021923846,602,383
268,100,1044,4.021346134376069,6.847965396597588,9.3580962004588,593,422
270,100,304,3.93983236138196,6.766560633081294,10.226669555440184,596,402
276,20,117,3.80523844297969,5.212713249477196,6.80856025423866,581,378
297,100,748,3.3326924925443038,5.749013636785021,7.534246575342466,665,379
299,100,1584,3.8873012632302006,5.500898197234447,7.61749035668087,625,382
347,100,144,6.105658580988667,6.626076551615523,7.387682788516169,636,431
360,100,588,6.063390625908324,7.15306852095403,8.242746415999736,664,394
550,100,12000,9.147320339189784,9.147320339189784,9.147320339189784,670,426
657,20,1927,6.69991708074726,9.17078146087121,12.768507798931314,578,419
729,20,11067,18.554868511419738,18.554868511419738,18.554868511419738,649,405
758,20,14362,16.008549050701685,17.135418643882378,18.070158058105026,576,407
861,100,504,2.5939217809093447,4.653556717613553,8.072129721188036,665,417
876,20,48,2.0401791355925027,5.922068553625306,10.661912325087169,603,395
914,100,160,2.2427501135945955,4.148741950995361,6.24509319871546,630,381
939,20,476,4.779411764705882,5.753206268100236,8.171135032529365,664,395
950,100,672,2.112676056338028,4.2485127329051355,6.802721088435375,622,393
963,20,221,2.2900763358778624,3.627880868747091,5.560177757447275,657,422
1018,100,720,0.7194244604316548,3.7955357730651884,7.027885049734888,667,413
1067,20,140,0.7042253521126761,4.514728669457863,7.61749035668087,655,390
1079,100,950,4.745683095211729,6.209652244390488,7.967217989988725,667,387
1152,20,1833,9.843215373488935,12.56600532119363,15.288795268898326,583,416
1369,20,1798,19.219462924391014,19.219462924391014,19.219462924391014,587,428
1377,20,11193,10.303051010189687,15.274089294045506,18.789606381147998,625,380
1390,20,360,24.455233545484635,24.455233545484635,24.455233545484635,622,422
1393,20,1056,12.147816447594376,16.49361497488725,19.067132861433457,619,404
1397,20,6970,6.146765284401101,15.244876423547641,28.726870499114277,661,391
1411,20,14378,6.868622703230626,10.741217434738745,12.51927526202774,650,383
1414,20,11280,2.2556390977443606,9.666941455500039,16.620315100290068,618,417
1432,20,8892,16.721309062648906,16.721309062648906,16.721309062648906,658,382
1449,20,14136,18.76614180154248,18.76614180154248,18.76614180154248,642,388
1525,20,360,4.594660227739293,5.028186643906938,5.461713060074583,581,384
1537,100,459,2.4,8.785837010836014,18.197594165855023,587,392
1561,20,90,3.3557046979865772,6.373939054045293,8.332551411367424,579,392
1580,20,740,3.105649968749708,6.5236293771698,8.793218331420725,670,389
1681,100,800,4.761904761904762,7.188993992543919,12.499624415966743,671,378
1706,20,429,4.79157423749955,8.989020207023266,11.803770905739885,594,405
1711,100,480,6.728250340783785,10.436623955656193,23.700469348192527,630,398
1749,20,578,9.60578501874767,9.60578501874767,9.60578501874767,594,429
1765,20,168,4.944802665640193,6.332498843362174,8.362218457494649,662,381
1769,100,792,3.3112582781456954,4.047601451327821,4.93911133625204,653,388
1772,100,495,3.84654629081036,5.974674967349968,10.154483023600251,664,406
1778,100,1395,2.1266369358993913,3.8108462739718467,5.055631867555915,592,386
1886,100,1026,1.4492753623188406,3.2555629441267864,4.761904761904762,612,428
2120,20,9894,18.475307431640427,18.475307431640427,18.475307431640427,651,390
2130,20,11543,12.318840579710146,15.542491190626315,18.76614180154248,647,385
2143,20,12192,18.894677019361264,18.894677019361264,18.894677019361264,659,394
2176,20,16530,21.587900755850534,21.587900755850534,21.587900755850534,589,420
2197,20,882,12.781152536092474,12.781152536092474,12.781152536092474,581,415
2198,100,1161,5.8422157596366295,5.8422157596366295,5.8422157596366295,603,428
2215,100,1786,10.266482242133124,10.727134896054762,11.4639581662674,579,423
2219,20,338,2.1223340001130064,5.42206667076862,12.038264600343535,579,392
2222,20,1196,8.072129721188036,8.072129721188036,8.072129721188036,646,424
2243,20,270,7.809420719857109,11.451726592273724,14.689497662407378,613,419
2258,100,429,0.6993006993006993,5.434037585796746,9.865005783087307,603,386
2262,100,64,2.1659436028550543,4.484145032489198,10.884353741496598,596,413
2265,20,105,1.3888888888888888,5.644098942487377,26.38888888888889,615,379
2279,100,360,2.452755969703394,4.360617472761008,5.74283064404901,612,419
2283,20,36,2.1512092926315507,4.452920584068303,8.383642831611308,608,390
2427,100,473,4.944802665640193,6.1180727172292535,7.4443523119414,648,395
2430,100,455,1.6563466499998445,4.869427391019349,8.220838152572757,639,391
2452,20,156,3.0769444967295976,4.702918079963884,6.328891663198171,595,428
2465,100,1794,0.6622516556291391,3.414382668858856,16.441676305145513,651,414
2478,100,364,1.4814814814814816,4.150583832722894,9.428090415820634,602,404
2532,20,345,1.0878565864408425,5.015861022762009,11.045799963811355,645,430
2549,20,55,1.5315534092464314,3.356285929478054,5.386379086832175,607,384
2605,20,13741,7.5316990309573475,11.093100523614117,15.372183070262954,582,404
2612,20,1584,0.6578947368421052,1.9621904221521909,3.6421567954234173,635,429
2614,100,325,0.7246376811594203,2.1943363553270583,7.297563831157798,595,389
2840,20,8938,7.592961294810465,9.897420553109223,12.20187981140798,665,392
2851,100,946,2.82842712474619,5.049972475954938,8.360654531324453,630,426
2881,20,7569,16.4953350394415,16.831864992706713,17.168394945971922,651,382
2933,100,594,2.9450754468697578,5.82888467885465,8.87994529970543,613,386
3006,100,264,1.0553832555023097,3.793547526127561,6.325239166943108,615,425
3015,100,946,4.652324226405147,5.04285169048828,5.276916277511549,658,430
3058,100,429,3.688469045982537,5.323973135330062,6.609770173822932,599,380
3073,20,324,3.2883352610291023,4.413794869645531,5.9867171800603165,577,422
3100,100,722,0.6896551724137931,4.984921726266379,8.992003317520895,620,388
3125,100,1012,2.436183294232425,5.077011127036074,6.707692694916606,656,396
3192,20,24,1.8982732380846916,3.6810729593841316,5.62243481506054,579,424
3323,100,640,3.4482758620689653,5.259185354130773,8.54357657716761,666,383
3324,100,444,2.2269560987101262,4.795671895091025,6.909818886568457,642,380
3618,20,252,1.49071198499986,6.426705449005998,21.086622336621993,643,427
3681,100,190,3.3557046979865772,7.293322158177166,17.839665443079973,653,391
3686,100,70,1.6086819982012877,6.081452925692181,17.16417910447761,650,379
3711,100,253,1.5421158465515792,3.905811005702521,7.142857142857142,629,379
3714,100,308,4.099169746008972,7.24360820034353,9.395538073328405,600,381
3748,20,224,9.808724138862056,9.808724138862056,9.808724138862056,670,419
3796,100,495,5.090985936559803,7.34824498208511,10.320344740895735,662,394
3800,100,798,7.838154946660847,10.53331289563686,14.444296166508073,593,426
3841,100,720,9.347911595425582,9.347911595425582,9.347911595425582,662,412
3884,20,1302,3.354618101047885,4.4741238094463425,6.154395227708816,593,387
3913,100,931,2.2750198994017117,3.9204932103661143,5.288731323516603,585,380
3922,100,931,2.521364528296496,3.960145762968191,5.5589584714335105,603,391
3941,100,1232,1.5636839003495033,3.3471064981149854,4.887881097276984,651,381
3982,20,42,2.211382979138727,4.238141802970084,15.286248630238397,605,396
4194,20,12524,13.743685418725535,16.820777649758405,19.897869880791276,640,391
4202,20,7100,5.812247445794238,14.326077836537767,18.87973634467506,636,387
4207,20,8325,8.948335861010161,13.552894163687787,18.157452466365413,665,386
4213,20,9639,13.208981727851777,17.464259867982626,20.486160345789095,580,389
4249,20,12375,24.75670365491615,24.75670365491615,24.75670365491615,649,395
4282,100,1848,0.7194244604316548,4.657908415898995,10.538899017383724,603,388
4306,100,697,4.643764088941408,5.767165499600964,6.890566910260519,671,391
4312,20,693,1.49071198499986,1.49071198499986,1.49071198499986,577,381
4313,20,54,2.2587697572631282,3.3024606095311273,4.626347539654738,630,385
4332,100,351,2,3.2927676071655,4.986376636493506,652,390
4375,20,468,1.6441676305145512,11.126917200956393,31.86791440479762,621,409
4393,100,154,2.9662630400127057,20.6397680374604,38.31327303490809,600,410
4419,100,385,3.6764705882352944,4.724385421409678,5.772300254584061,669,392
4420,20,1728,0.7352941176470588,3.2018713177764653,6.3743115757139215,656,380
4424,20,210,2.8852490032255353,3.362385925169645,4.0119533684343125,670,385
4450,100,345,3.8338492583404395,4.159674742764816,4.485500227189191,666,425
4488,100,784,2.7210884353741496,2.7210884353741496,2.7210884353741496,643,428
4525,100,308,4.137931034482759,5.597332597815073,7.077377197972458,635,378
4542,100,629,2.539120616523936,6.802244528387492,12.417077492029787,584,388
4579,100,1302,4.137933694080422,6.375572519084863,8.396946564885496,653,378
