13,100,81,0.9491366190423458,10.846455836780274,30.614911193110135,107,221
22,100,160,1.7069221202288474,2.6544825774202008,3.66337741981939,113,222
48,100,132,0.6711409395973155,4.591429474969573,30.83978942636676,160,223
54,20,171,2.2256489354715985,3.159779493598225,4.3617622898874195,185,257
156,100,288,1.36986301369863,4.842912192657278,15.949777019245435,174,258
162,100,228,0.7518796992481203,0.7518796992481203,0.7518796992481203,127,265
171,100,135,0.9889605331280386,2.6204278804411993,5.277195726963956,155,228
179,20,285,1.3513513513513513,11.870843641934174,43.08848624701063,142,219
205,100,112,0.6451612903225806,4.6940761800641715,31.435696553959918,169,226
216,100,230,1.6812541184208947,1.6812541184208947,1.6812541184208947,188,219
275,20,21,2.5571285641588575,22.677552867437058,36.73562856706254,145,216
283,100,36,2.0668481439009017,2.0668481439009017,2.0668481439009017,134,230
323,20,112,0.6622516556291391,2.1682165184143316,6.18761372972677,112,235
331,100,182,0.6666666666666667,1.9159842584126363,7.479395565464589,165,250
333,100,374,0.7352941176470588,4.057534542469078,6.410022284125093,151,217
341,100,36,0.986388905650158,2.8602117366183464,4.225352112676056,119,263
344,100,68,0.6711409395973155,1.9599619696153854,6.434727992805151,140,216
348,20,52,1.5315534092464314,6.951792141662884,26.53156422299496,161,241
353,100,154,2.1808811449437098,6.103935532596144,12.614360271056594,187,229
356,100,208,0.7042253521126761,2.433271153042024,11.197580205970208,143,216
363,100,42,0.6711409395973155,2.038768349846124,6.984958237798335,125,255
366,100,50,0.9959250439247148,1.907443425267699,2.9035955109983522,149,240
376,100,450,2.1659436028550543,2.1659436028550543,2.1659436028550543,174,217
384,20,216,0.6666666666666667,1.5776595569810024,4.049272149198126,140,255
387,20,208,0.6993006993006993,2.488612095503103,12.298767039840126,160,234
394,100,72,8.389858841504031,8.389858841504031,8.389858841504031,132,266
419,100,28,1.342281879194631,3.270230750490513,12.422599874998832,130,242
421,100,266,1.4388489208633095,2.4248803544748347,3.597122302158273,112,217
425,100,72,0.684931506849315,1.5687410059124478,3.225806451612903,111,232
448,20,32,0.6896551724137931,1.2330713234777118,2.1739130434782608,106,218
458,20,40,0.684931506849315,2.6128774082477677,5.687042242231255,128,230
460,100,35,2.049584873004486,18.125890321307295,31.458565534862675,177,224
509,20,28,1.1583434652631426,8.230107655497687,27.77777777777778,116,235
544,20,375,14.699787763874783,14.699787763874783,14.699787763874783,186,266
603,100,1376,8.12826382688863,9.975875268992285,12.27715233502494,165,254
687,20,416,11.213750567972976,11.213750567972976,11.213750567972976,187,265
940,20,20,0.7092198581560284,4.015828877108991,34.11771424857374,156,255
948,100,300,2.748737083745107,2.7632574307614424,2.7777777777777777,186,232
991,100,48,0.6578947368421052,1.7146358158881614,3.731343283582089,142,241
1012,20,40,2.211382979138727,13.18364273998795,24.989793835051284,132,227
1036,100,518,1.4705882352941175,3.3718405415364208,7.59493670886076,169,255
1056,100,12,1.4710973536182828,2.221753262925723,3.031695312954162,142,265
1065,100,99,0.6944444444444444,2.0125563142063556,5.077182070575939,96,219
1092,100,64,0.6756756756756757,2.1425764228956936,12.292725943057183,186,223
1096,20,120,1.5421158465515792,1.5421158465515792,1.5421158465515792,127,216
1100,20,112,1.3605442176870748,2.03791394114547,2.83901675233385,184,222
1103,100,112,1.0101525445522108,1.0101525445522108,1.0101525445522108,154,216
1107,100,476,0.9889605331280386,2.043083412732346,3.1411778475432097,185,225
1117,100,76,2.2587697572631282,2.2587697572631282,2.2587697572631282,182,216
1137,100,81,0.6369426751592357,1.6049679296996375,5.055631867555915,102,222
1145,100,76,0.9686394262829419,0.9686394262829419,0.9686394262829419,131,260
1158,20,132,0.7092198581560284,2.649761492396444,5.773372662444716,115,221
1164,20,132,0.9620500424306769,3.3228776242485365,11.168471004503616,153,233
1182,100,252,5.517241379310345,19.187961109878948,32.85868084044755,142,228
1187,100,100,0.6756756756756757,2.7956687514495515,21.48020287527323,156,235
1192,100,56,1.0101525445522108,2.355090066766503,4.160891658116289,170,227
1222,100,312,0.7092198581560284,2.2790629068325896,6.402461428675616,108,221
1228,100,92,0.6535947712418301,1.5961685813769786,5.637942481327657,148,237
1268,100,76,0.6802721088435374,2.6730460638178597,31.97462342561483,148,242
1284,20,630,5.484529080475204,7.695497129057624,11.627134512769326,172,267
1503,100,44,1.6086819982012877,5.5104383128150705,22.695947295590262,136,233
1513,20,450,1.5421158465515792,3.4699387674992535,5.397761688446928,178,266
1520,100,560,0.7633587786259541,2.3346941839249715,3.3879817840905906,141,253
1543,20,154,0.6369426751592357,3.597876979333177,14.109930229280964,153,263
1556,100,96,0.9491366190423458,2.5185264494528083,3.6764705882352944,177,248
1610,100,120,0.6578947368421052,2.942561508479441,5.928130697278345,141,234
1662,100,160,2.0348396580907844,4.913783532719179,14.510858256884628,154,229
1676,100,40,1.3157894736842104,3.11844604384297,6.802721088435375,131,262
1682,20,99,2.2427501135945955,12.62600054270934,31.47028587535821,106,230
1707,100,84,1.5421158465515792,2.526354752510115,4.244668000226013,151,219
1709,20,24,1.36986301369863,4.886133551216585,14.833321773704286,155,218
1712,100,288,1.950639396376683,2.8297424531233006,3.8192658206627685,152,222
1734,100,35,0.9428090415820635,2.7483539081061337,4.40779893499871,100,221
1739,20,56,2.5571285641588575,27.19418470156104,64.33296421242775,158,253
1754,100,77,1.4184397163120568,7.773366227789371,26.38597863481978,169,220
1755,100,60,2.083333333333333,3.414658341601259,6.376122197998157,158,219
1787,100,72,0.6993006993006993,2.3481421338183965,4.22414064604043,128,241
1799,100,104,0.6535947712418301,1.9131085798820606,5.621055095603639,111,222
1807,20,28,1.3793103448275863,3.4628337245048795,7.751937984496124,167,229
1816,20,240,1.0878565864408425,1.8602378857387891,2.797202797202797,189,219
1889,100,96,0.7092198581560284,3.1532896172760014,26.240546696899276,114,259
1957,20,80,0.6622516556291391,1.6837274733123941,4.442519160595609,101,220
1993,100,128,0.7092198581560284,6.452410730893621,15.619681343455,170,228
2006,3,1288,0.23364485981308408,6.560057314902664,11.545262834113267,125,239
2092,100,60,2.127659574468085,2.127659574468085,2.127659574468085,159,232
2139,100,30,2.1223340001130064,2.1223340001130064,2.1223340001130064,191,222
2164,100,48,2.1512092926315507,2.2005758610923327,2.2915055508466518,98,221
2246,100,840,2.510382720441558,3.4978651659305102,4.485347611419463,148,260
2248,100,200,0.7246376811594203,1.8659151932604197,2.857142857142857,170,237
2257,100,756,4.137933694080422,5.313331252476746,6.699903266527962,175,245
2261,100,66,0.628930817610063,1.5557782428521298,4.918993168432782,161,256
2296,100,216,1.6086819982012877,2.2880808666246013,3.105649968749708,170,231
2337,100,275,8.304547985373997,8.304547985373997,8.304547985373997,186,219
2384,20,56,0.7142857142857143,2.3379464467788464,4.6790481002294,121,236
2390,100,20,0.6802721088435374,1.9503561845461526,3.6163258961650957,142,240
2398,20,160,0.9959250439247148,3.155082709496804,8.536052878135456,187,262
2426,100,80,0.7142857142857143,3.2061355717711484,10.22482834487943,136,246
2466,100,234,0.6896551724137931,2.466608449464342,12.422360248447205,165,251
2467,20,28,2.1266369358993913,4.45003890906384,6.77344088222829,150,268
2481,20,28,1.49071198499986,2.5881121748248255,4.794520547945205,129,245
2493,100,180,1.4808397201985364,6.292570026357923,21.10955390637345,189,241
2498,100,220,3.042269357142571,3.274561138229457,3.4687207575461123,186,238
2503,20,80,1.5007167634226777,2.354856241494829,3.4687207575461123,180,249
2524,100,84,0.6896551724137931,1.5165138064608472,3.0968180197950983,112,248
2539,100,96,0.6756756756756757,3.0606691962682837,9.555497043061454,187,227
2547,100,100,1.2903225806451613,2.6201332641896515,4.417387799125228,168,238
2551,100,30,0.9753196981883415,2.174505051380205,3.6949416765165104,165,222
2556,100,105,0.6756756756756757,1.5331632070851025,4.489566864676493,148,260
2559,100,60,0.6896551724137931,1.845317896402269,4.502150290268033,97,225
2643,100,64,1.6086819982012877,2.325475677671929,3.042269357142571,124,235
2707,100,147,0.9753196981883415,2.30111780054106,6.842968850192395,110,246
2737,100,165,0.6578947368421052,2.2466924930926706,6.3743115757139215,111,219
2879,3,45,0.6622516556291391,1.559348217651086,4.969039949999533,123,226
2919,20,272,1.032272673265033,2.1133277491323663,3.1943828249996997,188,266
2920,100,115,0.6329113924050633,1.9396225153433888,5.785370130301225,129,244
2925,100,176,0.9491366190423458,1.9786256774460107,3.4013605442176873,178,265
2963,100,264,5.557335793343906,5.557335793343906,5.557335793343906,189,269
2979,100,99,0.6896551724137931,4.670540663859085,21.158062255569217,139,252
3012,20,351,0.6622516556291391,3.6237684583421275,5.313948824292349,146,224
3039,100,66,0.6756756756756757,2.2070832490744405,5.263578504326992,102,219
3051,100,102,0.6711409395973155,1.132241096161744,3.031695312954162,123,239
3060,20,54,1.5315534092464314,2.610098754348572,4.049272149198126,132,234
3064,100,28,0.6711409395973155,1.641679451788861,4.137933694080422,113,221
3075,100,108,0.9491366190423458,5.721180368905512,41.5110832959333,131,248
3105,20,32,15.636340359982054,15.636340359982054,15.636340359982054,137,222
3106,20,24,0.9753196981883415,2.497181073008193,7.61047688595938,118,217
3125,20,216,0.9555497043061454,2.484229236254141,6.4926369417555545,163,247
3157,100,126,0.7299270072992701,1.4214003842771756,2.142857142857143,141,268
3167,100,161,1.6441676305145512,2.278644405125503,2.670778722565918,177,262
3173,100,44,0.9007729696643919,3.8549000270101708,10.965757935088085,186,232
3187,20,176,0.6756756756756757,1.460751246431731,4.5057500224431255,137,269
3199,20,15,0.6578947368421052,3.279332035005831,19.18580042735323,101,220
3200,100,104,0.6756756756756757,1.3665447618555315,4.714045207910317,129,249
3214,20,90,1.6086819982012877,2.5251216838450055,3.731343283582089,179,231
3218,100,21,25.647178748895122,25.647178748895122,25.647178748895122,112,234
3256,20,12,1.36986301369863,8.584788006705816,17.869835439413478,160,218
3263,100,481,0.684931506849315,4.682580730680545,21.050811460504722,185,218
3273,20,70,0.7299270072992701,1.8120974860352803,3.0769444967295976,137,226
3307,20,252,0.5152230362902741,3.036602631940471,6.632765796613588,160,218
3316,20,588,0.6944444444444444,3.1609427062059856,8.202700899993797,162,217
3350,20,75,0.6493506493506493,2.0662248502456917,5.0870991452269605,171,225
3357,20,120,0.628930817610063,6.964861141557052,65.87751212181678,156,241
3362,20,285,14.07315510314553,14.07315510314553,14.07315510314553,186,261
3364,100,120,0.7042253521126761,5.208563648121661,33.580999170749564,133,218
3369,20,56,0.16501908545777075,6.118159848800112,74.93888971260533,121,235
3396,20,646,9.300816647554058,10.843404492774539,12.38599233799502,185,264
3422,100,198,8.332551411367424,8.332551411367424,8.332551411367424,97,222
3449,100,32,0.6802721088435374,0.7138133881844226,0.7352941176470588,160,216
3483,20,475,14.360439485692009,14.360439485692009,14.360439485692009,189,264
3642,100,84,0.9304036594559837,2.9013701055380476,12.417077492029787,165,239
3645,100,490,1.3888888888888888,2.423184731618953,3.688469045982537,167,265
3676,100,65,0.6329113924050633,2.267122082129034,5.717913296665637,133,249
3767,100,28,0.6944444444444444,1.4118029666237777,2.9877576997229425,115,259
3805,20,36,0.6711409395973155,2.675969607976071,18.15544438181676,136,236
3824,100,114,1.342281879194631,2.5345215965106513,3.565747911603346,104,217
3846,20,130,1.9641855032959656,2.1884894426125334,2.4198330707812006,183,219
3883,20,64,1.4285714285714286,3.4460258164604043,6.9602043392737,151,219
3888,100,252,0.7092198581560284,2.349888993552378,6.725016473683579,181,242
3908,100,44,0.7092198581560284,2.0156900589148568,5.677646301618696,122,223
3916,20,76,0.7142857142857143,8.016380087993157,55.40035484367901,152,244
3921,100,168,0.7042253521126761,3.0923967988126226,20.174233393016976,110,237
3973,20,28,0.9065471553673687,0.9930497465283772,1.0795523376893856,114,253
3997,100,364,10.706043954824292,10.706043954824292,10.706043954824292,179,225
4023,100,72,0.6622516556291391,2.0265015135882845,4.8102502121533846,136,224
4044,100,44,0.641025641025641,2.3161594218100574,11.678832116788321,172,228
4287,100,408,0.6944444444444444,3.039089167974166,7.838154946660847,117,240
4293,100,198,1.0174198290453922,2.0907020943908563,3.105649968749708,137,266
4308,100,168,0.6896551724137931,3.2993452780828494,15.70293065800139,176,269
4357,100,176,0.6944444444444444,2.4803597649667033,7.131495823206692,130,250
4428,100,156,0.9620500424306769,1.2857189686667205,1.552824984374854,160,269
4490,100,54,0.6993006993006993,4.450642470207763,24.051251060766923,140,247
4504,20,77,0.6329113924050633,1.967093000472506,11.142710621747295,127,269
4517,100,60,0.7092198581560284,2.8443753869960204,4.221533022009239,145,247
4522,20,60,2.2388059701492535,2.2388059701492535,2.2388059701492535,191,237
4548,20,24,2.8832906472850772,8.73346588361557,19.70078110739654,158,225
4568,20,55,0.6711409395973155,1.9617162984568226,3.571428571428571,116,226
4594,20,77,0.6666666666666667,2.5289159738521474,25.682719406724967,113,253
4632,20,25,0.4944802665640193,3.175891162694534,7.626392697027408,100,217
4633,100,195,0.6711409395973155,2.2552501912797296,7.199741357333567,136,220
4693,100,30,0.9959250439247148,2.1077316017846552,6.402461428675616,107,223
4722,20,475,8.907824394840505,8.907824394840505,8.907824394840505,190,267
