151,100,1288,3.84654629081036,5.846542090787547,7.985957062499249,642,479
175,20,368,3.119588740528886,5.177964907648271,8.262140761587956,577,465
193,100,1104,1.3888888888888888,5.316184752481712,10.52780960535026,644,463
207,20,231,2.7210884353741496,6.331384388743688,9.34762662398956,636,455
215,100,840,7.121938803317746,7.121938803317746,7.121938803317746,669,480
219,100,744,4.384174357026542,4.861708949473055,5.3392435419195685,653,459
224,100,832,3.4246575342465753,6.757241927613874,8.512338532620877,605,478
288,100,2464,2.3599087016181937,4.24447822649852,5.442040602113077,657,483
297,100,407,6.211180124223603,9.556923986128975,14.276829293343823,625,446
550,100,1240,0.7462686567164178,3.293746727993079,6.1445180478875905,605,485
638,20,1392,15.125033123473841,17.946789986096046,23.127784124960225,578,452
657,20,2520,6.54264343483113,8.4410732574935,10.706043954824292,649,436
715,20,2025,13.23119311834925,14.63251430624286,16.033835494136472,582,476
717,20,2322,14.85736712098065,18.00892892726037,20.938124996223248,577,435
861,100,592,3.4138442404576947,5.028745129851954,7.626392697027408,580,465
876,20,72,2.9421947072365655,9.845681752635803,27.983669552196723,578,454
950,100,858,2.3956648940669543,4.6073020763906305,6.936750832394561,627,470
986,20,880,5.804734062908601,9.509306755454197,13.751377320136204,626,443
1018,100,880,1.5746957588026689,3.4572684282047113,6.3324371595366555,647,485
1067,100,752,2.9421947072365655,5.102891724955668,9.070997543424761,647,434
1080,20,364,1.5971914124998499,13.496975415729572,54.03351864928172,640,476
1142,100,495,6.105658580988667,8.334879631045018,10.564100681101369,662,477
1152,20,1554,14.921203102879712,15.393869435583122,15.866535768286532,612,439
1369,20,2013,12.767205771423773,14.256395938787009,17.14549511427275,620,459
1374,20,1750,10.455025700324484,15.592184702853388,18.248175182481752,587,446
1390,20,702,10.543311168310996,11.003634667289198,11.4639581662674,652,439
1491,100,1770,2.5974025974025974,5.068969999131189,10.22494273636827,624,466
1510,100,2556,2.1266369358993913,4.222719974992631,6.417674239494288,651,482
1517,100,1484,1.5315534092464314,4.404625578956734,8.497875200080468,665,439
1537,100,704,1.8015459393287838,2.7804722177846926,3.7593984962406015,602,432
1562,20,340,0.6944444444444444,3.2011663158732797,5.23748912897879,621,479
1575,100,1026,6.632765796613588,6.632765796613588,6.632765796613588,670,455
1580,20,675,5.633673867912483,8.167174404987183,9.46217309512506,578,468
1633,20,312,3.0095661500858837,5.880737946555052,8.086350532617999,648,465
1689,20,56,5.421881617239081,9.405920728091646,24.283013590938967,624,454
1699,100,442,1.5858638138296381,5.506401886057081,9.715336077668175,650,472
1703,20,247,2.8169014084507045,3.9159215594967973,5.014941710542891,603,474
1706,20,686,1.8608073189119674,8.06861276761696,31.285555282496958,639,433
1716,100,840,10.93690597054326,10.93690597054326,10.93690597054326,579,480
1737,20,481,6.23356903408886,19.48889700196558,66.24957947177748,662,467
1749,20,684,8.75583041564824,9.801044284746016,12.23021582733813,607,434
1769,100,1056,4.106304151299508,4.802208670966795,5.484529080475204,665,440
1778,100,1680,2.2427501135945955,4.472218965553056,6.538684012264459,580,480
1886,100,950,1.4808397201985364,3.178596074882762,4.929577464788732,619,484
1910,100,774,1.4710973536182828,4.5020633080731125,6.4926369417555545,598,474
2116,20,3080,13.1125426790613,15.17277277728327,19.44406936956339,593,450
2122,20,1224,16.724436914989298,19.072037755711534,21.41963859643377,583,440
2198,20,918,0.7246376811594203,4.774601317417494,9.147320339189784,615,457
2215,20,1080,0.641025641025641,1.4041690108556377,8.93041425370226,626,456
2219,20,1053,0.9753196981883415,2.648662528540791,4.639945099589021,652,439
2222,20,375,0.4975124378109453,1.9724691808717558,8.762212647651516,651,433
2279,100,350,5.560177757447275,8.137784948431378,13.744585017656691,596,440
2283,20,108,4.708179586347683,4.708179586347683,4.708179586347683,577,432
2301,100,204,2.2750198994017117,4.428276037808373,5.973836991001824,579,481
2465,100,266,0.7407407407407408,4.431283871291345,10.436376517532107,628,437
2478,100,396,4.3617622898874195,4.959327590111798,5.353021977412146,581,436
2500,100,377,3.4687207575461123,5.3701345134113625,7.6521840610680405,587,455
2532,20,240,0.641025641025641,1.6729596491177765,7.1803038054314134,653,437
2612,20,754,1.5267175572519083,3.5417366253921307,6.168463386206317,666,438
2820,100,4288,0.684931506849315,2.3317417992400276,4.532570224661736,670,478
2851,100,861,3.731343283582089,5.581850681894894,7.462686567164178,591,457
2932,100,667,0.6493506493506493,4.717225600472212,15.57318225305825,639,447
2933,100,160,2.307692307692308,4.768653269839026,8.181748901620194,583,484
2990,100,738,2.6430164266779874,5.001571821305872,7.799719803778031,663,480
2999,100,1584,3.5908588123892846,6.551188325332909,9.511517838276534,660,485
3006,100,192,2.175713172881685,4.503049374936525,7.4351164978168445,609,437
3007,100,1134,7.352941176470589,7.352941176470589,7.352941176470589,670,484
3015,20,736,2.4325212770525995,4.499806423716608,6.597189602836785,615,473
3053,100,315,13.195270758391572,20.498079772813973,27.800888787236378,590,462
3100,100,966,2.9421947072365655,4.857073684232396,6.776309271789384,634,451
3178,20,36,3.325085181949726,10.241836714814818,34.76663509511705,625,477
3179,20,867,4.285714285714286,6.018317098209282,10.344701557492257,632,479
3190,100,861,3.5211267605633805,5.246569303077689,7.932944636369142,640,455
3262,100,741,1.885618083164127,4.594073116967179,7.539110505485567,643,482
3323,100,880,2.8832906472850772,5.158048599401068,6.699903266527962,641,443
3324,100,574,3.240678228260565,5.304846327078296,7.9463028900627775,621,435
3594,100,840,5.200078492343227,6.438538001864012,8.086350532617999,595,477
3618,20,252,2.3082318687360432,5.714426742979567,9.603155678075606,624,450
3632,20,528,4.106854104114778,5.182621200060623,6.538684012264459,657,474
3653,20,936,2.670778722565918,4.438086668368704,5.93376319876823,641,480
3656,100,629,0.6944444444444444,3.9925141666507664,7.0710678118654755,614,476
3681,100,364,1.5636839003495033,3.502318216171665,6.328891663198171,639,438
3711,100,525,3.968253968253968,5.963774383271304,8.49673202614379,635,466
3714,100,350,4.082390959931691,5.581359608855995,7.027885049734888,647,446
3748,20,224,3.365728004459065,6.602059991035657,8.469954460226477,649,449
3751,20,897,1.6812541184208947,6.555346639787627,10.886867590231336,623,470
3800,100,846,3.2896900087695387,5.817393765203054,8.097992191179705,634,440
3830,20,1232,5.442176870748299,10.15793517117759,17.54863544550556,658,451
3841,100,720,0.9820927516479828,3.681685749736408,15.22708427442559,578,476
3849,100,270,2.86326779556782,4.485069012287727,6.106870229007633,583,483
3852,100,546,5.288731323516603,7.543084535290496,9.281454878623457,608,461
3878,100,980,6.844321494755415,7.184296953691376,7.76412492187427,661,448
3884,20,1598,3.565747911603346,4.537803057162903,4.979625219623574,601,444
3888,20,504,1.3888888888888888,4.664109127123212,8.389858841504031,577,449
3894,20,924,3.580287499678722,4.095239067528742,4.541222863427552,584,476
3913,100,969,1.6687074458953657,5.282127167728144,10.085458113185984,609,432
3922,100,690,3.205128205128205,4.360163956123793,5.758755534498964,643,462
3941,100,1947,1.49071198499986,3.5905751661300327,5.769525080199931,638,435
3943,100,912,3.4722222222222223,4.686246451092977,5.852057359806528,576,466
4003,100,765,8.420695509644963,8.420695509644963,8.420695509644963,578,483
4282,100,1992,1.5858638138296381,3.376972978278791,4.9104637582399135,590,433
4295,3,533,0.9820927516479828,6.2655615841577115,20.322838174804474,604,466
4298,20,408,2.8048337589235786,6.149703202342462,12.318912453898522,662,432
4306,100,931,3.2467532467532463,5.040169255318581,8.649871941855231,671,440
4313,20,108,3.787878787878788,8.936192915066155,14.084507042253522,603,433
4328,20,210,5.252257314388903,6.456595614359853,7.760928086193814,634,456
4371,20,520,4.539375022610612,6.035537026783979,7.5316990309573475,659,469
4375,20,630,3.80523844297969,7.221194214275697,9.47438313174205,657,454
4389,20,240,6.8493150684931505,7.802572742070696,8.75583041564824,580,476
4403,20,390,1.5636839003495033,4.774911424049609,13.995078199875339,584,484
4411,100,242,7.335675635854664,7.335675635854664,7.335675635854664,666,439
4420,20,2280,0.6993006993006993,2.233300854552857,4.724087276408007,604,435
4482,20,24,2.372073207542098,3.564832324515506,4.757591441488914,584,468
4483,100,840,0.9686394262829419,2.483762111776827,8.534610601144237,667,445
4488,100,840,0.7246376811594203,3.631171284714132,10.893693027806455,584,476
4597,20,589,5.47897345745605,5.927407785476022,6.643648684546903,576,467
4610,20,132,3.4722222222222223,4.189602158319584,5.567769930602736,597,471
4623,100,945,8.534610601144237,10.777078261808224,13.019545922472211,670,471
