5,20,650,1.0174198290453922,2.6281108112245124,3.571428571428571,207,51
9,20,65,0.6993006993006993,1.1994770966629433,3.1717276276592763,200,52
10,100,60,0.7042253521126761,1.4965379562779038,4.944802665640193,192,67
50,100,33,0.7042253521126761,1.047780695641485,1.4084507042253522,194,53
83,100,64,2.5939217809093447,2.5939217809093447,2.5939217809093447,215,70
130,20,700,2.521364528296496,5.039563435527371,10.227015045197394,180,63
152,20,700,2.966881599384115,4.0174322434127845,5.114257128317715,211,60
162,20,360,2.8240449490531923,3.7146683758448864,4.606564199591977,214,61
164,20,550,2.966881599384115,5.8431044268392816,9.448174552816013,203,69
177,20,1176,5.187843561818689,6.814235128514821,8.212608302599016,197,71
196,20,525,9.05444778500368,9.05444778500368,9.05444778500368,205,67
199,20,437,6.10093990570399,6.905336545659541,8.212608302599016,215,60
214,20,460,4.135426875776809,5.091279780680382,6.597189602836785,210,63
219,20,437,4.573660169594892,5.276441575185413,6.597189602836785,210,61
225,20,420,5.598790102985104,6.345494342272694,7.092198581560284,215,61
231,20,380,7.042253521126761,7.042253521126761,7.042253521126761,208,68
245,20,368,6.461630912367536,6.461630912367536,6.461630912367536,209,68
247,20,136,5.150787536377127,6.473790459715668,8.212608302599016,200,62
251,20,437,6.0579755401708635,6.350812112358883,6.643648684546903,204,67
253,20,806,5.078241233047872,6.270420504832821,7.042253521126761,204,63
261,20,128,5.758755534498964,6.333994338051362,6.944444444444445,200,61
267,20,84,5.758755534498964,7.189095965501608,9.117765601682027,215,59
268,20,812,8.362218457494649,8.362218457494649,8.362218457494649,207,64
271,20,500,5.007710104811096,5.8692657681144045,6.690766760323832,206,52
278,20,483,9.380147345615322,9.380147345615322,9.380147345615322,206,67
282,20,440,2.452755969703394,2.6668901266287017,3.2643328138683065,213,63
290,20,98,7.092198581560284,7.092198581560284,7.092198581560284,184,60
291,20,420,6.55137578615042,7.882252092667187,9.213128399183955,215,62
292,20,805,0.9959250439247148,2.1593705198733297,3.2173639964025753,211,51
293,20,2325,0.6944444444444444,3.0154353781909693,4.606564199591977,214,60
316,100,221,0.6944444444444444,1.0710294973347239,2.2427501135945955,213,54
342,100,44,1.5315534092464314,1.7713828169753265,2.1739130434782608,187,50
348,100,56,0.6993006993006993,3.8505773143415722,14.845526615577743,180,48
362,100,133,0.7042253521126761,1.6720562275216901,3.1943828249996997,202,50
387,20,150,0.7042253521126761,1.5656422434771011,3.008965026325734,187,53
389,100,66,0.684931506849315,0.9208734717205765,3.1493915176053378,196,55
468,20,1452,2.5939217809093447,3.7156133286605546,4.446614053772811,214,64
478,20,621,2.898550724637681,3.511259803855145,4.225327460032827,204,70
485,20,440,3.1717276276592763,3.8624473839456073,4.6584749531245615,214,60
488,20,88,5.007710104811096,5.698237877405248,6.388765649999399,192,55
494,20,396,3.546099290780142,3.716769388346562,3.9837001756988593,215,60
503,20,460,4.106304151299508,5.387306957373817,6.417674239494288,215,59
509,20,460,4.509242420727358,4.931519730728403,6.0156120748549835,215,58
538,20,440,5.461713060074583,7.395475562289403,8.569536151485513,210,58
541,20,483,6.0156120748549835,7.194781182695141,8.781694687578202,209,59
553,20,418,8.84533015632877,10.122431166210013,11.39953217609126,212,60
562,20,572,6.690766760323832,6.841886876665413,6.993006993006993,209,63
563,20,598,6.8493150684931505,7.049879414875801,7.250443761258452,215,61
568,20,361,5.461713060074583,5.861024796325375,6.188723213699731,215,59
571,20,483,5.973836991001824,6.233236966378689,6.4926369417555545,215,59
575,20,744,5.637942481327657,6.293078343263796,8.098544298396252,195,64
585,20,475,5.560177757447275,6.055776771798847,6.55137578615042,210,63
590,20,520,6.690766760323832,8.237998671073946,9.78523058182406,201,71
600,20,144,9.18197521859528,9.552574748386856,9.923174278178431,208,64
606,20,170,6.643648684546903,6.643648684546903,6.643648684546903,209,65
612,20,456,6.936750832394561,7.99559930869912,9.05444778500368,215,58
614,20,460,8.029404402106605,8.738761914968265,9.448119427829926,208,64
623,20,550,8.657131642364329,8.657131642364329,8.657131642364329,208,65
631,20,462,6.0579755401708635,6.350812112358883,6.643648684546903,211,63
637,20,529,6.690766760323832,8.91277362693723,11.13478049355063,214,61
646,20,483,8.212608302599016,8.404387114586022,8.596165926573029,211,60
661,100,837,0.6944444444444444,1.385924772231568,2.539120616523936,215,61
680,100,275,0.6993006993006993,1.9580229267774825,5.461713060074583,197,56
684,100,104,0.6711409395973155,1.9106296001000465,6.874649261535878,188,62
688,100,40,0.6802721088435374,2.3187283352331876,10.904405724718549,190,58
695,100,27,0.6993006993006993,2.2016904860737725,6.874516652539955,184,55
722,100,33,0.6993006993006993,1.3238891074175552,2.0059766842171562,189,56
724,100,36,0.7092198581560284,1.1706238708125485,1.5858638138296381,197,71
733,100,40,0.6802721088435374,1.5832646460047417,4.106304151299508,183,59
739,100,40,0.9820927516479828,0.9820927516479828,0.9820927516479828,191,48
794,100,264,0.684931506849315,0.7047197378164282,0.7299270072992701,203,71
813,100,783,0.6993006993006993,1.999005809494533,4.861111111111112,213,57
836,100,42,2.049584873004486,2.049584873004486,2.049584873004486,193,56
838,20,650,2.5753937681885635,3.0865409458345607,3.5211267605633805,206,68
866,20,575,1.9372788525658837,2.626683366243079,2.987775131774144,213,63
874,20,460,3.546099290780142,3.860804183011114,4.069679316181569,212,62
879,100,2190,1.5746957588026689,1.5746957588026689,1.5746957588026689,215,71
889,20,418,4.106304151299508,5.499445323891952,7.142857142857142,209,48
892,20,360,3.955842132512154,4.263674103885042,4.757591441488914,213,64
893,20,500,7.354021529276429,7.354021529276429,7.354021529276429,182,62
894,20,567,2.92418838696288,3.673563837746478,4.509242420727358,214,61
897,20,525,4.573660169594892,4.71733875599287,4.861017342390848,210,64
902,20,380,2.86326779556782,3.9712443599075766,4.541222863427552,215,60
906,20,600,5.114257128317715,5.151050345068202,5.187843561818689,210,64
933,20,400,6.597189602836785,7.1283161555544154,8.144110179279556,210,60
950,20,525,7.042253521126761,8.344343253022757,9.646432984918754,209,63
969,20,418,9.117765601682027,9.4165508396751,9.715336077668175,208,62
973,20,504,7.142857142857142,7.380109496214476,7.617361849571809,214,61
981,20,572,7.308549882697276,7.308549882697276,7.308549882697276,207,68
995,20,480,8.476774733148403,9.0276375457064,9.578500358264396,212,64
1004,20,1152,1.0101525445522108,3.220691053213833,7.486018177982149,189,70
1010,20,864,1.977921066256077,3.0706225670508216,6.254735601398013,215,52
1028,100,138,0.6896551724137931,1.2823963389992283,2.9462782549439477,213,53
1032,100,48,0.6944444444444444,1.4778450853428857,4.069679316181569,197,67
1041,100,210,3.9837001756988593,4.513214616145926,5.042729056592992,209,55
1046,100,52,0.6896551724137931,1.2260437117000302,2.521364528296496,202,55
1048,100,45,1.0029883421085781,1.6942957139652666,2.8435211211156277,182,54
1089,20,1736,3.1493915176053378,3.1493915176053378,3.1493915176053378,214,71
1162,20,560,6.211299937499416,6.3749919748819375,6.538684012264459,209,66
1184,20,440,7.092198581560284,7.6587308588786245,8.212608302599016,214,59
1195,20,864,5.598790102985104,7.623185960249098,10.22851425663543,210,57
1200,20,546,7.4597612595806675,7.921702045595987,8.383642831611308,207,64
1210,20,2340,5.539184167309684,7.945750194364895,10.085458113185984,214,56
1217,20,450,6.10093990570399,7.318496391919723,8.536052878135456,213,62
1223,100,104,3.571428571428571,4.204808995874076,5.598790102985104,196,51
1229,20,456,6.10093990570399,6.10093990570399,6.10093990570399,212,66
1236,20,483,6.0156120748549835,7.100848253917282,8.596165926573029,215,58
1240,20,483,6.643648684546903,7.2585453094877765,7.671385692476573,211,59
1265,20,480,8.596165926573029,8.596165926573029,8.596165926573029,206,68
1269,20,504,7.194244604316546,7.194244604316546,7.194244604316546,208,66
1284,100,176,0.6944444444444444,1.8538281637328566,5.090985936559803,187,55
1288,100,52,0.6993006993006993,1.304845856146786,3.1717276276592763,205,48
1295,20,1036,2.0059766842171562,3.3252394071280995,4.944802665640193,211,58
1297,20,567,2.2269560987101262,4.131618546136986,8.242746415999736,193,57
1302,100,88,0.9889605331280386,1.9728782517606052,4.626347539654738,193,57
1311,100,2010,2.196026152894708,2.196026152894708,2.196026152894708,213,70
1312,100,176,1.0029883421085781,2.170037825600473,3.7658495154786737,198,51
1378,20,1071,2.86326779556782,3.6733957052671573,5.078241233047872,213,52
1404,20,357,2.452755969703394,3.5647480926245336,4.3514566379442545,214,59
1412,20,1073,3.1717276276592763,3.639015889479392,4.106304151299508,191,68
1418,20,440,3.1943828249996997,3.5592509892458573,4.049272149198126,212,61
1422,20,418,3.1493915176053378,4.000195632914119,4.79157423749955,198,51
1425,20,391,3.1717276276592763,3.5486123819879216,4.135426875776809,209,48
1427,100,1215,2.521364528296496,4.00169738872835,4.708179586347683,213,56
1433,100,624,2.3252041618885144,3.394842415364048,4.135426875776809,214,60
1456,20,580,2.2269560987101262,3.728383739722586,4.69105170104851,205,50
1459,20,588,8.596165926573029,9.339569253172556,10.08297257977208,212,64
1465,20,504,7.873478794013344,8.944449501817768,10.015420209622192,215,62
1475,20,567,7.671385692476573,9.513339147856982,11.355292603237393,212,61
1478,20,480,6.0156120748549835,6.843498883665778,7.671385692476573,210,60
1500,20,456,6.402461428675616,7.108096960803547,7.671385692476573,214,58
1504,20,460,6.0156120748549835,7.336371858609656,8.657131642364329,214,61
1505,20,525,6.585388898066348,7.3419665982313,8.098544298396252,201,70
1506,20,783,0.7194244604316548,2.107011389534718,3.030457633656632,214,55
1508,20,891,2.8832906472850772,3.4947706769192517,4.724087276408007,212,54
1510,20,420,0.9889605331280386,1.8402511281721674,3.597122302158273,205,48
1516,100,52,0.9820927516479828,1.1903149691953996,1.5858638138296381,183,56
1528,20,247,0.6896551724137931,1.4504660889843006,2.987775131774144,201,64
1549,20,1215,3.105649968749708,5.801920760008452,12.609593441648279,184,71
1553,100,40,0.9959250439247148,2.052154180220388,3.105649968749708,191,52
1566,100,40,0.6896551724137931,2.1701687294832968,4.6164637374720865,185,52
1610,100,114,0.6944444444444444,1.0508383165060156,3.668359362296967,193,71
1703,20,126,3.1943828249996997,4.32155862457499,6.0156120748549835,202,48
1708,100,120,3.1273678006990067,4.072395858342192,4.839666141562401,199,49
1711,20,598,5.078241233047872,5.078241233047872,5.078241233047872,197,70
1715,20,420,3.0631068184928627,3.5718702148395893,4.164965639175215,215,62
1717,20,1100,4.135426875776809,4.135426875776809,4.135426875776809,214,71
1719,20,418,3.6386248696854757,4.125160842692911,4.7430549906909985,212,62
1720,20,437,2.5753937681885635,3.6052860490724905,4.826045994603863,215,60
1739,100,195,4.757591441488914,6.070717776800712,7.250443761258452,188,59
1745,20,1050,5.114257128317715,5.114257128317715,5.114257128317715,211,70
1753,100,988,6.447233886218802,6.447233886218802,6.447233886218802,211,67
1765,20,756,3.8745577051317674,5.806236992090365,7.570316280137501,207,66
1781,20,529,3.4482758620689653,4.187719631697136,4.573660169594892,211,61
1782,3,525,1.0029883421085781,2.1553809028465873,3.105649968749708,205,48
1829,100,288,0.6896551724137931,2.384143919855123,6.10093990570399,186,55
1830,100,88,0.6756756756756757,2.3042233647836823,14.20211659184453,193,54
1835,100,40,0.6666666666666667,1.3479190793396598,2.670778722565918,181,66
1844,100,88,0.684931506849315,1.8485324333814728,6.944444444444445,204,55
1848,100,91,0.6896551724137931,1.179728287969259,5.090985936559803,183,53
1858,100,36,0.6993006993006993,1.4371504716341015,4.485500227189191,190,53
1934,100,300,0.6756756756756757,0.9193354543437577,1.977921066256077,194,54
1950,20,2064,3.240678228260565,4.025464220206975,4.8102502121533846,214,68
1955,20,572,1.5858638138296381,2.349823417774648,2.9450754468697578,197,54
1966,20,99,5.042729056592992,5.042729056592992,5.042729056592992,188,53
1977,20,252,0.9959250439247148,3.212727278458542,5.659601214425112,201,54
1978,20,1102,5.677646301618696,5.677646301618696,5.677646301618696,215,71
1986,20,306,1.5746957588026689,3.3408440113948417,5.288731323516603,210,48
1991,20,520,2.196026152894708,3.187997683640748,4.4777092569460475,215,61
1998,20,546,3.546099290780142,3.8118440142170993,4.0775887376540565,214,65
2002,20,459,3.6231884057971016,4.773839212249356,6.254735601398013,197,57
2003,20,783,2.46955566812602,4.172805524111852,5.187843561818689,214,65
2010,20,418,2.5753937681885635,4.509772712328443,6.2790695379873185,210,49
2013,20,525,4.0775887376540565,4.76927486867075,5.539184167309684,212,61
2020,20,42,3.792369582489087,4.925695310130077,5.717913296665637,205,49
2022,20,418,2.9462782549439477,3.7125808328124776,5.078241233047872,215,59
2026,20,456,3.5211267605633805,4.094300391998309,4.626347539654738,212,62
2045,20,440,4.509242420727358,5.088953566283666,5.717913296665637,214,59
2046,20,399,5.007710104811096,5.925823236882437,7.194244604316546,211,49
2054,20,450,4.4777092569460475,5.427625857446394,6.343455255318553,211,62
2059,20,418,4.861017342390848,5.153243297689333,5.659601214425112,214,61
2062,20,486,3.7658495154786737,4.137792176735245,4.541222863427552,212,63
2067,20,550,3.792369582489087,4.506429344435303,5.677646301618696,203,68
2070,20,528,5.884859670290911,6.9933156402346235,8.270853751553618,210,50
2076,20,420,5.150787536377127,6.028705424552691,8.098544298396252,215,56
2081,20,432,6.0156120748549835,6.657441073923842,7.2992700729927,208,70
2085,20,598,5.078241233047872,5.439213331739241,5.800185430430611,209,65
2112,100,250,0.6802721088435374,1.1432758305681057,2.8832906472850772,215,58
2121,100,144,0.6944444444444444,0.9641397704159099,2.0059766842171562,213,57
2131,100,126,0.6802721088435374,1.8408140181443133,12.459018318981784,180,50
2145,20,96,0.7142857142857143,1.4097695581813052,2.097902097902098,185,50
2216,100,70,0.6993006993006993,1.1808776692337153,2.112676056338028,201,49
