88,20,234,6.254735601398013,6.9459607555780165,7.985957062499249,250,84
98,20,1176,5.677646301618696,6.1145110438845585,6.55137578615042,243,90
106,20,1428,3.7396977827322946,5.616702593788836,7.250443761258452,247,81
112,20,980,3.2883352610291023,4.639907942057928,6.0579755401708635,248,84
132,20,1260,6.4926369417555545,6.4926369417555545,6.4926369417555545,249,95
137,20,841,5.9326381152018115,6.537747629029477,7.142857142857142,239,95
141,20,868,5.975550263548288,6.016762901859575,6.0579755401708635,244,95
154,20,837,3.008965026325734,3.5104591973800234,4.0119533684343125,251,90
166,20,990,2.5571285641588575,3.256485348335506,3.955842132512154,250,93
170,20,896,1.5746957588026689,2.5479112596830245,3.5211267605633805,251,92
176,20,650,2.9462782549439477,2.9462782549439477,2.9462782549439477,250,93
182,20,868,0.7042253521126761,1.7552912445946554,2.521364528296496,249,92
184,20,960,2.5571285641588575,2.5571285641588575,2.5571285641588575,248,95
186,20,899,1.5746957588026689,1.5746957588026689,1.5746957588026689,249,95
188,20,552,6.896551724137931,6.896551724137931,6.896551724137931,224,73
195,20,870,0.7142857142857143,1.4706209064979203,2.2269560987101262,249,95
202,20,837,1.5746957588026689,1.5746957588026689,1.5746957588026689,251,94
223,20,621,5.014941710542891,5.014941710542891,5.014941710542891,223,75
228,20,399,6.896551724137931,6.896551724137931,6.896551724137931,222,74
235,20,552,6.0156120748549835,6.0367938075129235,6.0579755401708635,226,72
248,20,1260,1.977921066256077,2.174339455665723,2.539120616523936,249,93
254,20,1280,7.354021529276429,7.354021529276429,7.354021529276429,217,75
270,20,529,5.500175828103277,5.500175828103277,5.500175828103277,220,75
272,20,675,0.6993006993006993,1.039420640236947,1.552824984374854,250,92
283,20,441,7.042253521126761,7.8192097238498945,8.596165926573029,224,72
287,20,504,6.4926369417555545,6.4926369417555545,6.4926369417555545,225,73
329,100,39,5.637942481327657,5.637942481327657,5.637942481327657,231,72
381,20,126,6.3324371595366555,6.755459873025789,7.178482586514921,228,89
402,20,340,5.560177757447275,7.261553860684224,9.448174552816013,230,93
403,20,336,5.32571545864609,5.32571545864609,5.32571545864609,247,95
407,20,1260,5.93376319876823,6.760199507705639,8.32993127835043,241,90
416,20,1073,4.724087276408007,5.47868627383185,6.254735601398013,241,84
419,20,1092,3.4722222222222223,4.475597839839136,5.47897345745605,241,93
422,20,1080,5.800185430430611,5.986771851057728,6.1445180478875905,244,87
426,20,975,5.560177757447275,6.937045769164307,8.657131642364329,236,88
434,20,1100,5.717913296665637,5.947875525108319,6.254735601398013,237,90
436,20,1026,4.106304151299508,4.962926777538283,6.993006993006993,249,81
439,100,2537,5.973836991001824,5.973836991001824,5.973836991001824,251,93
469,20,1260,5.539184167309684,5.539184167309684,5.539184167309684,250,90
481,20,1120,4.876598490941707,4.876598490941707,4.876598490941707,251,94
487,20,1517,3.597122302158273,3.597122302158273,3.597122302158273,248,93
500,20,899,3.3783783783783785,3.4877503402683256,3.597122302158273,250,91
513,20,1023,4.0775887376540565,4.0775887376540565,4.0775887376540565,251,91
516,20,1023,3.546099290780142,3.546099290780142,3.546099290780142,249,92
520,20,957,3.030457633656632,3.350054022384723,3.571428571428571,251,87
531,20,1054,2.987775131774144,2.987775131774144,2.987775131774144,251,94
532,20,529,6.944444444444445,6.944444444444445,6.944444444444445,219,72
536,20,462,5.700912172194638,5.700912172194638,5.700912172194638,225,72
539,20,1155,2.925959094565024,2.925959094565024,2.925959094565024,251,94
546,20,483,9.247095610216524,9.247095610216524,9.247095610216524,217,74
555,20,690,0.6756756756756757,0.8767344939751799,1.4285714285714286,251,90
634,20,462,7.671385692476573,7.671385692476573,7.671385692476573,216,75
636,20,870,2.966881599384115,2.966881599384115,2.966881599384115,250,95
638,20,840,0.6896551724137931,1.0002988051733772,1.5746957588026689,251,94
642,20,783,0.6993006993006993,0.8554663576067086,1.0174198290453922,250,94
644,20,837,0.9959250439247148,1.5081150665145682,2.0203050891044216,249,95
668,100,1242,5.717913296665637,6.070086129941831,6.4222589632180265,226,95
684,100,220,0.7042253521126761,1.6973640951629447,3.546099290780142,226,72
749,20,1350,1.5746957588026689,2.6932534875993412,3.9837001756988593,223,72
810,20,306,4.106304151299508,5.131153582378554,6.084538714285142,230,91
812,20,648,2.539120616523936,3.2275671454561206,3.571428571428571,230,72
821,20,1218,4.135426875776809,5.022075142208543,5.974827793928343,251,78
823,20,975,3.546099290780142,5.540397199260068,6.776309271789384,250,85
829,20,1148,3.9938026677022607,5.437364844664943,7.460601551439856,237,85
843,20,1271,3.4482758620689653,5.256661240188974,6.825059698205135,247,77
849,20,1026,3.5211267605633805,4.680404822642272,6.1445180478875905,251,84
851,20,825,2.539120616523936,3.603069389070344,4.164965639175215,237,91
863,20,1120,4.9104637582399135,4.9104637582399135,4.9104637582399135,250,93
872,20,1394,2.9462782549439477,3.5059862506760435,4.541222863427552,248,87
884,20,1254,3.955842132512154,3.955842132512154,3.955842132512154,250,92
888,20,1023,0.9959250439247148,2.518267611066779,4.040610178208843,251,91
911,20,928,1.9918500878494296,2.500407557087582,3.008965026325734,249,94
917,20,1088,1.9918500878494296,2.9601105472206806,3.9283710065919313,250,91
921,20,868,3.9837001756988593,3.9837001756988593,3.9837001756988593,251,94
927,20,1520,2.987775131774144,3.1870537931579004,3.5211267605633805,250,88
930,20,930,3.5211267605633805,3.5211267605633805,3.5211267605633805,251,93
940,20,841,7.617361849571809,7.617361849571809,7.617361849571809,218,77
941,20,992,3.4246575342465753,3.4246575342465753,3.4246575342465753,251,93
966,20,1088,1.0029883421085781,1.0029883421085781,1.0029883421085781,250,95
985,20,528,8.086350532617999,8.311201705376728,8.536052878135456,226,72
992,20,572,6.447233886218802,6.447233886218802,6.447233886218802,224,74
1002,20,576,6.10093990570399,6.296788423729772,6.4926369417555545,224,75
1032,100,64,1.0029883421085781,1.453422782908825,2.211382979138727,247,74
1047,20,980,2.987775131774144,2.987775131774144,2.987775131774144,219,74
1104,20,323,5.114257128317715,5.699693152892643,6.643648684546903,247,84
1106,20,1260,3.597122302158273,5.4237168556508975,7.149743153463195,249,84
1116,20,1148,3.7658495154786737,5.0672253696033165,5.717913296665637,233,94
1124,20,1260,4.757591441488914,5.6761870814843505,7.479395565464589,241,89
1128,20,1053,4.021346134376069,5.0530467368172935,6.1445180478875905,244,87
1131,20,812,4.3558668281856106,4.497905963887316,4.639945099589021,223,75
1147,20,575,5.150787536377127,5.325481682240202,5.500175828103277,217,78
1153,20,928,4.040610178208843,4.4927064219245185,4.944802665640193,251,91
1160,20,1188,5.93376319876823,5.93376319876823,5.93376319876823,249,92
1174,20,1085,2.1366740947083644,3.1071314161812102,4.0775887376540565,246,91
1183,20,924,2.5571285641588575,2.7517034095514026,2.9462782549439477,248,94
1185,20,728,1.9918500878494296,2.2006945047095923,2.5753937681885635,249,93
1187,20,837,2.987775131774144,2.987775131774144,2.987775131774144,249,95
1212,20,957,3.546099290780142,3.546099290780142,3.546099290780142,251,94
1216,20,756,0.6993006993006993,0.9552542947891357,1.5858638138296381,249,92
1221,20,775,0.9820927516479828,0.9960567800416361,1.0101525445522108,249,95
1228,20,352,0.7042253521126761,1.401541913312826,2.211382979138727,250,90
1232,20,598,7.973254720972993,7.973254720972993,7.973254720972993,221,78
1233,20,750,0.7194244604316548,1.0484701855921403,1.5421158465515792,250,94
1241,20,624,0.7042253521126761,0.8739227648672557,1.0101525445522108,251,92
1243,20,702,0.9820927516479828,0.9959986199474635,1.0029883421085781,249,94
1355,20,1134,3.0631068184928627,4.560317815591388,6.10093990570399,238,86
1358,20,1064,4.049272149198126,4.990930308304126,6.776309271789384,242,89
1370,20,1014,3.4965034965034967,4.478097746700674,5.401257521889296,249,81
1374,20,950,3.7139067635410368,4.16288734087008,5.150787536377127,250,82
1378,20,1230,2.5571285641588575,3.518423412335599,4.3318872057101085,249,81
1382,20,1040,2.98142396999972,3.421258101085211,4.164965639175215,245,86
1385,20,609,2.5571285641588575,3.527155877837321,4.135426875776809,246,83
1390,20,1680,1.0101525445522108,3.345410533986044,6.597189602836785,232,88
1395,20,552,4.194929420752016,4.587277320187795,4.979625219623574,223,74
1406,20,1054,2.0059766842171562,2.9809094083646555,3.955842132512154,248,93
1411,20,520,3.901278792753366,4.50776796053554,5.114257128317715,221,76
1413,20,621,3.5211267605633805,3.8588228240236275,4.509242420727358,227,73
1420,20,520,4.049272149198126,4.279257284962743,4.509242420727358,223,73
1439,20,600,5.078241233047872,5.589590569375931,6.10093990570399,228,73
1454,20,598,8.596165926573029,8.596165926573029,8.596165926573029,218,74
1462,20,506,7.486018177982149,7.486018177982149,7.486018177982149,225,73
1480,20,598,6.506193884176968,6.506193884176968,6.506193884176968,224,74
1485,20,484,8.086350532617999,8.283173357433046,8.479996182248096,228,72
1487,20,986,2.5571285641588575,2.5571285641588575,2.5571285641588575,250,95
1490,20,957,1.9918500878494296,1.9918500878494296,1.9918500878494296,251,95
1499,20,784,1.5315534092464314,1.5315534092464314,1.5315534092464314,251,95
1501,20,621,9.147320339189784,9.296392985128033,9.44546563106628,228,76
1509,20,1320,4.509242420727358,5.043996094616055,5.578749768504753,248,91
1517,20,868,1.977921066256077,2.9985171077743185,3.5211267605633805,225,73
1622,20,1925,7.181717624778569,7.181717624778569,7.181717624778569,224,95
1630,20,1305,6.0579755401708635,6.0579755401708635,6.0579755401708635,248,92
1635,20,1247,4.826045994603863,5.48325629206623,6.084538714285142,246,84
1644,20,966,3.546099290780142,4.114485047709387,4.69105170104851,251,88
1647,20,1040,3.4722222222222223,4.132475486136717,4.724087276408007,243,89
1649,20,1092,4.0775887376540565,4.775956191305524,5.717913296665637,248,81
1650,20,1075,3.7658495154786737,4.868946145998058,5.972042776517443,243,93
1651,20,1026,3.1943828249996997,3.648412326454876,4.135426875776809,250,87
1654,20,1148,3.105649968749708,3.594460897159262,4.106304151299508,250,89
1657,20,924,3.4482758620689653,4.0588612817054,5.401257521889296,244,84
1660,20,1584,2.9035955109983522,3.7062488981257338,4.757591441488914,251,82
1664,20,936,2.539120616523936,2.9995681150457982,3.792369582489087,247,88
1668,20,900,1.0029883421085781,1.9007618153683157,3.1493915176053378,244,89
1669,20,720,1.5858638138296381,2.1951787357206527,3.240678228260565,247,84
1672,20,884,1.5636839003495033,2.2772261571959675,3.597122302158273,250,87
1673,20,725,1.9241000848613539,2.416268705233369,2.5753937681885635,251,86
1685,20,160,3.5211267605633805,4.215795259401647,4.9104637582399135,243,94
1696,20,1152,6.0579755401708635,6.0579755401708635,6.0579755401708635,250,93
1701,20,832,5.500175828103277,5.500175828103277,5.500175828103277,250,93
1713,20,1023,5.007710104811096,5.007710104811096,5.007710104811096,250,95
1723,20,1073,3.4965034965034967,3.4965034965034967,3.4965034965034967,248,92
1730,20,810,2.521364528296496,2.521364528296496,2.521364528296496,249,94
1734,20,986,1.9641855032959656,2.742656131929673,3.5211267605633805,247,93
1752,20,702,1.0029883421085781,1.9849349707463466,2.966881599384115,250,93
1760,20,728,0.6896551724137931,1.067607129923347,1.5746957588026689,250,93
1769,20,483,7.406928158983455,7.406928158983455,7.406928158983455,223,73
1773,20,675,0.6993006993006993,1.096050951746305,1.5858638138296381,251,93
1779,20,700,0.9959250439247148,1.0217453228412816,1.0475656017578483,250,95
1786,20,690,1.0029883421085781,1.0102040855769852,1.0174198290453922,250,95
1814,20,567,0.6802721088435374,0.9134378488433429,1.0553832555023097,249,91
1818,20,437,0.9959250439247148,1.1899204962754764,1.5636839003495033,250,95
1886,20,1632,7.818419501747517,9.118409382273414,10.656863345367293,224,91
1889,20,1900,6.377031787420716,7.338900637145713,9.262638336595707,224,93
1906,20,300,4.563404035713857,6.359290755510985,8.155177475308113,239,94
1910,20,280,2.987775131774144,5.12832786641796,7.457361792078965,242,82
1911,20,912,4.4539121974202525,5.097534077033805,6.343455255318553,251,85
1916,20,462,3.966633942071633,4.362112691780274,4.757591441488914,247,92
1918,20,675,3.5211267605633805,4.177699707307986,4.509242420727358,235,93
1921,20,1620,3.4965034965034967,4.692198561861057,5.717913296665637,242,85
1927,20,962,2.5753937681885635,4.043232148584264,4.979625219623574,249,83
1930,20,176,3.9283710065919313,4.30971135382022,4.69105170104851,244,95
1941,20,1025,2.196026152894708,3.6452621265616276,4.757591441488914,245,89
1942,20,768,2.486587086526889,3.157306238141327,4.099169746008972,249,82
1947,20,840,2.0059766842171562,2.4362880638349336,2.9035955109983522,249,88
1950,20,850,3.546099290780142,4.230328900359208,5.078241233047872,244,89
1961,20,990,3.955842132512154,3.955842132512154,3.955842132512154,248,95
1979,20,837,2.966881599384115,3.5659236192796646,4.164965639175215,248,91
1982,20,775,2.987775131774144,4.001358421158518,5.014941710542891,250,92
1984,100,650,4.3558668281856106,4.717054030616741,5.078241233047872,224,72
1992,20,594,1.9641855032959656,2.5792841641478326,3.1943828249996997,251,92
1996,20,713,2.0203050891044216,2.504040110439283,2.987775131774144,248,95
2001,20,1292,1.9918500878494296,2.3158699389928517,2.5571285641588575,249,90
2012,20,624,0.9959250439247148,1.2798044721371091,1.5636839003495033,250,94
2016,20,480,0.684931506849315,0.9252904099696129,1.0101525445522108,250,93
2028,20,800,1.9918500878494296,1.9918500878494296,1.9918500878494296,250,95
2032,20,528,5.973836991001824,5.973836991001824,5.973836991001824,222,72
2037,20,575,0.9686394262829419,1.5072310114555048,2.5571285641588575,250,92
2045,20,171,3.955842132512154,4.956823565548496,6.779076806833005,235,89
2049,20,552,5.539184167309684,5.539184167309684,5.539184167309684,220,75
2053,20,396,1.5858638138296381,1.5858638138296381,1.5858638138296381,251,94
2055,20,720,0.684931506849315,0.9963698292189922,1.5746957588026689,248,95
2058,20,567,1.4084507042253522,1.7753857150452812,2.521364528296496,251,90
2061,20,160,3.5211267605633805,4.471776850367716,5.461713060074583,245,75
2064,20,480,0.7042253521126761,1.6306769581357667,2.5571285641588575,247,95
2068,20,529,0.684931506849315,0.8995521817829762,1.5746957588026689,242,95
2071,20,270,4.376088151293683,4.755392376385724,4.979625219623574,231,95
2093,20,324,0.684931506849315,1.010381746028692,1.9110994086122908,251,77
2134,20,888,5.677646301618696,6.377511749795577,7.077377197972458,223,94
2202,20,1000,4.485500227189191,5.061721354258424,5.637942481327657,249,91
2205,20,230,4.757591441488914,5.978666399411241,7.199741357333567,249,90
2208,20,1092,3.1717276276592763,3.799025209674757,4.724087276408007,248,84
2211,20,1131,0.9959250439247148,2.097797839851286,3.1717276276592763,247,90
2213,20,825,0.684931506849315,1.0705382412173114,1.9918500878494296,250,91
