61,20,196,5.303030303030303,7.054913398508698,9.05444778500368,247,394
133,100,836,0.7042253521126761,4.296452027469884,15.400500381500168,256,409
142,100,561,3.119588740528886,4.001405883450229,5.014941710542891,193,394
174,20,2442,0.641025641025641,2.5328617154682598,7.657767046232157,274,393
189,3,320,0.7299270072992701,3.061135778457027,8.164220252428764,194,403
232,100,348,3.4742998755706473,6.123853536757931,10.394319609838895,284,390
624,20,2528,7.354021529276429,7.354021529276429,7.354021529276429,223,379
629,100,64,0.6756756756756757,2.093207933919159,6.874649261535878,261,419
863,100,1872,2.5753937681885635,4.621169177205662,8.06230731181552,283,384
875,100,2070,0.6802721088435374,2.7265129697454067,6.674829783581463,234,383
884,100,576,2.670778722565918,3.8872801304297635,6.107771021438295,283,379
885,20,361,1.6321664069341533,3.2094211780734616,4.708179586347683,205,378
967,100,377,5.785370130301225,5.785370130301225,5.785370130301225,253,428
1068,100,425,6.18761372972677,6.23650367013693,6.2853936105470884,202,379
1379,20,1330,11.197580205970208,12.888200907926722,15.448057366695469,257,402
1489,20,120,0.6711409395973155,3.2128182026798173,8.194434716963613,244,422
1490,100,429,1.0713739108887086,1.960584932380199,2.7549614851423927,205,414
1492,100,544,1.2987012987012987,2.4383706948562986,4.6584749531245615,247,400
1502,20,120,2.86326779556782,4.198798526278125,6.680868296130379,283,431
1511,100,357,2.1591046753787713,3.7048983436278533,7.479395565464589,269,389
1534,100,943,0.7518796992481203,2.3657582971299695,3.225806451612903,219,380
1554,100,702,3.626188621469474,4.286179509599323,4.946170397729172,195,409
1596,20,80,2.436183294232425,4.867044404230337,15.498072451202919,248,430
1603,100,810,6.537204504606134,7.189740971730079,7.579891449151829,284,385
1674,100,1008,4.392052305789416,4.932933978604001,5.800185430430611,273,385
1718,20,114,1.6687074458953657,4.134655533828638,7.710579232757896,218,383
1723,100,126,1.0174198290453922,2.322392108238225,3.1493915176053378,193,387
1768,100,140,2.0203050891044216,9.38940502891923,27.00729927007299,237,425
1788,20,270,3.9283710065919313,6.057843084931722,10.015420209622192,212,392
1950,20,76,8.93041425370226,13.004392632164667,16.144413669958105,204,386
2026,20,722,8.016917747068236,8.016917747068236,8.016917747068236,199,381
2116,20,1584,3.6163258961650957,9.1253103093188,15.989887027299659,202,405
2240,100,216,2.9035955109983522,2.9035955109983522,2.9035955109983522,266,378
2257,20,184,1.5971914124998499,3.1691809301337837,4.977629480956803,240,395
2270,100,476,0.9304036594559837,2.129999557509758,5.401257521889296,254,394
2300,100,510,2.86326779556782,2.86326779556782,2.86326779556782,202,378
2311,20,40,1.0029883421085781,8.759209611293512,36.911090853033315,255,410
2368,20,110,0.7092198581560284,3.9577108096054503,8.657131642364329,193,380
2369,20,224,3.2173639964025753,4.753392452591698,6.314756477597867,233,405
2445,20,357,1.6563466499998445,3.802612517429827,6.690766760323832,255,380
2532,20,209,1.032272673265033,5.010348225889612,6.975612485665543,278,416
2542,20,63,3.4687207575461123,6.167123323815767,11.110896782607652,267,400
2624,20,1513,1.5636839003495033,1.5636839003495033,1.5636839003495033,193,378
2628,20,1344,6.349206349206349,8.243070325921517,9.655172413793103,265,380
2636,20,2541,6.314756477597867,6.314756477597867,6.314756477597867,201,379
2651,20,770,1.9607843137254901,7.37978739604515,11.74440439029407,218,386
2707,20,576,2.3082318687360432,4.098598443568693,5.621055095603639,276,414
2725,20,570,7.443824107434723,7.443824107434723,7.443824107434723,196,379
2810,20,720,0.6756756756756757,2.6555831168694075,7.76877069599503,253,378
2832,20,840,4.3514566379442545,4.7143193542600965,5.077182070575939,285,383
2902,20,56,3.792369582489087,3.792369582489087,3.792369582489087,199,380
2945,100,630,0.6944444444444444,4.388816429506235,8.60113898485164,275,384
2959,100,580,3.1717276276592763,4.72378271849624,5.758755534498964,269,386
2969,20,187,1.4184397163120568,5.477556664416082,13.513513513513514,285,402
3014,20,36,0.7692307692307693,2.9113190400682125,4.851086755221525,208,384
3111,20,210,3.7965464761693832,5.827770735187649,8.512338532620877,272,400
3187,20,374,3.4687207575461123,4.916898059881152,6.597189602836785,280,398
3202,20,234,2.966881599384115,6.240745382973085,10.398629135096288,269,423
3253,100,96,5.423784497157399,5.423784497157399,5.423784497157399,195,427
3441,100,644,0.641025641025641,2.40407914810088,8.869663136330134,287,409
3485,20,980,5.199314567548144,6.7418963051200596,7.849854517977857,228,381
3537,20,160,3.4924791188991673,4.708546401566089,5.522094348149691,257,422
3619,20,1836,1.9372788525658837,2.7720651408537456,3.546099290780142,273,380
3626,100,612,1.5007167634226777,1.8878683314121947,2.2750198994017117,231,382
3663,100,555,2.2587697572631282,3.296241500347078,5.410911240468825,208,405
3667,100,1161,0.7194244604316548,3.944105252537677,7.358267909110183,283,396
3687,20,684,2.877697841726619,4.736788823239225,8.508771829098045,270,382
3704,100,456,3.008965026325734,4.205111274107515,5.401257521889296,197,406
3736,100,1113,3.4246575342465753,5.058853649766473,5.9233588807941455,217,387
3766,100,208,3.2679738562091507,7.3603399916897105,10.512794670190845,260,391
3832,100,390,0.9820927516479828,5.0479358411868285,10.749533466530808,246,393
3923,100,240,4.861017342390848,6.719677305391212,8.919699687994294,197,396
4123,20,512,8.663774411420217,8.663774411420217,8.663774411420217,196,381
4229,20,441,7.6672060631327,7.6672060631327,7.6672060631327,218,389
4290,100,2184,2.8096958192842947,3.8540419938235204,5.462956477975741,278,378
4297,100,125,1.0174198290453922,1.0174198290453922,1.0174198290453922,287,420
4301,20,493,0.6097560975609756,2.673456515363244,7.346563960379715,243,419
4304,100,1098,2.767184983636014,5.3573012432283305,9.1978646419342,192,387
4349,100,126,0.6756756756756757,0.9475744009342231,1.9110994086122908,276,425
4394,100,1215,3.9938026677022607,4.860672895389833,6.39241182266304,270,412
4436,100,450,2.2750198994017117,3.424340034498302,4.573660169594892,284,382
4440,100,210,1.3245033112582782,3.810358691567722,5.1638098688974585,269,387
4441,20,168,2.2388059701492535,3.4901510869619115,4.757591441488914,195,411
4504,20,96,0.9686394262829419,3.725247935469685,5.500175828103277,226,416
4523,20,391,1.5858638138296381,3.392972568763357,5.93376319876823,238,386
4574,20,32,2.5939217809093447,4.544714454532259,7.0710678118654755,192,406
4576,20,32,13.321353112708282,14.690080958460747,16.05880880421321,244,384
4582,100,396,2.6948402781814775,5.784271044609308,9.078750045221224,206,430
4611,20,280,1.8982732380846916,3.6284046767374543,5.288731323516603,197,427
4662,20,56,8.885038321191217,12.209241824261312,15.533445327331407,266,386
4665,100,135,3.0631068184928627,3.468106254285417,3.985507246376811,274,425
4689,100,464,2.1659436028550543,4.340407255522757,7.929319069148192,281,392
