152,100,40,1.4705882352941175,1.7188196655152546,1.950639396376683,278,162
166,100,154,1.4285714285714286,4.067320067401593,7.622159339667061,277,213
171,100,462,4.302418585263101,6.9859209342604185,9.295144932197482,261,212
179,20,374,1.0398629135096287,1.0398629135096287,1.0398629135096287,192,182
210,100,156,1.032272673265033,5.018552943315684,26.501546399997512,276,197
216,100,78,1.4333769086537114,6.77880685325271,28.96521171107539,234,214
220,100,36,2.094223616005549,2.094223616005549,2.094223616005549,247,172
269,20,35,0.6944444444444444,5.499093686577324,31.46067511160564,275,176
278,20,36,0.6369426751592357,2.4654341073661836,12.123695862103082,242,200
283,100,120,0.7462686567164178,6.048028449448319,16.099111095414457,198,210
290,20,117,2.990333484792794,2.990333484792794,2.990333484792794,278,178
333,100,147,1.2903225806451613,3.2706912378397375,4.826045994603863,255,214
376,100,210,2.2058823529411766,3.6964819482741285,6.188723213699731,206,206
385,20,91,0.6896551724137931,2.2468652055819387,3.8742192857082762,285,201
387,20,80,0.6666666666666667,2.1315179045266435,4.34287484446331,193,209
396,20,28,2.684563758389262,3.852480692206695,6.402461428675616,260,190
405,20,48,0.7518796992481203,2.157197444874897,7.121938803317746,287,200
424,20,27,0.7299270072992701,2.1465348440548673,7.282518566029631,221,199
426,100,117,0.7042253521126761,2.6783370779250837,14.430750636460154,266,176
456,20,255,1.510856741553912,3.854991728986909,6.9309487042213025,275,182
460,100,52,2.0668481439009017,2.2567733100999843,2.3622047244094486,194,199
477,20,12,4.573660169594892,16.454757507644036,29.5378269592824,242,176
482,20,108,0.7042253521126761,1.7790728125516881,5.225436631107231,256,189
498,100,56,0.6944444444444444,1.1129989268454379,1.5315534092464314,194,187
509,20,16,1.9230769230769231,3.5236448423550626,11.584672638765497,203,210
516,20,18,2.2388059701492535,19.027192345903433,33.82765488796594,242,208
522,20,50,0.6622516556291391,5.401583796599064,43.324286577721836,285,202
526,20,72,0.9753196981883415,6.251850783049504,20.94223616005549,271,165
534,20,160,0.641025641025641,1.526080408393823,3.577708763999664,231,195
603,100,1410,9.300816647554058,9.300816647554058,9.300816647554058,283,214
703,100,364,0.9889605331280386,1.710740905090319,2.4325212770525995,286,163
906,20,221,4.563698989097037,4.563698989097037,4.563698989097037,261,215
948,100,152,6.780475983980592,6.780475983980592,6.780475983980592,266,214
999,20,190,1.3986013986013985,2.907913557288938,4.001817454143565,192,207
1043,20,48,1.342281879194631,3.317636844878039,7.142857142857142,286,201
1072,20,200,0.6711409395973155,2.081165469443216,4.777748521530727,209,185
1089,20,176,0.7142857142857143,2.5600760314164526,8.12826382688863,274,172
1090,100,174,1.4426245016127677,2.6869006855866426,5.276916277511549,192,205
1092,100,88,1.552824984374854,11.492006411184164,35.1382110749967,249,183
1100,20,72,1.3793103448275863,3.5601447049197823,9.740014328759424,252,214
1110,20,25,0.7874015748031495,4.850823158244925,10.361596062399876,269,200
1117,100,30,1.3986013986013985,2.2705284783270097,3.66337741981939,196,206
1120,100,25,1.6086819982012877,4.419239601343598,12.944325225965066,273,212
1150,100,220,0.628930817610063,2.2905342158673725,6.896551724137931,229,184
1158,20,96,1.5746957588026689,3.145047118234613,15.407776014853214,280,205
1161,100,169,0.6535947712418301,1.923508075468462,6.8493150684931505,256,185
1162,20,30,1.4705882352941175,8.603222436411615,35.548612190054534,252,202
1187,100,81,0.6578947368421052,2.4759346479868207,16.36349780324039,254,188
1192,20,144,1.510856741553912,10.576355887256783,19.641855032959654,193,202
1193,100,256,0.7092198581560284,3.9893053376328336,10.313741569239019,249,202
1199,20,64,0.7633587786259541,1.6697625286436448,2.211382979138727,274,174
1212,20,72,0.6802721088435374,1.629149837333674,3.98901096824778,277,172
1222,100,192,1.9918500878494296,2.45206282744911,2.877697841726619,217,206
1287,20,875,4.708179586347683,5.457937500271939,6.55137578615042,287,204
1295,20,95,0.6578947368421052,1.5220119025057826,3.8745577051317674,208,209
1487,100,91,2.1223340001130064,6.212637004382562,10.101525445522107,286,163
1505,100,120,0.7605673392856428,1.6743360029117844,3.0514299090419748,232,207
1559,20,340,0.7194244604316548,3.9810615653452355,11.52322161933633,202,209
1563,100,24,1.4184397163120568,2.531625767907967,6.146765284401101,251,190
1566,100,234,0.6993006993006993,3.0275401907692343,30.74675421265118,225,199
1573,100,234,0.9889605331280386,1.9261141643479294,2.86326779556782,196,183
1593,100,133,0.684931506849315,3.9725679935802463,35.323763954885784,266,204
1601,100,91,0.7042253521126761,3.6817256774425964,27.786678966719535,280,193
1602,20,56,1.0029883421085781,4.27728597699614,23.78795720744457,285,202
1658,100,45,0.7518796992481203,5.4900653883534,14.377894601162195,257,181
1686,100,119,20.453339110880368,20.453339110880368,20.453339110880368,276,210
1707,100,264,2,7.306381854910764,12.147141024811747,233,215
1712,100,78,0.6711409395973155,2.357775512096588,23.899311175713372,258,186
1727,20,90,1.0174198290453922,3.7511916560743557,16.4953350394415,267,165
1734,100,255,1.0174198290453922,2.73296387594679,6.516913081092899,193,215
1763,100,44,0.6993006993006993,2.1164870161934926,3.5211267605633805,218,198
1785,20,340,0.6711409395973155,2.6109914525118008,7.670389595268931,273,170
1789,20,40,1.3157894736842104,1.3157894736842104,1.3157894736842104,287,197
1801,100,112,0.6711409395973155,10.931028053082969,31.962156226862103,283,180
1802,100,238,0.6711409395973155,2.3992179379997833,8.718968296952646,194,188
1809,20,140,0.6711409395973155,3.4818840083158733,6.561873288505375,274,183
1815,20,20,0.6578947368421052,1.978977868590375,4.509242420727358,211,166
1816,20,44,0.7352941176470588,2.748324435800525,5.288731323516603,262,202
1818,20,210,1.3157894736842104,3.5729712768464887,23.743957340849516,252,212
1846,20,54,1.2987012987012987,2.38153742784364,3.2141217326661247,283,175
1849,20,506,0.6944444444444444,2.723290064959901,4.541222863427552,280,175
1867,100,168,0.7352941176470588,3.5902898681934103,20.214642521403537,247,194
1892,100,35,0.6622516556291391,2.145255475689326,8.101695570651412,192,194
1903,20,110,0.7042253521126761,3.0842930940859685,8.042692268752138,286,198
1933,20,260,0.9820927516479828,2.8874902032944565,5.237828008789241,280,176
2006,20,841,6.516913081092899,9.885629050871037,14.642163237282158,282,178
2092,100,32,0.684931506849315,7.508090503826656,43.70627660395321,205,200
2130,20,144,2.211382979138727,13.115748709124942,33.84638946402557,273,162
2241,100,1235,1.8130943107347375,2.264407357633685,3.055551928359313,279,211
2249,100,198,0.684931506849315,12.078718288674336,34.080635123879574,209,192
2275,20,168,1.5211346785712856,2.8667352060618985,4.411764705882353,249,212
2310,3,20,0.6711409395973155,2.9903360112600468,25.400970136438637,221,181
2337,20,72,0.6578947368421052,3.021860079020069,12.432935432634446,262,198
2363,100,20,1.0029883421085781,9.752034276353715,41.10295761864345,274,202
2381,100,27,0.7092198581560284,3.2743208765602154,8.432740427115679,208,187
2403,100,132,0.6896551724137931,7.256135221162063,23.131455889500636,220,167
2432,20,36,1.0174198290453922,1.5836273092132824,2.2427501135945955,194,213
2442,100,21,0.9889605331280386,5.4091243747258595,31.352166474029858,282,168
2446,20,24,2.1659436028550543,8.661360247620012,19.404396724580177,271,169
2466,20,627,1.4710973536182828,5.338008301949012,20.640771173043778,245,211
2474,20,40,0.7692307692307693,2.4228632872063356,3.792369582489087,282,175
2492,20,44,0.6711409395973155,2.0026434747995308,10.396791738976443,215,207
2495,100,180,1.5971914124998499,2.8721235817715125,5.700912172194638,286,185
2565,20,28,0.6711409395973155,2.4637730380034695,7.336718724593934,239,166
2585,20,30,0.6622516556291391,3.4695868000891226,22.113124602968426,225,211
2610,20,80,0.6535947712418301,7.073954262436237,33.72355417966611,255,202
2634,100,45,0.6802721088435374,1.533447488178553,4.979625219623574,287,210
2638,100,27,0.6802721088435374,3.8392269631316767,9.252701026350643,195,198
2663,100,140,3.3993463423951895,4.370451893763513,5.341557445131836,194,214
2666,20,72,0.6451612903225806,2.708211968409582,6.860140256164709,195,202
2750,20,35,0.6993006993006993,5.093327295641386,33.49720848345625,220,184
2796,3,190,0.6622516556291391,2.03675973428193,5.800185430430611,194,200
2912,100,200,0.6944444444444444,0.817076634786107,1.0475656017578483,285,193
2930,100,117,2.0408163265306123,3.0322459589334687,3.955842132512154,245,206
2947,100,45,0.641025641025641,6.147786015370405,26.91353795121712,223,163
3012,100,63,0.6896551724137931,4.428951867196384,37.416988845887325,224,169
3040,100,52,0.6944444444444444,3.120470332984502,21.42375802346078,281,212
3062,100,56,2.196026152894708,11.631039938193142,21.066053723491578,221,177
3075,20,24,0.7142857142857143,2.7170131062617204,5.386379086832175,221,196
3105,20,24,1.3157894736842104,2.573496040089189,4.8102502121533846,199,204
3106,20,35,4.439972649852715,4.439972649852715,4.439972649852715,208,214
3167,100,72,1.5858638138296381,2.36519704676369,3.6386248696854757,202,215
3191,20,90,0.7462686567164178,2.4109741522990573,5.972042776517443,283,176
3215,20,20,1.49071198499986,6.065210320944669,33.34120889949954,229,165
3223,100,60,3.2635697593225266,14.8760001829328,43.04729586798543,282,204
3237,20,126,0.7142857142857143,4.845287130105531,47.476489551220205,281,182
3252,20,144,0.6993006993006993,5.4243947836708015,30.48571946748361,264,196
3263,100,170,0.9555497043061454,3.2051388215229046,7.676695962434228,215,195
3268,20,88,0.6756756756756757,1.9675020619285708,15.511046404212491,256,183
3295,20,40,0.6756756756756757,6.758553246200807,63.75954830454808,252,169
3300,20,45,0.6896551724137931,2.0227110226223317,4.4539121974202525,198,197
3307,20,1248,10.344827586206897,10.344827586206897,10.344827586206897,212,212
3310,20,60,0.684931506849315,4.185295398314396,13.868919884962573,278,204
3316,20,800,6.402461428675616,7.185864951825936,8.110350040397627,266,209
3317,20,120,0.7142857142857143,1.4134808853118712,2.112676056338028,287,186
3322,100,168,2.142857142857143,2.142857142857143,2.142857142857143,244,213
3350,100,741,5.304116939670099,5.304116939670099,5.304116939670099,192,206
3360,100,180,0.6993006993006993,4.6017835092715105,9.994564021186909,256,202
3364,100,208,0.9183204950474644,4.504429682754784,10.932517391732413,217,189
3380,20,306,5.223880597014925,5.223880597014925,5.223880597014925,286,203
3487,20,168,1.6812541184208947,2.4605900755072088,3.2643328138683065,283,197
3634,100,378,1.6129032258064515,2.234666204072981,2.73972602739726,237,211
3679,100,228,0.9491366190423458,3.040321693794216,6.293706293706294,286,205
3721,100,150,1.4519921931816817,2.9778563780078766,4.37956204379562,265,186
3759,100,25,0.7575757575757576,2.997314215562414,11.565704573394385,199,187
3783,100,60,1.5267175572519083,3.734889313493651,9.23399266290671,230,194
3818,20,52,0.6993006993006993,2.4242812636462068,7.05426115466929,199,186
3836,100,85,1.4285714285714286,1.4285714285714286,1.4285714285714286,286,184
3846,20,150,1.4614823382351567,2.753279970303459,4.885979791463435,249,211
3883,20,132,1.4084507042253522,1.6044349390942256,1.800419173963099,196,215
3905,20,20,0.6666666666666667,5.247595270281552,35.21906885529436,216,166
3914,100,60,2.2750198994017117,8.295591892776823,33.56879658521875,242,196
3935,20,102,0.641025641025641,2.1533337457313713,5.161363366325165,193,207
3965,20,126,0.9304036594559837,2.714491517262946,8.06230731181552,286,196
3969,100,60,1.4925373134328357,8.882481209954456,16.272425106476078,275,187
3987,20,234,0.7246376811594203,2.3014437721578034,6.61764705882353,258,169
3990,100,56,1.024792436502243,5.297630539843111,33.50541301351085,264,191
3992,100,21,0.6711409395973155,2.2816572627067124,8.383642831611308,199,188
3996,20,25,2.127659574468085,11.492572077132072,34.89540146222531,217,200
3997,20,35,0.6944444444444444,5.57323990582623,33.54508553187198,275,203
3999,100,147,0.6896551724137931,3.8760349941885237,37.04952591945809,284,175
4016,20,170,0.7042253521126761,2.337682937318358,6.084538714285142,268,193
4038,100,24,0.6711409395973155,1.7279341413358962,4.650408323777029,225,176
4043,100,150,0.6802721088435374,1.6374364460390367,4.979625219623574,193,198
4044,100,30,0.9491366190423458,18.764677873451344,31.37983233784114,198,204
4131,100,120,0.6944444444444444,2.0162621908851994,4.3318872057101085,194,176
4145,100,32,0.6622516556291391,12.182548165228466,23.702844674827794,198,180
4276,100,60,0.7194244604316548,2.111255181888136,4.2836355847170555,196,193
4346,20,44,1.4388489208633095,2.842386347849004,5.4329178278212815,210,211
4384,20,88,0.9959250439247148,3.1027006149147596,5.235232304089967,264,202
4387,100,170,1.4814814814814816,2.1929276007770864,3.565747911603346,256,215
4429,100,30,1.4285714285714286,1.4285714285714286,1.4285714285714286,267,185
4510,100,234,2.2058823529411766,3.4694757340754125,4.821264827338092,205,207
4538,20,451,2.2750198994017117,11.329949032407493,24.325212770525994,284,177
4540,100,221,0.7092198581560284,2.8902710445681294,6.776309271789384,247,206
4555,20,50,1.3245033112582782,2.5816352309262713,5.484529080475204,287,195
4584,20,30,0.6622516556291391,5.337217549559501,26.795254735137085,277,178
4588,100,28,1.342281879194631,4.9907333839267585,29.448506462501157,229,174
4599,20,56,0.7092198581560284,6.636890940860656,39.845321739049865,286,165
4612,100,28,6.643956333296419,19.098098316979403,32.39757813309802,265,205
4633,100,140,1.0475656017578483,1.7453650902715485,2.521364528296496,207,204
4639,20,80,0.684931506849315,5.452246120753832,38.715869684982074,196,194
4653,20,130,0.6896551724137931,2.433863607252378,5.800185430430611,278,208
4676,100,210,1.032272673265033,1.6034484102361974,2.1808811449437098,195,179
4713,100,28,0.7299270072992701,1.7849844916050868,3.3557046979865772,222,188
4715,20,108,3.0095661500858837,8.265273939978853,24.677552095100985,260,211
4718,20,264,6.92469560620813,6.92469560620813,6.92469560620813,287,215
