6,100,5146,5.659601214425112,8.640781110140184,11.11111111111111,414,287
8,100,336,0.6622516556291391,1.63978480379594,4.297398817069026,484,272
24,100,4800,6.017930052651468,8.747859665795344,11.591914445681107,393,273
38,100,429,3.6949416765165104,3.6949416765165104,3.6949416765165104,489,268
40,20,4788,5.892003607563443,9.732816855375637,11.348144081922523,395,282
51,20,4977,6.168463386206317,9.643692521720428,11.191618119499314,397,290
53,20,7387,3.4722222222222223,8.625445205156892,11.074027616394359,400,294
61,100,1221,0.6172839506172839,1.248163626059334,2.3599087016181937,479,266
62,100,253,0.7352941176470588,2.51643454094091,3.959680005245959,452,265
67,100,1118,0.6944444444444444,1.2194329006565925,2.196026152894708,479,265
80,100,880,2.539120616523936,5.784525525212094,10.849696812156218,435,268
85,20,6216,1.87313054618953,3.8913829245851836,5.316592339748478,394,287
91,20,5963,2.403700850309326,3.590205172952536,4.850851695024885,392,291
95,100,608,0.7042253521126761,1.299225999741067,2.7314782389878705,482,266
103,100,700,0.7194244604316548,1.5823595966394148,2.8832906472850772,467,265
105,100,504,1.3975424859373686,1.99526390486335,3.119588740528886,481,265
119,20,6120,1.9918500878494296,3.8715331144482645,4.876598490941707,392,303
120,100,3136,0.684931506849315,1.2522201761542557,1.9641855032959656,462,265
127,100,1566,0.6493506493506493,1.6405793032045948,7.838154946660847,475,279
128,20,5616,0.9753196981883415,5.179039532198926,7.550830629795616,394,279
145,100,1242,0.641025641025641,1.3890177269076676,3.546099290780142,462,267
165,100,640,0.6802721088435374,1.0765414676798386,2.1107665110046194,484,273
169,100,658,1.510856741553912,2.437358493107704,3.119588740528886,489,268
194,100,455,0.6711409395973155,0.8232303188928285,0.9753196981883415,488,265
196,100,1850,0.9753196981883415,1.2862555553440957,1.5971914124998499,489,267
199,100,897,0.9889605331280386,1.7956256838684752,2.539120616523936,486,267
203,100,4814,3.546099290780142,7.620340291702175,10.395852270852101,396,278
209,100,468,0.6993006993006993,1.573700034575261,2.966881599384115,482,265
220,100,736,2.196026152894708,2.5004299559091434,2.8048337589235786,486,268
229,100,8800,3.9283710065919313,6.898863311470607,8.31890330807703,395,286
235,100,720,0.7092198581560284,2.5613278320894888,6.201736729460423,447,266
240,20,5440,2.670778722565918,4.68945996642084,6.2853936105470884,393,298
271,100,782,0.6756756756756757,2.1674534997094206,4.724087276408007,472,270
272,100,222,0.6535947712418301,1.6522913162264952,2.9462782549439477,481,269
283,20,5712,2.049584873004486,5.438728645425671,10.323658852304519,394,277
285,20,4851,2.8852490032255353,4.697940335595545,7.308549882697276,392,275
292,20,4514,0.9555497043061454,2.7425660685861297,4.541222863427552,393,274
297,20,4275,0.684931506849315,1.3413110532723205,2.521364528296496,393,273
305,20,5056,0.6944444444444444,1.7393492086048459,2.5571285641588575,397,286
307,20,4473,0.6896551724137931,2.2056802604724535,3.6231884057971016,393,265
312,20,4941,2.0668481439009017,3.7226857637956803,4.919003695210765,396,276
316,100,714,0.9243225897863367,1.5250858366544324,2.5753937681885635,472,266
319,20,8118,2.521364528296496,4.717360622794268,6.984503376737036,396,280
326,20,8265,2.631789252163496,5.007756855619423,6.680829316878905,393,275
328,100,1800,0.6944444444444444,0.6944444444444444,0.6944444444444444,476,265
333,20,8075,3.74626109237906,6.7511559987099625,8.919699687994294,396,292
337,20,2500,0.6493506493506493,1.4948227946013357,2.5571285641588575,470,265
344,20,7560,3.571428571428571,6.972295940383561,9.091372900969896,392,280
352,20,4884,3.4013605442176873,7.59130670014369,10.849366720268621,395,283
361,100,585,1.0101525445522108,2.005793035698783,3.0014335268453554,488,265
369,100,660,0.7299270072992701,1.5664852920657828,2.5753937681885635,489,278
374,100,512,1.5007167634226777,2.067987488649713,3.1493915176053378,489,270
377,100,684,0.6756756756756757,1.2123461350747857,2.1266369358993913,482,270
388,100,1275,0.9889605331280386,1.840748596931201,2.905918278848825,489,270
391,20,4526,3.1717276276592763,5.816595000521855,7.486018177982149,392,285
396,100,408,0.6666666666666667,1.387120113118664,2.0348396580907844,485,265
397,20,3422,2.631789252163496,5.526312790204569,7.802557585506732,395,280
404,100,1305,0.7633587786259541,1.0439310449421162,1.3245033112582782,486,273
406,20,204,4.778450923457349,7.0947098081615305,11.435437497937311,402,283
415,20,4617,4.4777092569460475,7.9095296753291535,9.749002932662108,402,281
432,100,546,0.7194244604316548,1.7757254246683323,3.7492790541123413,481,273
440,20,7644,4.509242420727358,6.181294804432846,7.352941176470589,393,272
449,100,640,0.6896551724137931,1.577293779845929,3.9283710065919313,489,274
464,100,1098,0.6944444444444444,1.6312776835882994,2.905918278848825,487,277
469,20,5751,5.6188846589256505,9.11163304148989,12.371892316751142,394,269
473,20,5658,5.007710104811096,8.104157619735126,10.67151321104951,403,267
480,100,1073,0.684931506849315,1.4156494812951286,2.2269560987101262,477,265
497,100,616,0.684931506849315,2.5765640812105377,6.402461428675616,489,265
532,100,2100,0.6493506493506493,2.034907180405179,3.030457633656632,489,270
535,20,5229,1.6321664069341533,4.65849252420433,7.874182083507149,392,278
549,20,4503,1.0029883421085781,2.6534033143117184,8.12826382688863,393,283
551,100,860,0.6896551724137931,1.2044445835648105,2.0348396580907844,489,269
554,100,1976,0.6666666666666667,1.0407909893747196,2.1512092926315507,484,265
561,100,210,0.6329113924050633,1.3722444428053733,3.4722222222222223,439,277
563,100,1800,0.9491366190423458,1.2619698843243223,1.574803149606299,488,266
564,100,1740,0.6896551724137931,1.7236311935133521,3.787878787878788,488,265
573,100,748,0.6451612903225806,1.3281620212893899,3.2679738562091507,488,273
579,100,602,0.6944444444444444,1.6611911001153088,2.5939217809093447,488,278
580,20,5103,0.9820927516479828,2.2575039067060496,3.1426968052735442,398,289
591,20,5325,0.6578947368421052,1.4543169984679778,2.7912109783679506,393,269
613,20,3150,0.6756756756756757,2.0167376983170384,39.3441124397726,418,310
629,100,1160,0.591715976331361,1.2733283394545447,2.7109408086195406,449,317
