37,20,5733,4.724087276408007,5.685432269884844,6.643648684546903,66,123
57,20,5665,5.401257521889296,5.401257521889296,5.401257521889296,65,120
62,20,2500,2.2587697572631282,2.2587697572631282,2.2587697572631282,39,143
65,20,7680,2.9035955109983522,5.626056448882471,8.900644798152346,43,123
69,20,6868,5.8071910219967044,6.127212454107753,6.447233886218802,57,121
72,20,7735,2.521364528296496,7.4494054778479795,12.377446427399462,51,142
119,20,266,6.54264343483113,7.675368496327921,8.270853751553618,61,125
130,20,812,7.818419501747517,8.384196924495782,8.949974347244048,62,137
261,20,252,12.51927526202774,12.51927526202774,12.51927526202774,68,139
282,20,5015,6.738557951469002,6.738557951469002,6.738557951469002,69,140
290,20,190,9.852797155638159,11.08585480476834,12.318912453898522,65,130
301,20,6552,6.839484584580628,6.839484584580628,6.839484584580628,65,121
309,20,5880,5.484529080475204,6.962259204008514,7.838154946660847,68,130
322,20,6936,6.2987830352106755,6.489825665670527,6.680868296130379,59,122
332,20,6630,5.5186761636694985,5.520385255909595,5.522094348149691,61,122
341,20,6076,4.979625219623574,6.0109393703751675,7.042253521126761,60,120
352,20,6237,5.717913296665637,5.804032095202576,5.8901508937395155,60,120
360,20,1716,5.114257128317715,5.114257128317715,5.114257128317715,37,142
364,3,3120,0.7092198581560284,2.4586088976342544,5.677646301618696,36,138
372,20,6300,6.1028598180839495,6.373254251315426,6.643648684546903,63,121
387,100,330,5.973836991001824,7.315522017052152,8.043409991006438,67,130
389,100,312,5.3632204970872595,5.775971855393495,6.188723213699731,68,134
445,100,345,5.150787536377127,6.236454564119042,7.584739164978174,51,127
452,100,110,6.993006993006993,6.993006993006993,6.993006993006993,40,120
456,20,2548,5.461713060074583,6.941779889853219,8.886499351873525,66,127
468,100,2070,6.738557951469002,6.738557951469002,6.738557951469002,71,143
488,20,336,8.762212647651516,9.19721443115565,9.942931293941912,40,141
493,20,273,7.671385692476573,8.126776437382693,8.582167182288813,69,134
538,20,1178,11.180339887498949,11.180339887498949,11.180339887498949,71,139
575,20,1280,12.923261824735071,12.923261824735071,12.923261824735071,69,141
667,3,3717,2.8832906472850772,3.097991973642383,3.312693299999689,37,142
672,20,6804,2.73972602739726,5.819257573717688,8.898789120038115,71,122
676,3,3190,2.112676056338028,3.5287393609891105,4.944802665640193,37,141
679,20,8946,0.6802721088435374,5.2932237682221475,6.887313148109163,70,130
692,20,5814,3.6949416765165104,4.455612312869183,5.216282949221855,68,122
725,20,6784,5.1631985030358285,6.436888867896862,7.710579232757896,56,120
730,3,3024,3.597122302158273,3.809234218267171,4.021346134376069,36,140
740,3,3599,4.724087276408007,4.724087276408007,4.724087276408007,40,141
768,20,6600,3.7139067635410368,3.7139067635410368,3.7139067635410368,68,123
771,20,6695,5.32571545864609,6.07280523018935,7.085509209925254,55,121
777,20,6144,5.560177757447275,6.345940077463851,6.985005533188726,50,121
785,20,6272,5.090985936559803,5.8098257821482076,6.528665627736613,60,121
794,100,1332,4.594660227739293,5.3288256627136015,5.8422157596366295,46,142
797,20,6930,3.6949416765165104,5.123158731333465,6.55137578615042,63,121
842,100,308,4.164965639175215,5.090288857015099,6.0156120748549835,71,135
893,20,952,11.819497084145878,11.819497084145878,11.819497084145878,63,134
1017,20,6615,3.4924791188991673,4.573260878464109,5.401257521889296,59,121
1023,20,9125,2.2427501135945955,3.6544605558578853,5.1631985030358285,65,130
1031,20,6200,4.5175395145262565,5.2672217802622585,6.016904045998261,60,121
1036,20,6992,7.301865348217731,7.3165001957415035,7.3311350432652755,49,141
1039,100,1932,3.5211267605633805,3.5211267605633805,3.5211267605633805,38,142
1075,20,6076,4.2836355847170555,4.790314452737441,5.3632204970872595,54,120
1079,20,6464,4.69105170104851,4.945565096695868,5.200078492343227,62,122
1083,20,6272,6.016904045998261,6.827717843661899,7.638531641325537,56,120
1150,20,1386,5.696904150359355,5.878240637349014,6.0595771243386745,58,138
1159,20,1170,6.168463386206317,7.50845529747794,8.949974347244048,67,131
1223,20,187,7.671385692476573,8.544429974484473,9.806726755668734,54,136
1287,3,3186,3.7139067635410368,3.7139067635410368,3.7139067635410368,37,140
1297,20,1209,7.199741357333567,7.7352975544435925,8.270853751553618,71,135
1298,20,6272,5.677646301618696,6.854433036397221,7.584739164978174,54,121
1303,20,1850,4.979625219623574,5.969794628780997,7.818419501747517,45,121
1312,100,336,4.3318872057101085,6.578623244210695,9.117765601682027,61,129
1341,3,3528,3.1273678006990067,3.935211395695003,4.7430549906909985,36,143
1344,20,6000,4.5175395145262565,4.940380005806758,5.3632204970872595,63,121
1346,20,6080,5.32571545864609,6.759614991854658,9.011500044886251,50,121
1397,20,1248,6.1445180478875905,6.1445180478875905,6.1445180478875905,69,142
1422,20,837,4.4777092569460475,6.699757115002252,8.536052878135456,69,128
1425,20,1044,5.199314567548144,5.6501272366260675,6.10093990570399,71,135
1427,100,2457,5.717913296665637,5.717913296665637,5.717913296665637,71,141
1510,20,1254,10.156482466095744,10.156482466095744,10.156482466095744,61,138
1533,3,3705,2.521364528296496,2.521364528296496,2.521364528296496,37,142
1543,3,3186,1.5746957588026689,3.8929978481510426,6.211299937499416,37,138
1549,20,899,6.331530961111814,6.609422054610489,6.887313148109163,65,133
1550,20,5952,0.7518796992481203,3.923037900159851,5.5843161734101505,61,122
1562,20,6200,6.146765284401101,6.146765284401101,6.146765284401101,67,121
1570,20,5106,1.5636839003495033,1.5636839003495033,1.5636839003495033,43,143
1576,20,6592,9.578500358264396,9.578500358264396,9.578500358264396,67,123
1600,20,6798,5.974827793928343,6.136805414569509,6.2987830352106755,62,120
1606,20,6240,2.127659574468085,4.663700465900826,7.199741357333567,60,122
1615,3,3721,2.142857142857143,4.347116464503781,6.55137578615042,39,141
1619,20,6174,5.111257118029469,6.18085043964396,7.250443761258452,58,122
1620,20,6161,5.974827793928343,5.974827793928343,5.974827793928343,64,122
1703,20,240,8.270853751553618,8.360268125285401,8.449682499017182,66,134
1708,20,285,6.55137578615042,6.971176079650275,7.671385692476573,56,135
1744,20,176,7.250443761258452,7.68935379407354,8.12826382688863,55,138
1782,20,1178,6.738557951469002,7.204971821972787,7.671385692476573,65,136
1833,3,3965,3.0842316931031584,3.0842316931031584,3.0842316931031584,36,142
1834,20,5640,4.929577464788732,5.570438701144074,6.211299937499416,59,121
1839,20,6532,8.042692268752138,8.042692268752138,8.042692268752138,66,122
1856,3,3600,2.539120616523936,3.9324180375850126,5.32571545864609,41,140
1859,20,6882,6.4926369417555545,6.4926369417555545,6.4926369417555545,69,122
1864,3,3024,4.0775887376540565,4.542649421232577,5.007710104811096,38,137
1866,20,5742,5.892416376081055,6.286642336105717,6.680868296130379,69,123
1869,20,2401,3.9938026677022607,3.9938026677022607,3.9938026677022607,40,140
1934,100,608,4.626347539654738,6.663865808552318,8.270853751553618,64,127
1955,20,1258,5.758755534498964,6.111680778082559,6.643648684546903,71,132
1975,20,1178,5.007710104811096,5.873134028140049,6.738557951469002,71,136
1977,20,320,5.717913296665637,6.134644541408028,6.55137578615042,66,138
1980,20,240,6.343455255318553,6.773822593838091,6.993006993006993,51,129
1986,20,1054,4.757591441488914,5.384763152438512,5.758755534498964,55,142
1995,20,210,7.250443761258452,7.875423728071247,8.333135154203152,58,121
2002,20,988,9.18197521859528,9.185647837036933,9.189320455478587,69,136
2008,20,6789,9.18197521859528,9.18197521859528,9.18197521859528,70,142
2010,20,1015,6.643648684546903,7.130505267059356,7.617361849571809,71,136
2020,20,209,8.692838829924153,9.683600366875973,10.674361903827794,64,135
2046,20,1080,10.21503234518368,10.21503234518368,10.21503234518368,62,141
2070,20,1110,12.318912453898522,12.318912453898522,12.318912453898522,66,135
2076,20,1044,12.23021582733813,12.23021582733813,12.23021582733813,70,141
2096,20,5088,3.792369582489087,3.792369582489087,3.792369582489087,67,120
2099,3,3248,0.9620500424306769,1.948907323476422,3.2643328138683065,37,140
2104,20,5580,3.565747911603346,5.202616248091987,6.839484584580628,60,121
2116,100,3286,2.5753937681885635,3.0958405128703954,3.7658495154786737,37,139
2122,20,5376,4.485500227189191,4.924360362138225,5.3632204970872595,63,120
2128,100,3355,3.042269357142571,3.042269357142571,3.042269357142571,39,141
2151,20,5280,8.845531916554908,9.382167875003027,9.852797155638159,61,120
2162,20,5104,4.4539121974202525,11.140417253107096,22.031524208523496,63,122
2167,3,3304,3.8192658206627685,4.9174389477588765,6.0156120748549835,37,138
