2,100,882,1.2987012987012987,3.395543672498799,7.511011876914066,645,364
7,100,800,0.7352941176470588,2.5248496489140355,4.944802665640193,615,324
8,100,816,0.641025641025641,2.1348338467170986,5.423784497157399,607,344
22,100,684,1.5421158465515792,3.1874605903203,5.717913296665637,634,327
58,100,814,0.6172839506172839,1.7764226777888874,3.9022933385032634,602,321
62,100,968,0.6993006993006993,3.0235234451348347,4.225327460032827,588,334
65,100,900,0.684931506849315,1.7496235968456841,3.6949416765165104,625,328
71,100,920,0.9820927516479828,3.019982755636283,4.944802665640193,615,321
87,100,966,0.6711409395973155,1.6962854477883216,3.1493915176053378,622,364
90,100,820,0.9820927516479828,2.3564647252070055,4.2561692663104385,685,357
92,100,468,1.5007167634226777,2.0594760548500863,3.0842316931031584,655,363
93,100,1375,0.6944444444444444,1.893177645625881,3.901278792753366,655,369
95,100,799,1.024792436502243,3.2672982570470057,8.042692268752138,611,330
98,100,714,0.6711409395973155,1.8387534474675398,4.021346134376069,652,337
99,100,1311,0.7407407407407408,2.108539546929571,6.211299937499416,588,330
103,100,1584,1.0101525445522108,3.00815418453044,6.402461428675616,588,362
104,100,1225,0.684931506849315,1.8539438806042658,5.555555555555555,589,322
105,100,516,0.6802721088435374,2.0859049642899765,7.969699625122558,612,320
106,100,1508,0.6711409395973155,1.5893761946492726,3.5409857733283228,599,318
107,100,1368,0.6711409395973155,1.7094440538617754,3.123564867892167,627,347
111,100,1770,0.6493506493506493,1.9831537405357187,6.7457930149288385,616,326
114,100,795,0.6493506493506493,2.7123107586923205,6.874649261535878,606,328
127,100,800,0.7352941176470588,2.096975452667043,3.7658495154786737,589,333
137,100,968,0.6944444444444444,2.598506589348216,5.461713060074583,622,325
141,100,705,0.6666666666666667,1.8097650719716223,4.0775887376540565,595,320
143,100,1122,0.6896551724137931,2.0612195992519733,3.2643328138683065,624,361
145,100,2210,0.6711409395973155,1.7021333635967677,6.70923620209577,607,369
155,100,940,0.6993006993006993,1.6418664805074161,2.9662630400127057,603,324
156,100,1092,0.641025641025641,1.73351872762557,2.925959094565024,642,340
159,100,900,0.6369426751592357,1.790791845943582,12.26377984851697,641,350
165,100,1029,0.6896551724137931,1.8418788577020984,5.473766834045502,599,345
169,100,784,0.6622516556291391,2.7222669350712447,6.2987830352106755,593,323
171,100,1204,0.641025641025641,1.7913032737621588,3.354618101047885,613,320
179,100,860,0.6172839506172839,1.5584794041351215,7.332959212304938,591,320
182,100,704,0.684931506849315,1.8128724932674196,4.221533022009239,589,325
189,100,750,0.6896551724137931,2.0904341444222245,3.6949416765165104,600,321
196,100,1344,0.6666666666666667,2.5745903780671253,10.101525445522109,648,369
199,20,375,0.7518796992481203,2.1930203603782634,4.3514566379442545,593,320
220,100,1232,1.1135539861205472,2.9393901418362236,5.043762355262684,589,330
222,100,602,0.7194244604316548,2.5512588044564217,6.773484462238288,602,326
234,100,465,1.552824984374854,3.628716548181889,5.769525080199931,622,339
241,100,680,0.6535947712418301,1.5998025851998634,4.104566818867211,614,319
254,100,644,0.6578947368421052,1.725383789521485,4.6584749531245615,600,324
256,100,1988,0.6369426751592357,1.6622587259160921,3.2141217326661247,591,328
258,100,1640,0.6756756756756757,2.140027619379361,5.3632204970872595,595,335
260,100,520,0.6369426751592357,1.660291876831846,4.300130725961134,661,345
265,100,935,0.7692307692307693,2.3227620323758913,7.259483824640069,624,361
271,100,966,1.4184397163120568,3.20982461358191,6.839484584580628,605,321
274,100,736,0.6944444444444444,2.4184825530939182,5.161363366325165,590,320
291,100,756,0.6451612903225806,2.3682795523509657,8.992003317520895,681,367
301,100,588,0.684931506849315,2.3545230062406124,4.4777092569460475,650,352
316,100,816,0.6993006993006993,2.3205280868704823,4.142434467026542,603,326
317,100,1320,0.7042253521126761,3.128724738249149,7.076164485758829,674,365
320,100,2256,0.7042253521126761,1.7819164930468234,5.772300254584061,590,319
321,100,1242,0.7042253521126761,2.4318827335269297,6.10093990570399,597,345
328,100,855,0.9428090415820635,2.462974055820081,4.5916024752373215,596,319
337,100,1500,0.6896551724137931,1.9670847982270736,4.049272149198126,594,331
348,100,731,0.7462686567164178,2.4414192290308305,4.041086706324921,590,334
353,100,1682,0.6896551724137931,1.7160437831415645,2.631789252163496,595,336
354,100,528,0.7042253521126761,1.9210504538537105,3.9133905334532217,605,319
361,100,817,0.7142857142857143,2.7559962543580903,7.121938803317746,589,333
369,100,799,1.0029883421085781,3.117699737454886,4.297398817069026,607,327
372,100,1380,1.024792436502243,1.9330737815190082,2.8861501272920305,646,360
374,100,736,0.7042253521126761,2.3098022311597277,4.4777092569460475,600,322
377,100,1104,0.6711409395973155,1.5300963575669952,3.042269357142571,608,341
386,100,2655,0.6896551724137931,1.7101640371657567,4.2836355847170555,590,320
388,100,1100,0.6944444444444444,2.2124811617942792,5.439837932759935,598,327
396,100,651,0.6711409395973155,1.9065514355625035,4.697986577181208,607,318
398,100,920,0.6802721088435374,1.8415686737033645,3.0631068184928627,620,320
403,100,1620,0.6756756756756757,1.5983610915757493,4.225327460032827,600,318
404,100,1122,0.7299270072992701,1.9210594741556464,3.546099290780142,590,339
409,100,1239,0.6802721088435374,3.0447252692792617,5.522094348149691,673,363
410,100,522,0.6711409395973155,2.377357930130369,6.680868296130379,593,320
411,100,969,0.6711409395973155,1.9291356346730002,8.081607099860602,617,351
413,100,720,0.7407407407407408,2.4418111264888034,4.525483399593905,625,326
419,100,750,0.06443265461045836,1.8556746997842961,3.688469045982537,614,334
420,100,1320,0.6622516556291391,1.794720266809409,3.055551928359313,594,328
423,20,91,0.6896551724137931,1.6764159213636947,3.2173639964025753,650,321
430,100,1311,1.0475656017578483,2.9269672205546033,4.6164637374720865,632,350
431,100,816,0.6666666666666667,1.8964574310898341,3.7037037037037033,591,329
432,100,969,0.684931506849315,1.8003805389757421,4.240479627438972,602,349
447,100,645,2.1366740947083644,4.617376154260169,7.756295408837673,599,341
449,100,768,0.6329113924050633,1.785754315151456,5.812381937190964,590,328
460,100,918,0.6756756756756757,2.4781941698046905,5.187843561818689,590,321
464,100,1326,0.6369426751592357,1.6826613898314629,3.5663343093605984,649,341
467,100,1000,2.46955566812602,3.4602839825453735,4.761904761904762,625,366
470,100,1380,0.7194244604316548,2.013080269675693,4.142434467026542,594,329
480,100,2380,1.7200522903844537,3.9100727203730776,6.931988313754051,590,357
494,100,1216,0.9491366190423458,2.154889837426833,4.532570224661736,607,345
495,100,1242,0.6578947368421052,2.0507704497733323,3.6764705882352944,599,321
497,100,1596,0.6896551724137931,1.9150125509201907,3.1717276276592763,599,338
500,100,812,0.7194244604316548,2.5245516056932575,5.043762355262684,594,333
506,100,580,0.9959250439247148,2.6515861001537613,4.446614053772811,655,335
513,100,940,0.9555497043061454,1.6858245637268696,2.905918278848825,668,347
516,100,1150,0.6944444444444444,2.187510613872877,8.029951989909897,630,369
532,100,2046,0.7575757575757576,3.92217129258253,10.156482466095744,597,329
534,100,987,0.9889605331280386,2.5593441877645997,4.190262407031393,596,326
551,100,810,0.6993006993006993,1.9379752082472594,4.326435295562735,595,319
560,100,688,1.4285714285714286,2.868582558844717,4.4159477499536886,598,325
561,100,819,0.7352941176470588,2.2717135061108595,6.860140256164709,607,344
563,100,2088,0.6896551724137931,1.8108861192885672,3.8192658206627685,597,319
564,100,1917,0.6993006993006993,1.903861523276135,3.4482758620689653,657,357
567,100,1000,0.6756756756756757,2.2706945561287153,4.190262407031393,597,327
571,100,833,0.7407407407407408,2.215382358916141,5.8519219503691335,590,336
573,100,954,0.7194244604316548,1.6596009573052941,4.376088151293683,594,339
575,100,525,0.7042253521126761,2.0063804300886114,3.1426968052735442,597,318
576,100,1450,0.6666666666666667,1.56250766265441,3.4013605442176873,617,338
579,100,1550,1.4808397201985364,3.8588163197665724,8.072206834979053,593,369
581,100,2035,0.6535947712418301,1.6273529888082738,3.4221607473777076,599,322
583,20,16,0.7299270072992701,1.67182702235493,2.489982409581401,644,361
593,100,1620,0.6535947712418301,2.426758574035205,4.7430549906909985,615,330
600,100,882,0.6756756756756757,2.3338626082854415,4.0119533684343125,603,320
611,100,572,0.6802721088435374,2.3182257965510766,4.850810895454718,607,321
612,100,688,0.641025641025641,2.210592256150152,5.374838498865699,610,352
617,100,462,0.7042253521126761,2.3578506400230554,6.146362971528592,629,340
618,100,1104,0.628930817610063,1.9558971908813756,5.078241233047872,650,350
620,100,198,0.6896551724137931,3.038654360732622,6.775963568181181,602,364
628,100,1340,0.628930817610063,1.9337862637006795,6.666666666666667,592,333
635,100,648,0.6756756756756757,2.08797652392124,4.285714285714286,610,320
636,100,702,0.6711409395973155,2.4687824484018597,7.710579232757896,593,326
643,100,675,0.6802721088435374,2.234973093504536,3.84654629081036,636,342
648,100,1364,0.7299270072992701,1.9189852740060647,3.3333333333333335,668,360
651,100,651,1.6321664069341533,1.6921196201736266,1.7520728334130997,600,340
678,100,420,0.5747126436781609,1.8827329923983678,3.1907533411185747,612,320
