1,20,6006,17.88854381999832,20.430758396485647,22.972972972972975,950,417
15,20,7896,21.76746381105576,25.04446728892131,30.78701024783017,961,407
56,20,9095,16.791938899673386,27.865380961551615,38.93882302342985,894,411
92,20,1368,4.297398817069026,4.297398817069026,4.297398817069026,959,380
177,100,1161,0.628930817610063,1.8288588191733415,5.2820503405506845,871,389
190,100,324,0.7751937984496124,2.52732560646719,7.849854517977857,876,379
209,20,1443,0.6024096385542169,2.795391849072621,7.241807207203017,876,419
212,100,1400,6.578947368421052,6.578947368421052,6.578947368421052,864,413
244,3,182,0.6802721088435374,5.802833400220499,18.565910376163448,914,399
360,100,1066,1.342281879194631,3.09188679155573,7.020918394760047,871,391
466,100,459,1.9918500878494296,2.998209439862214,3.5545023696682465,874,388
479,20,320,1.3986013986013985,2.6805203799976107,4.106304151299508,888,392
659,20,1312,11.805555555555555,14.622782119318336,16.22702100935587,956,412
759,20,595,12.653792678733518,14.861506940510996,17.069221202288475,945,390
848,20,195,4.541222863427552,6.878366252165758,9.578500358264396,952,429
868,20,112,2.452755969703394,16.591758557386733,38.025233297731894,920,392
924,20,36,27.394867287280245,27.394867287280245,27.394867287280245,944,415
929,100,294,0.9820927516479828,2.6702503002990476,6.48135645652113,875,383
946,20,105,4.4539121974202525,4.4539121974202525,4.4539121974202525,864,380
1051,20,184,0.6896551724137931,5.823801043662947,10.9579469149121,865,394
1260,20,1677,6.48135645652113,6.93170107990454,7.382045703287951,905,387
1281,100,2754,12.923261824735071,12.923261824735071,12.923261824735071,955,387
1294,20,49,5.928130697278345,14.177815916612149,22.427501135945953,951,385
1308,20,5192,7.280921789544282,10.687609720614686,12.495339247757089,964,406
1320,20,703,8.771403064976505,11.5799461368048,14.388489208633093,923,417
1322,20,336,8.136212553238039,8.136212553238039,8.136212553238039,944,381
1332,100,2806,14.184397163120568,14.184397163120568,14.184397163120568,963,386
1380,20,152,5.0715906986406845,7.592656141906467,11.025749197976035,918,428
1421,20,6045,10.756046463157752,11.804308887075813,15.696478086291929,937,419
1429,20,42,7.893446432095068,12.722727771597745,17.024397768366843,921,422
1442,100,384,6.947807720741602,7.540315073300112,8.132822425858622,949,387
1519,20,1116,0.6993006993006993,2.6450464100907927,6.738557951469002,892,428
1528,20,128,0.684931506849315,3.3977193215272377,6.4222589632180265,912,381
1533,100,207,2,3.943520819573795,5.6480898981063845,877,378
1588,20,30,3.246539862691071,10.79101113510686,37.628890664010314,879,405
1613,20,72,22.165736110328545,22.847589439575593,23.529442768822644,869,398
1631,100,48,0.7092198581560284,8.646117183261243,34.06779764332336,879,393
1642,100,496,2.196026152894708,3.559339844814932,5.397761688446928,869,380
1671,100,98,0.6578947368421052,2.2312000998523716,3.2883352610291023,876,379
1737,20,80,3.2225569886610024,3.2225569886610024,3.2225569886610024,865,424
1810,100,429,3.8260920305340202,5.508870380246947,7.1004345799910356,883,402
1860,100,189,0.7407407407407408,4.085177795767745,7.241807207203017,910,400
1964,100,2773,12.289036095775181,13.27334711348645,13.88888888888889,906,385
1972,100,6216,7.486018177982149,12.675014835731687,16.265319370088125,966,397
2029,20,1122,7.889543583705187,9.983561283315858,12.077578982926527,937,397
2045,100,567,9.714995796818044,9.714995796818044,9.714995796818044,949,382
2084,100,4872,6.818298106613908,8.109264533995713,10.546302185881,937,381
2103,20,209,14.189268290155411,14.189268290155411,14.189268290155411,955,387
2396,20,144,1.6687074458953657,5.521841509755795,15.078221010971134,877,425
2416,100,78,2.1659436028550543,3.6862918773375655,4.5175395145262565,905,396
2583,20,338,2.2269560987101262,3.2204426174019605,4.446614053772811,872,381
2659,100,3212,10.608233879340197,13.157808283622312,14.716535818220366,931,386
2687,20,299,9.004300580536066,11.844024784531165,13.515386004703494,954,403
2691,20,252,20.28336713083137,20.28336713083137,20.28336713083137,947,394
2797,20,4640,16.05880880421321,19.15277883524764,24.220876120182325,959,410
2803,20,3484,13.206877518479008,15.67415328446527,18.14142905045153,954,392
2829,20,3922,15.741672014501141,15.741672014501141,15.741672014501141,955,384
2940,20,32,1.8486451795726735,6.030146595301561,22.70996552441427,929,395
2941,100,900,0.641025641025641,3.2563213852016073,9.964353362095382,886,385
2964,100,900,0.6666666666666667,0.7985351630613252,0.9304036594559837,918,431
2970,100,713,0.6211180124223602,1.677204570283393,2.748737083745107,873,382
2977,3,143,20.39835154217615,20.39835154217615,20.39835154217615,914,381
3080,20,16,1.4492753623188406,7.609917056672753,13.770558751026666,925,410
3148,100,60,2.5753937681885635,3.0884775422248363,4.106304151299508,871,422
3190,100,294,1.4426245016127677,3.824380330873386,5.590001977463549,877,414
3224,100,250,1.6687074458953657,5.486580223637425,9.01436265190048,896,383
3225,100,480,0.6993006993006993,2.866164128183524,4.541222863427552,881,380
3238,100,1242,1.0398629135096287,2.431923404004276,4.843197131414709,873,379
3285,20,64,4.606564199591977,6.008232557442853,6.780475983980592,923,404
3289,100,104,19.44257171252845,19.44257171252845,19.44257171252845,872,411
3292,20,192,2.966881599384115,4.817136978565728,6.434727992805151,875,396
3404,20,3136,9.515372595513565,13.640869364053625,16.97766912352264,930,426
3424,20,2704,11.141852206185217,11.544763094094431,11.947673982003648,962,395
3428,100,3920,7.231391709343299,12.07927774375526,16.212485117213152,891,392
3505,100,476,8.301205610439451,9.414167468141708,10.527129325843964,951,387
3518,20,7410,13.966351843940842,13.966351843940842,13.966351843940842,867,429
3531,20,1769,6.289320754704403,8.658210221270773,11.425164848539072,956,410
3538,20,783,5.252257314388903,6.493752181111913,7.781765342728035,963,388
3559,20,1295,6.061847931051541,10.559716788896267,21.068833560485768,964,418
3563,20,2714,8.449682499017182,8.449682499017182,8.449682499017182,967,379
3576,20,1836,6.01661025992429,6.209535844299953,6.402461428675616,873,389
3591,20,288,5.96284793999944,7.75568243013749,9.843215373488935,948,403
3595,20,35,10.143181397281369,10.143181397281369,10.143181397281369,941,388
3718,100,325,0.9183204950474644,4.18946102324366,7.460601551439856,879,428
3739,20,400,11.348144081922523,11.348144081922523,11.348144081922523,888,431
3746,100,357,6.0595771243386745,6.0595771243386745,6.0595771243386745,864,393
3799,20,143,2.9850746268656714,13.94935929149383,24.913643956121987,881,399
3815,100,684,9.909277221633154,9.909277221633154,9.909277221633154,865,406
3878,100,490,3.777051491550211,4.82072517180484,5.896238207535378,883,388
3951,20,266,0.9889605331280386,2.8880449057335724,5.484529080475204,877,383
4140,100,1128,22.393834615385735,36.02395472343906,49.65407483149238,963,403
4163,100,2397,2.539120616523936,5.871370688841674,9.78483174517548,958,405
4177,100,5254,5.349486079388119,10.703752749963325,19.07491956681287,887,378
4203,20,4784,2.049584873004486,19.571980878133093,55.06734571454706,928,407
4289,100,175,0.78125,3.658198177345907,7.181717624778569,879,380
4310,100,525,0.6802721088435374,4.191688743163849,8.264884455427177,885,403
4322,3,160,0.9555497043061454,3.9726281304830837,8.391004148329564,925,405
4323,100,702,3.030457633656632,5.0609082498304465,10.527904002631033,915,399
4325,100,588,0.6896551724137931,3.448580514001302,7.3311350432652755,883,385
4327,100,300,0.6802721088435374,3.4081118087478313,8.663774411420217,871,400
4424,20,288,1.0174198290453922,21.28947864189585,68.38138228022366,926,403
4508,20,368,2.9197080291970803,2.9197080291970803,2.9197080291970803,866,410
4516,20,361,2.1659436028550543,3.1066975870727362,5.078241233047872,878,417
4645,20,336,0.9889605331280386,5.109800988662798,9.007596363400957,917,407
4736,100,4556,7.774602526460401,7.774602526460401,7.774602526460401,923,383
