28,20,442,1.5746957588026689,20.955148079517723,64.91105619268095,948,375
56,20,5616,5.201456611805515,10.871426045577715,13.846153846153847,868,346
58,20,272,3.9133905334532217,22.233005194737835,40.552619856022446,883,348
71,20,2200,7.30091364259479,16.262692648787674,19.601728627346777,954,377
190,100,289,1.6687074458953657,2.350201379424764,3.031695312954162,876,373
244,3,161,0.8333333333333334,2.932746401808651,7.547169811320755,934,363
266,20,16,1.552824984374854,15.509222660711508,34.364944061969204,897,348
314,20,70,0.6666666666666667,1.2386908286713962,3.19620591133152,886,326
466,100,400,2.486587086526889,8.721771706233131,17.27626660349689,886,373
574,100,1508,8.270853751553618,9.220457234685897,9.722034684781695,887,361
598,100,714,12.251357097788778,12.439381602825193,12.774061767629618,902,342
632,100,70,2.6127183155536153,9.375308317238956,22.62844841637421,914,333
659,20,1344,12.584788262256044,13.791028606271169,15.198729280506068,872,351
721,20,3591,5.349486079388119,18.94434551764365,32.53920495589918,911,348
725,20,4158,8.93041425370226,15.16640903389598,27.74128683064957,949,367
749,3,528,2.6143790849673203,4.146036343959001,5.439282932204212,947,328
759,20,1824,7.163346904895343,20.47186421830349,29.603910457703613,935,370
800,20,1640,6.254735601398013,9.381937514849806,13.10275157230084,966,356
848,20,255,1.0713739108887086,3.8273326658813174,5.225436631107231,871,369
925,100,156,2.112676056338028,2.604747038066563,3.0968180197950983,864,367
929,100,30,0.9620500424306769,2.6725237128882324,10.397762718474226,949,335
946,20,95,0.6944444444444444,7.089307327988328,22.058861353150817,876,345
1042,20,60,0.6896551724137931,7.12987169061689,45.07318940583221,904,337
1260,20,1748,2.34375,5.703956154807492,10.543311168310996,874,353
1281,100,630,1.5211346785712856,6.0645171756591365,10.904405724718549,866,338
1282,20,279,4.442519160595609,6.75810482976968,14.801955228851806,949,377
1292,100,777,8.606396993176196,8.606396993176196,8.606396993176196,867,327
1294,20,240,9.87828955828661,9.87828955828661,9.87828955828661,917,368
1306,100,420,7.514049680998969,22.365098029619155,37.216146378239344,914,362
1308,20,4136,3.5197155602186303,9.067159214441018,10.923426120149166,867,336
1322,20,132,1.6086819982012877,11.597378410857184,27.367065789467716,908,352
1332,100,3008,2.925959094565024,7.977781638592202,13.666293503543672,947,374
1409,20,119,4.164965639175215,28.716512423554448,71.00444086701458,950,371
1421,20,6298,12.069762061711371,12.069762061711371,12.069762061711371,866,374
1442,100,416,4.93911133625204,7.214794342945715,9.139765782532766,932,374
1528,20,84,0.6896551724137931,6.303370829751458,18.80757564074792,898,366
1533,20,130,0.7352941176470588,2.2827331910440405,4.541222863427552,892,362
1613,20,273,25.96542191098466,25.96542191098466,25.96542191098466,883,367
1642,100,464,2.486587086526889,2.486587086526889,2.486587086526889,871,377
1671,100,84,0.7042253521126761,2.163339494768499,3.5211267605633805,882,372
1690,100,117,0.9620500424306769,3.1331917318331817,10.470464608179935,949,335
1725,20,130,1.6203391141302825,1.6203391141302825,1.6203391141302825,865,340
1813,20,60,2.6430164266779874,3.782174031511942,6.398617260554404,943,347
1964,100,2508,0.7246376811594203,6.949732247636126,11.865276230403623,877,361
1972,100,5096,5.050762722761054,9.934524617153837,16.38513918022375,877,342
2029,20,1482,6.935815353377538,9.144503313239625,14.360607610862827,925,373
2045,100,660,4.885979791463435,14.156219202183763,38.748056759086126,937,375
2072,20,63,32.081077711853126,32.081077711853126,32.081077711853126,894,340
2084,100,3698,7.584739164978174,10.175588240440835,13.399678650135636,874,345
2103,20,209,10.749533466530808,10.749533466530808,10.749533466530808,938,377
2144,100,7168,9.223699216484405,15.39853311062328,18.179414451217806,942,346
2145,20,1512,6.419645721673602,18.273645536868308,25.306475654539728,954,370
2160,100,1804,6.576670522058205,17.37627142129585,31.791532611354782,949,363
2165,20,144,7.404472701355,7.404472701355,7.404472701355,873,333
2175,20,5355,10.044097319886665,19.224164072655864,26.841096185596523,972,366
2203,20,294,15.526873317376246,17.85522506289236,20.864029056359374,908,355
2213,20,4500,10.77251358501341,14.257955270622858,18.050712137994786,955,368
2289,20,184,5.598790102985104,5.598790102985104,5.598790102985104,864,368
2340,3,400,7.570316280137501,7.570316280137501,7.570316280137501,931,327
2407,3,290,3.969531260730659,4.672184879798179,5.374838498865699,925,327
2416,100,99,0.7092198581560284,2.1891062826050685,3.7863323992501954,923,363
2583,20,242,2.5939217809093447,5.124573552014719,6.7114093959731544,888,372
2591,20,270,3.4482758620689653,5.110995676595359,8.383642831611308,879,368
2659,100,2688,9.946348346107555,11.291573016115677,13.382068516358473,876,355
2667,100,1344,8.838569186815022,11.872884488662208,17.24137931034483,895,372
2674,100,819,1.8608073189119674,5.234738488318286,7.019678401656913,867,344
2687,20,525,8.577897901582434,8.577897901582434,8.577897901582434,913,376
2797,20,6816,19.63646627907364,19.63646627907364,19.63646627907364,885,375
2803,20,4212,9.869910002466593,16.308059918573548,29.46765202844958,915,371
2829,20,4256,9.462551394220075,13.277271016415733,18.633899812498246,935,373
2848,20,756,5.717913296665637,13.490212521595287,37.32394366197183,921,366
2877,100,11200,17.59857780109315,20.240762810041662,22.517003748020013,951,339
2941,100,1173,5.916855815080798,5.916855815080798,5.916855815080798,890,377
2970,100,600,3.80523844297969,3.80523844297969,3.80523844297969,874,377
2977,3,360,2.7109408086195406,3.9730865563547537,5.235232304089967,940,374
3074,100,840,8.948335861010161,8.948335861010161,8.948335861010161,865,374
3220,100,392,2.027027027027027,2.8674607881206677,4.285495643554834,868,357
3224,20,77,4.697986577181208,4.697986577181208,4.697986577181208,896,376
3225,100,351,1.3888888888888888,2.780345933398928,5.277195726963956,891,372
3238,100,1122,1.6441676305145512,2.923372769206322,3.966633942071633,884,368
3327,20,1140,8.594797634138052,11.030848829848935,13.772235229279714,957,372
3424,20,3172,8.657131642364329,10.744261029653865,11.98140800310678,921,368
3428,100,3876,12.996580390845441,12.996580390845441,12.996580390845441,864,371
3431,100,2070,7.895367756490488,13.62544918600326,19.641137640200856,885,355
3440,3,48,0.47393364928909953,1.5420787745186288,7.69309258162072,943,333
3460,20,1968,10.543277297609457,12.603595151784825,14.399482714667133,958,376
3505,100,697,9.517083803215547,10.457980927620493,11.971830985915492,927,375
3524,20,620,3.38689610511604,12.536328100386434,21.81239401346662,955,374
3531,20,2380,5.828544534258697,7.677118415591735,9.525692296924774,880,371
3538,20,870,2.4198330707812006,7.038657185493221,12.564711390172839,940,373
3544,20,15,3.64963503649635,10.576923715374077,16.496033120018453,951,350
3559,20,6848,7.382045703287951,8.156229978495105,8.93041425370226,872,376
3563,20,2928,4.684855792842043,6.376464104607589,8.886499351873525,956,374
3567,20,231,2.3599087016181937,6.407258398721537,9.959250439247148,951,376
3570,20,435,2.6511406437235214,6.1482459260027085,15.231546211727817,894,336
3591,20,760,7.408667004378061,8.282974169593142,9.580995854792969,888,376
3592,20,6,8.212608302599016,15.153402922042822,22.533035630742194,918,358
3595,20,144,4.7430549906909985,6.208108102496652,8.343537229476826,926,372
3596,20,228,3.9307772314850395,7.33724111881764,10.674361903827794,864,336
3601,100,1476,3.64963503649635,17.799998774681743,39.436619718309856,933,359
3614,20,6102,15.498072451202919,17.651269101657675,20.244980477949262,958,366
3833,3,56,1.4285714285714286,2.7354744202003123,3.597122302158273,915,324
3838,20,60,1.4388489208633095,2.2147368429224006,3.0541523152723413,923,325
3862,3,300,7.433668400513742,7.433668400513742,7.433668400513742,933,325
3995,3,88,1.0174198290453922,3.575761506896385,7.703888007426607,948,333
4005,3,224,1.467343744918787,2.0495664985411413,2.631789252163496,924,324
4082,20,4485,8.027756233993205,8.027756233993205,8.027756233993205,872,364
4113,3,182,1.4492753623188406,3.172190128711868,4.895104895104895,950,324
4140,100,3484,8.63470517245384,13.494951090086538,17.421817208848882,869,340
4163,100,2160,5.313095017623574,6.8540063363806185,9.14595918696472,868,346
4195,20,806,14.377894601162195,17.95825303913469,21.53861147710718,906,345
4287,100,198,1.3245033112582782,3.2924292726704354,7.1889473005810975,907,341
4289,100,192,0.6993006993006993,1.8807673739984199,3.3783783783783785,884,368
4305,20,57,1.948051948051948,5.746195337631942,14.079663328125363,871,352
4325,100,629,1.8790487205880586,2.9531679504479174,4.9104637582399135,904,368
4400,20,99,1.5421158465515792,3.4486869841267,5.560177757447275,880,346
4409,20,66,2.3082318687360432,2.3082318687360432,2.3082318687360432,899,324
4575,3,27,0.641025641025641,1.867038980843081,4.285714285714286,933,353
4730,100,35,14.751764412397893,14.751764412397893,14.751764412397893,882,326
4736,100,3240,3.565747911603346,7.86556820017363,15.636839003495034,897,368
4750,20,35,15.352796083986117,15.352796083986117,15.352796083986117,892,332
