44,20,840,2.82842712474619,11.149893726725798,15.742554559499244,803,348
58,20,4216,15.633852343168941,15.73876629588132,15.843680248593698,829,328
71,20,3285,21.5668419017433,21.5668419017433,21.5668419017433,849,327
144,100,1330,0.7518796992481203,2.7780787643787064,5.8519219503691335,838,351
151,100,684,2.3261621132025736,5.009234902755133,7.6923076923076925,782,376
164,20,216,7.142857142857142,7.142857142857142,7.142857142857142,768,329
207,20,224,0.6896551724137931,2.25661223486881,4.626347539654738,812,337
215,100,4050,0.847457627118644,3.2019081226375077,6.690766760323832,799,368
219,100,567,0.684931506849315,2.2826025090648083,6.776309271789384,812,343
362,20,180,4.745683095211729,4.9455413087752085,5.161363366325165,783,324
391,20,480,1.9867549668874174,3.0936831180593733,4.9325028915436535,787,375
401,100,777,1.3888888888888888,2.9667407631517566,5.770498006451071,833,359
407,100,738,3.19620591133152,3.19620591133152,3.19620591133152,858,377
438,20,133,2.1366740947083644,4.332493740019948,6.9309487042213025,794,359
550,100,1148,0.6944444444444444,2.735839102592912,7.382045703287951,823,363
574,100,1534,0.6802721088435374,4.1035731986828266,7.97802193649556,854,340
598,100,1045,6.168463386206317,8.899636976109592,11.630810566012869,854,329
659,20,1247,8.466191950095721,12.004283920282655,13.96869628701266,857,342
669,20,357,10.103794125747791,10.208767847493405,10.313741569239019,860,339
720,20,3300,8.016917747068236,16.099362248824878,19.034167606431094,801,342
721,20,8880,20.61373925452432,20.61373925452432,20.61373925452432,861,330
725,20,9246,18.749436623950114,18.749436623950114,18.749436623950114,851,335
738,20,7332,24.817518248175183,24.817518248175183,24.817518248175183,800,335
774,20,88,13.76164608955721,16.146952296033852,17.9912526428302,823,361
813,20,2352,2.486587086526889,13.420659495678269,22.674780389794257,804,365
819,20,2072,0.7194244604316548,2.4598501181718366,5.700912172194638,773,325
845,100,1218,3.376834114962109,6.863726018475023,13.336938398515699,783,349
848,20,270,3.052259487136176,3.345459590053825,3.8873012632302006,856,359
858,20,306,6.779076806833005,25.189971948036657,54.29041333045676,858,362
862,20,135,2.679896322176593,4.479482930081955,6.2790695379873185,838,372
871,100,608,0.9620500424306769,2.733549442325456,6.198610853894169,801,354
911,100,713,0.7042253521126761,2.3280695345090017,4.896499220802459,819,339
916,20,323,0.6896551724137931,3.6482684522662567,6.936750832394561,801,350
925,100,325,1.5421158465515792,3.5026962720955934,6.975612485665543,861,367
932,100,272,0.628930817610063,2.4261762060973706,8.343537229476826,807,327
937,100,300,4.194929420752016,6.8783424230574814,12.054396315932177,770,372
946,20,48,2.5571285641588575,2.6905867566060246,2.8240449490531923,863,376
949,100,273,1.5746957588026689,2.8296507171973038,4.650408323777029,811,327
968,100,608,1.87313054618953,3.75591319015937,5.6780335046677,810,375
982,100,132,1.5858638138296381,9.163494924115712,28.51488533513851,829,366
1002,100,297,3.376834114962109,4.375599918896553,6.120537406777508,810,340
1042,20,35,3.5409857733283228,8.920579594765533,25.44913925589164,806,356
1104,20,130,15.419168966093416,19.408398307446134,23.397627648798856,786,353
1260,20,924,7.973254720972993,8.220920936789513,8.718968296952646,842,335
1281,100,504,6.10093990570399,6.284426820161253,6.4679137346185165,851,328
1282,20,323,9.820927516479827,9.820927516479827,9.820927516479827,856,331
1308,20,2400,4.344830378784442,5.716573768193867,7.781765342728035,841,324
1322,20,240,11.078368334619368,11.078368334619368,11.078368334619368,846,327
1325,20,126,8.540137999143473,9.196467577390816,9.852797155638159,826,331
1332,100,3572,6.4926369417555545,6.4926369417555545,6.4926369417555545,861,329
1363,20,66,13.995078199875339,15.824828605374037,17.654579010872734,810,350
1382,20,189,5.717913296665637,14.260988403352538,24.305086711954235,850,366
1391,20,528,3.4968602643730544,11.705282730662008,16.978803643275334,842,375
1400,20,999,6.935815353377538,6.935815353377538,6.935815353377538,826,325
1407,20,2006,10.53374492221091,12.115165142812408,13.696585363413904,787,354
1409,20,1444,13.492063492063492,14.257538543822706,15.460914366267712,817,371
1421,20,5504,7.405156241951957,8.938626696434541,10.375232654548082,785,326
1429,20,882,7.949372351049061,11.969357374380024,17.56910553749835,781,329
1438,20,700,27.783786198252464,27.783786198252464,27.783786198252464,822,328
1441,20,1056,5.020765440883116,8.582577183128524,12.777531299998799,833,340
1491,100,416,0.7194244604316548,3.735072038048334,8,852,327
1523,100,3036,0.684931506849315,4.227990593049618,8.75583041564824,827,365
1551,100,903,0.78125,2.91806018886084,7.671385692476573,843,363
1580,20,348,1.5858638138296381,3.0427390421153624,4.719817403236387,782,324
1598,20,224,1.9110994086122908,22.19979362026986,61.53888993459196,843,356
1604,100,378,0.6756756756756757,2.9136275852108175,11.53963887243108,802,375
1654,20,100,2.7027027027027026,4.3564491631597955,6.757750103087624,822,333
1655,20,120,1.552824984374854,10.095983757286426,24.35903813619074,782,359
1681,100,140,3.5165651817881276,5.382102848133343,8.449682499017182,860,360
1694,100,500,1.4084507042253522,3.3721711978155757,4.850851695024885,816,362
1758,100,406,1.3888888888888888,2.6172543284630367,4.708179586347683,809,329
1964,100,1728,5.6188846589256505,9.21088119870057,11.98140800310678,827,325
1972,100,5220,14.080568853815825,14.080568853815825,14.080568853815825,862,331
2045,100,1035,6.25,7.808911967576053,10.714285714285714,851,345
2071,100,532,4.607210180355229,5.756522640488437,6.944444444444445,827,327
2072,20,80,13.483672110380276,15.594300488510946,17.704928866641616,847,329
2084,20,1440,5.687042242231255,7.550921727036426,8.638447251622667,832,329
2087,20,1053,5.078241233047872,7.70164616206009,10.325051091072309,824,325
2165,20,140,11.355292603237393,13.078921801071424,16.343011261515336,863,330
2216,20,840,18.10889557000736,19.978505799719542,21.848116029431722,825,347
2264,20,210,5.618298082438013,14.332869348635782,31.14113248241156,823,332
2266,20,16,0.6802721088435374,16.36352043025543,45.02585677214058,796,356
2279,100,72,6.188723213699731,6.188723213699731,6.188723213699731,771,327
2289,20,260,3.1943828249996997,3.1943828249996997,3.1943828249996997,860,375
2307,100,560,1.6203391141302825,4.159018992264007,6.836650082395162,777,356
2324,100,345,1.6321664069341533,3.1666254493367436,4.532570224661736,826,364
2351,100,630,4.082390959931691,4.082390959931691,4.082390959931691,807,377
2354,20,30,3.3783783783783785,4.014393351077704,4.650408323777029,768,324
2394,20,1147,1.950639396376683,4.0880383637321565,7.570316280137501,771,353
2583,20,465,7.182530954550439,7.182530954550439,7.182530954550439,861,374
2591,100,290,2.670778722565918,5.01896819966582,8.689660757568884,855,366
2641,100,154,17.935128484024908,17.935128484024908,17.935128484024908,846,328
2659,100,2318,8.70136394870949,10.45720344138384,12.584788262256044,850,338
2667,100,1410,7.280921789544282,8.691928454601141,10.762839628250715,840,328
2674,100,1100,6.874516652539955,7.19665682251058,7.518796992481203,854,330
2696,100,1080,2.7305335268991127,7.929104733096303,11.545262834113267,841,346
2797,20,5130,14.603730696435463,18.531750186478213,21.120703230202153,811,332
2803,20,5390,8.893228107545623,12.624818712864514,16.356409318183402,825,326
2829,20,7144,14.689497662407378,15.8113699677249,16.933242273042424,831,328
2848,100,360,24.578072191550362,24.578072191550362,24.578072191550362,846,334
2928,100,770,12.30558690740927,12.30558690740927,12.30558690740927,822,332
2934,100,832,6.453627877894652,7.7537291941324,9.053830510370148,801,335
2944,100,448,6.201736729460423,6.345681512562675,6.506193884176968,809,368
2962,20,285,0.6993006993006993,2.7862623405612723,7.650671758471886,771,332
2999,20,126,1.5746957588026689,3.8357349016486233,10.930932902440079,825,366
3049,100,390,1.5971914124998499,7.165531913856037,12.408759124087592,773,364
3093,100,510,2.6127183155536153,5.891206930036418,8.258181386120263,832,368
3121,100,1088,4.166666666666666,5.713607755241276,7.756295408837673,769,362
3170,100,390,0.7194244604316548,2.9950382877286805,6.699903266527962,780,352
3172,20,20,3.953488372093023,6.204080993089665,11.27085729788809,770,346
3217,100,760,0.9555497043061454,2.448343534803786,5.758755534498964,854,340
3220,100,434,1.5315534092464314,3.6101696005641974,6.971475307473003,861,361
3227,100,220,1.510856741553912,2.832539073687237,7.180219742846004,841,352
3245,100,638,1.6203391141302825,3.050977664873483,4.159451654038515,841,359
3404,20,5325,6.168463386206317,11.537064725093172,15.605697954336273,774,336
3424,20,3844,10.948905109489052,10.948905109489052,10.948905109489052,856,329
3428,100,3520,6.470258128504357,9.494807891977075,13.760514115362518,819,331
3431,100,1840,10.182238868026374,10.904983932620226,11.627728997214076,849,331
3460,20,2352,14.9071198499986,14.9071198499986,14.9071198499986,862,327
3505,20,756,4.3617622898874195,6.115281210929044,9.3507194672699,830,324
3521,20,3528,5.3814198141253575,11.818690110607438,15.116175113262683,842,351
3524,20,2850,5.758755534498964,13.31944025116123,20.880124967823498,830,326
3531,20,2479,5.813567256384663,8.98880467079002,11.86667186849657,861,359
3538,20,1376,6.528665627736613,7.77403037144123,9.7136993817325,853,330
3544,20,4420,10.945787302446524,10.945787302446524,10.945787302446524,863,329
3553,20,756,5.126837950197547,5.857458204440835,6.588078458684124,808,328
3559,20,7383,3.901278792753366,5.999339693580303,7.726181304565692,853,362
3563,20,2652,4.422765958277454,4.470152736401856,4.5175395145262565,853,324
3567,20,1020,7.683306075363433,7.683306075363433,7.683306075363433,860,339
3569,20,3008,0.7042253521126761,6.4442782050288345,9.380147345615322,804,347
3570,20,624,6.211299937499416,6.743589031760913,7.584739164978174,858,340
3576,20,2280,1.024792436502243,5.2459712309624615,10.674361903827794,827,361
3585,20,2650,12.422146155979888,15.308187628219713,16.541707503107236,857,371
3591,20,988,4.969039949999533,5.8007144219512785,6.55137578615042,858,358
3592,20,1242,7.76412492187427,9.952083794248859,14.273706959124787,856,340
3596,20,200,7.006917120074195,7.206922639528825,7.406928158983455,847,326
3635,20,800,0.9620500424306769,4.508584477671004,12.488135884820286,835,354
3656,100,377,2.1808811449437098,3.1449591067057803,4.308131845707603,788,326
3666,100,576,2.211382979138727,3.4788589442735365,5.0870991452269605,848,362
3685,100,363,0.6369426751592357,2.475754136710802,5.47897345745605,836,347
3758,100,336,2.8852490032255353,7.260906507958424,33.557046979865774,768,377
3772,100,264,4.6164637374720865,6.552899868962056,8.489336000452026,800,325
3798,100,455,2.0408163265306123,5.848153438616496,17.953830476275684,831,353
3812,20,44,1.89873417721519,3.216507086983968,4.327873504838302,791,326
3839,100,703,0.6993006993006993,3.2418420266466828,7.230126346130136,834,342
3866,100,656,0.6944444444444444,2.604329692014511,6.188723213699731,780,360
3980,100,756,0.6993006993006993,5.016496207796484,9.679332283124802,857,352
4082,20,2268,4.106304151299508,6.9540729044607525,9.801841657621997,832,331
4140,100,2560,12.995980886689676,12.995980886689676,12.995980886689676,853,324
4163,100,1485,4.541222863427552,5.792146569825409,8.05314076722322,853,330
4177,100,1224,4.135426875776809,6.892307490190163,10.923426120149166,814,326
4195,20,2360,15.422584068261253,15.422584068261253,15.422584068261253,860,330
4212,20,646,19.083154676700296,19.083154676700296,19.083154676700296,840,333
4234,20,624,13.327557481786826,13.327557481786826,13.327557481786826,824,335
4280,100,4176,0.7142857142857143,3.7861781330035127,9.053830510370148,772,348
4287,100,420,2.209708691207961,4.831602084581769,6.909818886568457,845,329
4295,20,247,1.4084507042253522,4.953943359376321,8.596165926573029,799,340
4298,100,350,0.6622516556291391,2.4664262441658384,5.673758865248227,802,327
4305,20,160,20.640771173043778,20.640771173043778,20.640771173043778,850,334
4396,100,35,1.2658227848101267,1.4459195224863644,1.6260162601626018,797,338
4400,20,160,1.9110994086122908,7.776052295304645,21.616667594508044,819,359
4405,100,738,1.5858638138296381,5.293699524340713,8.136340315676408,786,366
4428,100,280,2.0401791355925027,14.579877510244176,37.968110111557934,776,354
4473,20,221,2.9450754468697578,2.9450754468697578,2.9450754468697578,773,335
4525,100,684,5.677646301618696,5.677646301618696,5.677646301618696,799,377
4550,100,135,0.7503583817113388,1.8417661914802423,2.86326779556782,784,369
4572,100,828,2.2587697572631282,3.2488690366557105,4.07967030843523,817,372
4579,100,782,1.5315534092464314,3.215126734429609,4.3514566379442545,809,327
4608,20,476,2.0408163265306123,4.305251383283469,9.775762194553968,836,352
4623,20,408,2.9039843863633634,4.999391581653786,7.4074074074074066,845,361
4736,100,2530,5.677646301618696,6.823744612224665,7.503583817113389,838,334
