57,20,8136,4.9524557069935495,5.08894616905039,5.225436631107231,126,150
65,20,9636,4.344830378784442,10.228031311940208,18.30985915492958,115,148
69,20,8547,6.4926369417555545,8.549446504213519,10.825771292534572,119,144
88,20,306,9.15492957746479,9.366714967864592,9.578500358264396,117,149
91,20,1530,6.776309271789384,7.551502228693724,8.185104832671067,114,155
93,20,1584,6.728250340783785,8.591378002623337,11.377108747467261,109,164
94,20,2700,8.029404402106605,8.416529421276728,9.035079029052513,115,155
98,20,1479,7.638531641325537,7.638531641325537,7.638531641325537,112,145
101,20,2907,6.839484584580628,7.65500191742253,8.449682499017182,139,148
103,20,1664,6.680868296130379,8.308383399574609,10.326397006071657,131,159
110,20,1566,7.352328527401797,8.43763688709216,9.329835009878556,139,159
114,20,1595,6.4926369417555545,7.291046505609566,8.185104832671067,133,157
135,20,1221,10.015420209622192,10.015420209622192,10.015420209622192,115,144
140,20,1152,8.32993127835043,8.580913389128902,8.831895499907377,121,147
171,20,1122,9.18197521859528,10.812602147887214,13.099348758970617,131,144
188,20,1110,13.57796352373958,13.57796352373958,13.57796352373958,125,145
223,20,1295,9.715336077668175,10.464543322820575,11.213750567972976,131,144
228,20,840,10.156482466095744,10.156482466095744,10.156482466095744,116,146
235,20,1120,9.247095610216524,10.113613187345031,10.98013076447354,122,144
254,20,1440,6.643648684546903,7.308451702759948,7.973254720972993,124,146
257,20,1188,14.184397163120568,14.184397163120568,14.184397163120568,119,149
287,20,1120,14.084507042253522,14.084507042253522,14.084507042253522,120,149
301,20,7590,6.839484584580628,8.72905255918978,10.618620533798932,124,145
322,20,8424,7.30091364259479,7.834967694604681,9.15492957746479,131,152
332,20,8142,7.457361792078965,7.886547226349324,8.50918730534829,120,147
335,100,1794,12.820149284749371,12.820149284749371,12.820149284749371,116,151
341,20,7840,4.225352112676056,7.335822779154135,9.852797155638159,126,149
352,20,8614,6.254735601398013,7.9406339941164745,8.971000454378382,116,144
372,20,7866,6.2987830352106755,7.647284930676533,10.008922819402743,124,147
403,20,374,6.825059698205135,7.178379364581241,7.5316990309573475,120,145
405,20,6272,6.016904045998261,7.692388001794537,9.810047105975245,118,159
408,20,5696,2.925959094565024,4.9997172228951445,6.314756477597867,138,144
413,20,3375,7.389883353033021,9.553770579404953,11.825962754115556,139,159
417,20,3864,8.270853751553618,8.704489911436513,9.138126071319407,122,162
423,20,1815,7.149743153463195,7.608517454566699,8.144110179279556,136,159
429,20,4526,4.253680091117635,5.9480551899371825,7.051801466429453,131,152
439,20,3128,6.680868296130379,7.7131749070355164,8.58980338670346,133,148
443,20,1392,8.12826382688863,9.788855196994655,11.45307118227128,119,166
446,20,1508,6.410022284125093,7.950097944522222,9.667872510236473,108,156
453,20,1292,6.944444444444445,7.747871527714676,8.596165926573029,133,144
466,100,2576,10.24792436502243,10.24792436502243,10.24792436502243,113,150
476,20,4453,9.279890199178041,9.989431178977139,10.698972158776238,120,145
514,20,1376,8.569536151485513,13.24809347106519,17.926650790644867,120,150
521,20,1120,14.084507042253522,14.084507042253522,14.084507042253522,111,152
532,20,1224,12.432935432634446,12.432935432634446,12.432935432634446,110,152
536,20,960,10.151907431108496,10.151907431108496,10.151907431108496,122,149
546,20,1085,11.720645758516365,11.720645758516365,11.720645758516365,115,147
596,20,1365,12.406280627330425,12.406280627330425,12.406280627330425,115,145
602,20,1248,14.350794514955043,14.350794514955043,14.350794514955043,115,149
634,20,868,11.541159343680215,11.541159343680215,11.541159343680215,117,144
640,20,1110,14.350794514955043,14.350794514955043,14.350794514955043,110,145
672,20,7475,7.149743153463195,7.696244784731466,8.242746415999736,126,145
679,20,8658,6.358306522270957,7.489615199728365,8.571428571428571,134,152
692,20,7605,5.055631867555915,6.3684432408217555,8.886499351873525,125,145
703,20,9417,3.597122302158273,6.818944710422352,10.856066221160857,136,152
725,20,8280,6.887313148109163,7.869394502502554,9.027777777777777,118,146
749,20,928,6.597189602836785,7.146871351670864,7.818419501747517,136,148
768,20,8395,6.0595771243386745,6.435450207222153,6.680868296130379,120,144
771,20,8954,5.275441948753999,6.901982303172858,8.50918730534829,116,147
777,20,7590,7.136853479562394,8.366513983530833,10.253349347384304,111,146
785,20,7866,6.538684012264459,7.807633676277772,9.352517985611511,126,148
797,20,8330,6.728250340783785,7.899512022888342,10.08297257977208,119,144
812,20,1254,5.423784497157399,6.591191027529992,7.486018177982149,134,147
816,20,483,9.972753272987012,9.972753272987012,9.972753272987012,140,164
819,20,1260,7.69309258162072,8.902178158366276,10.11126373511183,129,166
823,20,1421,6.0595771243386745,6.0595771243386745,6.0595771243386745,115,144
831,20,1984,6.016904045998261,6.520622025530125,7.460601551439856,123,163
834,20,3770,7.4278135270820735,9.023217030440502,10.618620533798932,116,149
837,20,418,7.973254720972993,8.688121914250372,9.380324488783065,125,163
839,20,1767,7.756295408837673,8.46115880611214,9.166022203386607,142,161
844,20,1935,6.538684012264459,6.538684012264459,6.538684012264459,113,146
846,20,1624,7.584739164978174,8.016510228529517,8.44828129208086,140,162
850,20,1508,5.84837677392576,6.429193822046255,7.30091364259479,123,164
851,20,1161,6.680868296130379,6.680868296130379,6.680868296130379,109,144
852,20,1680,5.974827793928343,7.2226999082229355,8.75583041564824,115,167
855,20,1705,6.887313148109163,7.7966708778149645,8.971000454378382,137,157
879,100,1330,6.10093990570399,7.891160976678904,9.44546563106628,137,145
963,20,1344,11.632070543870018,11.632070543870018,11.632070543870018,108,150
985,20,1120,13.78056426932769,13.78056426932769,13.78056426932769,124,145
992,20,1254,13.007744921495298,13.007744921495298,13.007744921495298,114,152
1002,20,1155,10.156482466095744,11.674367203877047,13.19225194165835,129,145
1017,20,7548,4.4159477499536886,5.983218579985543,8.219759165710594,126,146
1023,20,7956,4.4539121974202525,5.662539999547436,7.142857142857142,108,144
1047,20,1332,8.536052878135456,8.536052878135456,8.536052878135456,117,149
1075,20,8092,4.392052305789416,5.553646452053196,7.349893881937391,124,148
1079,20,8190,6.588078458684124,7.2463047246965715,9.017198487757144,114,144
1083,20,7840,4.422765958277454,7.415751717395139,9.515182882977829,114,144
1102,20,1566,7.5316990309573475,9.019776276459787,11.213750567972976,110,164
1106,20,1650,11.37509949700856,11.37509949700856,11.37509949700856,112,144
1109,20,1767,7.404472701355,8.525452843136877,9.646432984918754,125,165
1112,20,3038,8.301205610439451,8.973819297679103,9.646432984918754,124,147
1117,20,1740,7.457361792078965,7.457361792078965,7.457361792078965,142,166
1118,100,3468,6.2987830352106755,6.9441224846824925,8.086350532617999,124,154
1126,20,3760,6.388765649999399,7.9927804867817445,9.44546563106628,127,150
1130,20,3876,6.588078458684124,7.912842709246956,9.598319470594486,112,158
1131,20,1400,9.117765601682027,9.132542970435907,9.147320339189784,126,145
1134,20,1596,5.974827793928343,6.898974423507715,8.242746415999736,122,164
1147,20,1120,7.973254720972993,8.495869781213855,9.018484841454717,123,146
1155,20,1258,8.540137999143473,9.93106116865107,11.321984338158666,129,150
1173,20,1332,8.596165926573029,8.626648784468678,8.657131642364329,127,148
1232,20,1292,13.527727262182074,13.527727262182074,13.527727262182074,121,153
1242,20,187,10.825771292534572,10.825771292534572,10.825771292534572,118,144
1298,20,7370,7.929319069148192,8.378520187020122,8.949974347244048,111,144
1303,20,2301,6.289320754704403,7.476254491483506,8.391004148329564,116,148
1305,20,2496,6.734350297014738,6.734350297014738,6.734350297014738,110,148
1311,100,1599,7.194244604316546,8.319855117691414,9.44546563106628,125,149
1344,20,8073,5.302281287447043,6.219998652006048,7.584739164978174,124,146
1346,20,7840,5.637942481327657,7.0463860492509305,7.973254720972993,113,146
1362,20,3233,7.034898429854359,7.600334123319386,8.242746415999736,139,145
1365,20,3596,6.4926369417555545,6.978378881197425,7.30091364259479,139,146
1368,20,1566,7.352328527401797,7.860221185143598,8.58980338670346,127,156
1372,20,1798,6.680868296130379,7.237607320807911,8.907824394840505,108,165
1377,20,1650,6.538684012264459,7.25547865381764,8.242746415999736,117,165
1381,20,1770,7.929319069148192,7.929319069148192,7.929319069148192,139,167
1384,20,1740,7.917884896521792,8.689728976015251,9.316075690914689,127,161
1386,20,1421,7.30091364259479,8.23406628354703,9.100079597606847,137,153
1387,20,3420,8.628031957869815,10.086647395991541,11.545262834113267,133,160
1395,20,1332,6.55137578615042,7.2266599466317265,8.086350532617999,127,146
1399,20,1287,7.809420719857109,9.379162914673081,10.948905109489052,128,149
1411,20,1056,7.973254720972993,8.28471032377301,8.596165926573029,116,152
1413,20,1400,6.597189602836785,7.982638891083025,10.156482466095744,128,147
1420,20,1024,7.973254720972993,8.464336617432544,8.955418513892095,118,149
1439,20,1088,7.809420719857109,9.78841012679391,11.627728997214076,128,147
1454,20,1184,11.720645758516365,11.720645758516365,11.720645758516365,115,146
1480,20,992,9.213128399183955,12.27474654015765,15.336364681131348,128,151
1485,20,1088,13.720980508784674,14.292151699636914,14.863322890489153,132,146
1496,20,1312,11.469384242557151,11.469384242557151,11.469384242557151,113,148
1517,20,1258,9.646432984918754,10.257999101155029,10.869565217391305,126,149
1550,20,7956,6.874516652539955,7.511468882127296,8.333135154203152,118,146
1562,20,7752,6.792315725376623,8.140683410133565,9.48905109489051,129,147
1576,20,7638,10.469062498111624,10.745966404865154,11.022870311618682,124,144
1600,20,8418,8.185104832671067,8.567539589957558,8.949974347244048,128,146
1606,20,8190,6.343455255318553,7.587684922893495,9.219858156028367,126,148
1618,20,7548,7.873478794013344,8.909551496218173,10.825771292534572,118,147
1619,20,7772,6.63414893741618,7.081691379887628,7.404472701355,113,146
1620,20,7705,6.254735601398013,6.914100345332041,8.144110179279556,123,145
1630,20,1650,6.016904045998261,6.607968053599003,7.30091364259479,141,145
1635,20,4455,3.4965034965034967,6.729321505419084,10.469062498111624,133,147
1644,20,1595,6.887313148109163,6.887313148109163,6.887313148109163,116,146
1647,20,1595,5.8071910219967044,5.8071910219967044,5.8071910219967044,115,145
1650,20,3500,5.5186761636694985,7.274960528579849,8.845531916554908,123,156
1651,20,1824,2.486587086526889,3.910245000137835,6.108304630544683,130,144
1654,20,1566,3.6142045685466466,5.632519121474275,7.565439499210544,111,151
1662,20,3304,4.25531914893617,5.940406170595213,8.242746415999736,136,152
1663,20,4104,6.016904045998261,6.480027658164415,7.30091364259479,134,146
1668,20,1377,5.598790102985104,5.766063018616695,5.933335934248285,110,146
1671,20,154,4.422765958277454,5.282690112311876,6.680868296130379,141,147
1672,20,3551,6.588078458684124,6.8581853078340345,7.352328527401797,119,167
1673,20,1170,2.8169014084507045,3.877790653144843,5.275441948753999,113,153
1694,20,1122,2.8474098571270368,6.136778603400623,8.718968296952646,132,150
1699,100,1190,6.289320754704403,8.517546744367898,10.085458113185984,126,149
1700,20,957,7.408667004378061,7.770744715118342,8.132822425858622,115,154
1704,20,812,8.360654531324453,8.403199210473849,8.445743889623245,125,146
1714,20,1665,8.144110179279556,9.139622657207346,10.135135135135135,124,145
1717,20,2436,5.423784497157399,5.423784497157399,5.423784497157399,108,145
1732,20,1120,9.715336077668175,9.715336077668175,9.715336077668175,113,149
1769,20,1085,12.318912453898522,12.318912453898522,12.318912453898522,110,151
1781,20,2262,8.955418513892095,8.955418513892095,8.955418513892095,109,146
1834,20,7119,3.3783783783783785,6.476319420064281,9.369711585684087,127,145
1839,20,7776,4.6584749531245615,7.012766858292456,10.661912325087169,140,147
1859,20,8364,9.942931293941912,9.942931293941912,9.942931293941912,131,146
1866,20,7659,6.985005533188726,6.994417780535519,7.003830027882313,134,148
1906,20,357,6.935815353377538,8.450868438567293,10.543311168310996,136,144
1909,20,1122,8.50736018223527,8.50736018223527,8.50736018223527,108,147
1913,20,1652,5.090985936559803,6.459709939113046,7.352328527401797,116,158
1916,20,728,8.77256516088864,8.77256516088864,8.77256516088864,114,145
1920,20,1624,6.680868296130379,7.160568263115495,7.5316990309573475,139,158
1925,20,1736,6.241337487174433,7.932417261471747,9.582659576267817,138,158
1930,20,264,5.1631985030358285,5.962219718585503,7.861554462970079,122,159
1936,20,1512,4.392052305789416,6.049164000205731,8.144110179279556,113,163
1937,20,4270,6.63414893741618,8.275536070918264,9.511517838276534,111,166
1947,20,1512,5.687042242231255,6.280779447385605,6.874516652539955,114,149
1950,20,1296,7.131495823206692,7.348467661208618,7.565439499210544,112,147
1965,100,2436,6.1445180478875905,6.1445180478875905,6.1445180478875905,110,147
1969,20,1152,6.0579755401708635,6.8479226535903726,7.592961294810465,133,144
1984,20,924,5.007710104811096,5.820120996468652,7.301865348217731,125,145
1989,20,2016,6.10093990570399,6.10093990570399,6.10093990570399,109,144
1990,100,912,5.539184167309684,5.539184167309684,5.539184167309684,110,159
1998,20,1020,6.896551724137931,6.896551724137931,6.896551724137931,111,145
2032,20,896,11.13478049355063,11.13478049355063,11.13478049355063,115,149
2049,20,1024,8.41831421774738,8.998407288005888,9.578500358264396,123,145
2061,20,322,5.423784497157399,5.423784497157399,5.423784497157399,143,164
2093,20,1184,2.987775131774144,2.987775131774144,2.987775131774144,139,165
2096,20,7194,4.422765958277454,5.445173844329929,7.511011876914066,118,145
2104,20,6615,2.142857142857143,4.564793192806521,7.199741357333567,122,145
2122,20,7392,6.343455255318553,7.500293448841441,8.657131642364329,126,146
2151,20,7140,6.0595771243386745,6.9313455093289305,8.391004148329564,119,144
2162,20,6832,4.4539121974202525,5.719458865304489,6.985005533188726,129,146
2202,20,1540,6.680868296130379,7.305963086649123,8.301205610439451,126,146
2206,20,2220,6.728250340783785,9.880692916850007,14.704657054803594,142,153
2208,20,2128,6.016904045998261,6.016904045998261,6.016904045998261,110,146
2209,20,714,4.485500227189191,5.230164010558767,5.974827793928343,137,165
2210,20,3420,5.32571545864609,7.003005230789382,9.529760045804526,139,147
2211,20,1767,7.5316990309573475,8.249577010182428,9.578500358264396,134,146
2213,20,1736,4.4539121974202525,6.469703825613429,8.50918730534829,120,151
2215,20,2184,2.9035955109983522,3.6807098890294085,4.422765958277454,127,144
2218,20,1188,0.7142857142857143,2.1360879098744516,3.1493915176053378,113,160
